1000 3031 909 281.598678 7551 1 10000
1000 3031 1212 243.050784 9146 1 10000
1000 3031 1515 234.605016 9907 1 10000
1000 3209 962 316.874666 8240 1 10000
1000 3209 1283 283.835906 8695 1 10000
1000 3209 1604 247.354740 9814 1 10000
1000 3354 1006 296.432415 7935 1 10000
1000 3354 1341 278.923553 8912 1 10000
1000 3354 1677 253.638640 10444 1 10000
1000 3031 909 282.017823 7923 1 10000
1000 3031 1212 262.105621 9355 1 10000
1000 3031 1515 274.273586 9144 1 10000
1000 3209 962 271.697628 8333 1 10000
1000 3209 1283 281.711669 8517 1 10000
1000 3209 1604 248.189478 9994 1 10000
1000 3354 1006 317.108694 7713 1 10000
1000 3354 1341 274.632734 9101 1 10000
1000 3354 1677 257.953168 10517 1 10000
1000 3031 909 295.221223 8054 1 10000
1000 3031 1212 292.396091 8179 1 10000
1000 3031 1515 254.942837 9806 1 10000
1000 3209 962 317.539237 7913 1 10000
1000 3209 1283 293.018009 9041 1 10000
1000 3209 1604 250.683971 9924 1 10000
1000 3354 1006 307.333562 8163 1 10000
1000 3354 1341 295.865469 8648 1 10000
1000 3354 1677 269.333755 9878 1 10000
