1000 3031 909 281.698100 7559 1 10000
1000 3031 1212 243.280990 9054 1 10000
1000 3031 1515 234.507673 10044 1 10000
1000 3209 962 317.049613 8181 1 10000
1000 3209 1283 283.773794 8528 1 10000
1000 3209 1604 247.650900 9830 1 10000
1000 3354 1006 297.013308 7926 1 10000
1000 3354 1341 278.850400 9086 1 10000
1000 3354 1677 253.709426 10376 1 10000
1000 3031 909 281.648696 8048 1 10000
1000 3031 1212 262.504166 9170 1 10000
1000 3031 1515 274.496209 9144 1 10000
1000 3209 962 272.251453 8426 1 10000
1000 3209 1283 281.757136 8619 1 10000
1000 3209 1604 248.087720 10153 1 10000
1000 3354 1006 316.720616 7726 1 10000
1000 3354 1341 274.717804 9095 1 10000
1000 3354 1677 257.859970 10402 1 10000
1000 3031 909 295.008199 8148 1 10000
1000 3031 1212 292.221395 8181 1 10000
1000 3031 1515 255.235903 10037 1 10000
1000 3209 962 317.994118 7902 1 10000
1000 3209 1283 293.105042 9041 1 10000
1000 3209 1604 250.701171 10089 1 10000
1000 3354 1006 306.917615 8131 1 10000
1000 3354 1341 295.959778 8632 1 10000
1000 3354 1677 269.454942 9766 1 10000
