1000 3031 909 281.390922 7640 1 10000
1000 3031 1212 242.875850 8999 1 10000
1000 3031 1515 234.488981 9893 1 10000
1000 3209 962 316.398127 8291 1 10000
1000 3209 1283 284.155518 8524 1 10000
1000 3209 1604 247.462008 10012 1 10000
1000 3354 1006 296.582749 8037 1 10000
1000 3354 1341 279.175023 8996 1 10000
1000 3354 1677 253.438958 10299 1 10000
1000 3031 909 281.857006 7881 1 10000
1000 3031 1212 262.043881 9408 1 10000
1000 3031 1515 274.275120 8994 1 10000
1000 3209 962 271.627061 8308 1 10000
1000 3209 1283 281.474221 8517 1 10000
1000 3209 1604 248.073393 9892 1 10000
1000 3354 1006 317.023038 7686 1 10000
1000 3354 1341 274.339448 9315 1 10000
1000 3354 1677 257.995477 10388 1 10000
1000 3031 909 294.597990 8115 1 10000
1000 3031 1212 292.225991 8193 1 10000
1000 3031 1515 254.884266 9975 1 10000
1000 3209 962 317.636788 8058 1 10000
1000 3209 1283 292.760234 8835 1 10000
1000 3209 1604 250.678434 9849 1 10000
1000 3354 1006 306.625520 8343 1 10000
1000 3354 1341 295.846605 8623 1 10000
1000 3354 1677 268.993233 10050 1 10000
