100 185 55 0.136411 1744 0 100
100 185 55 0.117392 1714 0 100
100 185 55 0.113947 1678 0 100
200 442 132 0.281947 4207 0 100
200 442 132 0.282808 4304 0 100
200 442 132 0.273110 4219 0 100
300 726 217 0.620212 7156 0 100
300 726 217 0.616728 7185 0 100
300 726 217 0.623933 7220 0 100
400 1026 307 1.147284 10749 0 100
400 1026 307 1.165763 10960 0 100
400 1026 307 1.185654 10798 0 100
500 1340 402 1.950576 13963 0 100
500 1340 402 1.901325 14539 0 100
500 1340 402 1.932022 14471 0 100
600 1663 498 2.873031 17939 0 100
600 1663 498 2.939533 18264 0 100
600 1663 498 2.906499 18070 0 100
700 1995 598 4.015769 21912 0 100
700 1995 598 4.053302 22643 0 100
700 1995 598 4.016278 21993 0 100
800 2334 700 5.366810 26306 0 100
800 2334 700 5.689441 26417 0 100
800 2334 700 5.566085 26141 0 100
900 2680 804 7.009864 29996 0 100
900 2680 804 7.187015 30388 0 100
900 2680 804 7.366083 29355 0 100
1000 3031 909 9.313864 33989 0 100
1000 3031 909 9.408965 34535 0 100
1000 3031 909 9.041335 34594 0 100
2000 6760 2028 45.310685 78097 0 100
2000 6760 2028 46.345186 76873 0 100
2000 6760 2028 44.437614 77725 0 100
5000 19200 5760 323.648542 218200 0 100
5000 19200 5760 336.856377 213022 0 100
5000 19200 5760 335.562665 216623 0 100
9000 37211 11163 1130.285142 409212 0 100
9000 37211 11163 1220.583083 406647 0 100
9000 37211 11163 1200.476569 409505 0 100
