100 185 55 0.135895 1703 0 100
100 185 55 0.117332 1792 0 100
100 185 55 0.113949 1637 0 100
200 442 132 0.282109 4203 0 100
200 442 132 0.283221 4377 0 100
200 442 132 0.273716 4334 0 100
300 726 217 0.620296 7344 0 100
300 726 217 0.616514 7187 0 100
300 726 217 0.625293 7417 0 100
400 1026 307 1.146744 10964 0 100
400 1026 307 1.179851 11035 0 100
400 1026 307 1.194757 11060 0 100
500 1340 402 1.966437 14476 0 100
500 1340 402 1.899690 14468 0 100
500 1340 402 1.932098 14148 0 100
600 1663 498 2.884193 17700 0 100
600 1663 498 2.952752 18206 0 100
600 1663 498 2.913558 18313 0 100
700 1995 598 4.019854 22329 0 100
700 1995 598 4.046766 21994 0 100
700 1995 598 4.003929 22258 0 100
800 2334 700 5.358747 26341 0 100
800 2334 700 5.698101 26573 0 100
800 2334 700 5.565714 26020 0 100
900 2680 804 7.013476 30034 0 100
900 2680 804 7.173097 29821 0 100
900 2680 804 7.433983 30082 0 100
1000 3031 909 9.274297 34817 0 100
1000 3031 909 9.461623 33889 0 100
1000 3031 909 9.030389 34582 0 100
2000 6760 2028 45.281790 78663 0 100
2000 6760 2028 46.782614 78029 0 100
2000 6760 2028 44.590230 78580 0 100
5000 19200 5760 324.397408 217935 0 100
5000 19200 5760 336.820614 213022 0 100
5000 19200 5760 335.559043 218196 0 100
9000 37211 11163 1129.173193 409673 0 100
9000 37211 11163 1219.201947 409975 0 100
9000 37211 11163 1195.023024 411656 0 100
