100 185 55 0.137707 1686 0 100
100 185 55 0.118658 1713 0 100
100 185 55 0.115054 1601 0 100
200 442 132 0.280326 4403 0 100
200 442 132 0.281355 4449 0 100
200 442 132 0.273475 4336 0 100
300 726 217 0.612569 7162 0 100
300 726 217 0.610091 6816 0 100
300 726 217 0.616924 7332 0 100
400 1026 307 1.136512 11015 0 100
400 1026 307 1.152965 10716 0 100
400 1026 307 1.166037 11191 0 100
500 1340 402 1.918643 14476 0 100
500 1340 402 1.867259 14436 0 100
500 1340 402 1.898541 14398 0 100
600 1663 498 2.827176 17333 0 100
600 1663 498 2.885173 17852 0 100
600 1663 498 2.844419 17675 0 100
700 1995 598 3.935488 22462 0 100
700 1995 598 3.959481 22282 0 100
700 1995 598 3.926034 21619 0 100
800 2334 700 5.249504 25880 0 100
800 2334 700 5.580966 25916 0 100
800 2334 700 5.437565 26673 0 100
900 2680 804 6.880351 30182 0 100
900 2680 804 7.013379 30392 0 100
900 2680 804 7.197760 30082 0 100
1000 3031 909 9.026830 34817 0 100
1000 3031 909 9.156240 34756 0 100
1000 3031 909 8.802795 33761 0 100
2000 6760 2028 43.939842 77229 0 100
2000 6760 2028 45.207748 78029 0 100
2000 6760 2028 43.269411 78574 0 100
5000 19200 5760 314.021980 217179 0 100
5000 19200 5760 325.849598 210195 0 100
5000 19200 5760 324.333946 218186 0 100
9000 37211 11163 1102.609351 409906 0 100
9000 37211 11163 1178.262222 411117 0 100
9000 37211 11163 1157.996429 408550 0 100
