100 185 55 0.001014
100 185 55 0.000964
100 185 55 0.000922
100 185 55 0.000863
100 185 55 0.000819
100 185 55 0.000735
100 185 55 0.000705
100 185 55 0.000675
100 185 55 0.000694
100 185 55 0.000671
100 185 55 0.000621
100 185 55 0.000669
100 185 55 0.000680
100 185 55 0.000732
100 185 55 0.000731
100 185 55 0.000691
100 185 55 0.000672
100 185 55 0.000589
100 185 55 0.000619
100 185 55 0.000673
100 185 55 0.000675
100 185 55 0.000662
100 185 55 0.000698
100 185 55 0.000652
100 185 55 0.000601
100 185 55 0.000566
100 185 55 0.000610
100 185 55 0.000643
100 185 55 0.000605
100 185 55 0.000642
100 185 55 0.000619
100 185 55 0.000578
100 185 55 0.000562
100 185 55 0.000569
100 185 55 0.000624
100 185 55 0.000590
100 185 55 0.000536
100 185 55 0.000503
100 185 55 0.000501
100 185 55 0.000513
100 185 55 0.000559
100 185 55 0.000607
100 185 55 0.000612
100 185 55 0.000682
100 185 55 0.000706
100 185 55 0.000689
100 185 55 0.000663
100 185 55 0.000619
100 185 55 0.000532
100 185 55 0.000454
100 185 55 0.000518
100 185 55 0.000605
100 185 55 0.000659
100 185 55 0.000638
100 185 55 0.000553
100 185 55 0.000552
100 185 55 0.000498
100 185 55 0.000590
100 185 55 0.000529
100 185 55 0.000507
100 185 55 0.000527
100 185 55 0.000549
100 185 55 0.000570
100 185 55 0.000586
100 185 55 0.000579
100 185 55 0.000647
100 185 55 0.000537
100 185 55 0.000441
100 185 55 0.000388
100 185 55 0.000401
100 185 55 0.000421
100 185 55 0.000496
100 185 55 0.000403
100 185 55 0.000436
100 185 55 0.000468
100 185 55 0.000471
100 185 55 0.000385
100 185 55 0.000394
100 185 55 0.000402
100 185 55 0.000441
100 185 55 0.000471
100 185 55 0.000478
100 185 55 0.000415
100 185 55 0.000421
100 185 55 0.000417
100 185 55 0.000437
100 185 55 0.000489
100 185 55 0.000479
100 185 55 0.000457
100 185 55 0.000465
100 185 55 0.000387
100 185 55 0.000374
100 185 55 0.000383
100 185 55 0.000379
100 185 55 0.000383
100 185 55 0.000403
100 185 55 0.000427
100 185 55 0.000432
100 185 55 0.000423
100 185 55 0.000401
200 442 132 0.005390
200 442 132 0.005180
200 442 132 0.005134
200 442 132 0.005044
200 442 132 0.005042
200 442 132 0.004763
200 442 132 0.004534
200 442 132 0.004556
200 442 132 0.004355
200 442 132 0.004317
200 442 132 0.004235
200 442 132 0.004195
200 442 132 0.003930
200 442 132 0.003545
200 442 132 0.003501
200 442 132 0.003304
200 442 132 0.003612
200 442 132 0.003748
200 442 132 0.003838
200 442 132 0.003694
200 442 132 0.003525
200 442 132 0.003523
200 442 132 0.003679
200 442 132 0.003840
200 442 132 0.003918
200 442 132 0.003806
200 442 132 0.003747
200 442 132 0.003719
200 442 132 0.003872
200 442 132 0.003971
200 442 132 0.004078
200 442 132 0.003998
200 442 132 0.003890
200 442 132 0.003764
200 442 132 0.003745
200 442 132 0.003728
200 442 132 0.003727
200 442 132 0.003679
200 442 132 0.003521
200 442 132 0.003313
200 442 132 0.003281
200 442 132 0.003428
200 442 132 0.003611
200 442 132 0.003616
200 442 132 0.003774
200 442 132 0.003743
200 442 132 0.003701
200 442 132 0.003586
200 442 132 0.003562
200 442 132 0.003516
200 442 132 0.003647
200 442 132 0.003692
200 442 132 0.003807
200 442 132 0.003843
200 442 132 0.003902
200 442 132 0.003916
200 442 132 0.003785
200 442 132 0.003638
200 442 132 0.003627
200 442 132 0.003558
200 442 132 0.003362
200 442 132 0.003149
200 442 132 0.003074
200 442 132 0.002916
200 442 132 0.002950
200 442 132 0.002827
200 442 132 0.002726
200 442 132 0.002902
200 442 132 0.003116
200 442 132 0.003154
200 442 132 0.003178
200 442 132 0.003341
200 442 132 0.003401
200 442 132 0.003462
200 442 132 0.003407
200 442 132 0.003357
200 442 132 0.003393
200 442 132 0.003246
200 442 132 0.002860
200 442 132 0.002866
200 442 132 0.002574
200 442 132 0.002524
200 442 132 0.002670
200 442 132 0.002774
200 442 132 0.002827
200 442 132 0.002966
200 442 132 0.003003
200 442 132 0.003123
200 442 132 0.002817
200 442 132 0.002262
200 442 132 0.002330
200 442 132 0.002589
200 442 132 0.002934
200 442 132 0.002749
200 442 132 0.002724
200 442 132 0.002205
200 442 132 0.002327
200 442 132 0.002457
200 442 132 0.002578
200 442 132 0.002224
300 726 217 0.013625
300 726 217 0.013366
300 726 217 0.013291
300 726 217 0.013176
300 726 217 0.013059
300 726 217 0.012885
300 726 217 0.012585
300 726 217 0.012326
300 726 217 0.011952
300 726 217 0.011708
300 726 217 0.011137
300 726 217 0.011102
300 726 217 0.011302
300 726 217 0.011336
300 726 217 0.011358
300 726 217 0.011481
300 726 217 0.011609
300 726 217 0.011753
300 726 217 0.011827
300 726 217 0.011747
300 726 217 0.011875
300 726 217 0.011869
300 726 217 0.011884
300 726 217 0.011754
300 726 217 0.011837
300 726 217 0.011715
300 726 217 0.011622
300 726 217 0.011426
300 726 217 0.011286
300 726 217 0.011184
300 726 217 0.011217
300 726 217 0.011063
300 726 217 0.010983
300 726 217 0.010901
300 726 217 0.011174
300 726 217 0.011402
300 726 217 0.011326
300 726 217 0.011266
300 726 217 0.011043
300 726 217 0.010655
300 726 217 0.010800
300 726 217 0.010865
300 726 217 0.011036
300 726 217 0.011284
300 726 217 0.011380
300 726 217 0.011489
300 726 217 0.011628
300 726 217 0.011749
300 726 217 0.011607
300 726 217 0.011267
300 726 217 0.012214
300 726 217 0.012778
300 726 217 0.012256
300 726 217 0.011292
300 726 217 0.011663
300 726 217 0.011435
300 726 217 0.010939
300 726 217 0.010410
300 726 217 0.009886
300 726 217 0.009331
300 726 217 0.009201
300 726 217 0.009457
300 726 217 0.009522
300 726 217 0.009624
300 726 217 0.010088
300 726 217 0.010487
300 726 217 0.010840
300 726 217 0.011159
300 726 217 0.011319
300 726 217 0.011317
300 726 217 0.011454
300 726 217 0.011524
300 726 217 0.011437
300 726 217 0.011407
300 726 217 0.011424
300 726 217 0.011455
300 726 217 0.011526
300 726 217 0.011527
300 726 217 0.011533
300 726 217 0.011645
300 726 217 0.011641
300 726 217 0.011830
300 726 217 0.011724
300 726 217 0.011514
300 726 217 0.011640
300 726 217 0.011528
300 726 217 0.011795
300 726 217 0.011708
300 726 217 0.011793
300 726 217 0.011826
300 726 217 0.011933
300 726 217 0.011683
300 726 217 0.011691
300 726 217 0.011568
300 726 217 0.011178
300 726 217 0.010906
300 726 217 0.010059
300 726 217 0.010153
300 726 217 0.009699
300 726 217 0.010743
400 1026 307 0.026458
400 1026 307 0.025832
400 1026 307 0.025805
400 1026 307 0.025698
400 1026 307 0.025658
400 1026 307 0.025377
400 1026 307 0.025151
400 1026 307 0.024973
400 1026 307 0.024815
400 1026 307 0.024646
400 1026 307 0.024788
400 1026 307 0.024517
400 1026 307 0.024224
400 1026 307 0.022846
400 1026 307 0.022138
400 1026 307 0.022332
400 1026 307 0.023048
400 1026 307 0.023286
400 1026 307 0.023321
400 1026 307 0.023221
400 1026 307 0.023129
400 1026 307 0.023267
400 1026 307 0.023333
400 1026 307 0.023284
400 1026 307 0.023232
400 1026 307 0.023356
400 1026 307 0.022989
400 1026 307 0.022406
400 1026 307 0.021695
400 1026 307 0.021086
400 1026 307 0.020771
400 1026 307 0.020864
400 1026 307 0.021531
400 1026 307 0.022005
400 1026 307 0.022265
400 1026 307 0.022661
400 1026 307 0.023082
400 1026 307 0.023358
400 1026 307 0.023648
400 1026 307 0.024141
400 1026 307 0.024055
400 1026 307 0.024004
400 1026 307 0.023995
400 1026 307 0.023958
400 1026 307 0.024020
400 1026 307 0.024105
400 1026 307 0.024052
400 1026 307 0.024092
400 1026 307 0.023910
400 1026 307 0.023752
400 1026 307 0.023928
400 1026 307 0.024054
400 1026 307 0.023979
400 1026 307 0.023764
400 1026 307 0.023821
400 1026 307 0.023726
400 1026 307 0.023512
400 1026 307 0.023494
400 1026 307 0.023403
400 1026 307 0.023000
400 1026 307 0.022145
400 1026 307 0.021252
400 1026 307 0.020902
400 1026 307 0.021246
400 1026 307 0.021816
400 1026 307 0.022373
400 1026 307 0.022344
400 1026 307 0.022140
400 1026 307 0.022300
400 1026 307 0.022383
400 1026 307 0.022032
400 1026 307 0.021943
400 1026 307 0.021973
400 1026 307 0.022185
400 1026 307 0.021863
400 1026 307 0.021343
400 1026 307 0.021254
400 1026 307 0.021556
400 1026 307 0.022069
400 1026 307 0.022734
400 1026 307 0.023360
400 1026 307 0.023662
400 1026 307 0.023475
400 1026 307 0.022827
400 1026 307 0.022556
400 1026 307 0.021877
400 1026 307 0.021973
400 1026 307 0.022226
400 1026 307 0.022587
400 1026 307 0.022823
400 1026 307 0.022706
400 1026 307 0.022418
400 1026 307 0.022036
400 1026 307 0.021539
400 1026 307 0.021852
400 1026 307 0.022194
400 1026 307 0.022171
400 1026 307 0.021755
400 1026 307 0.021417
400 1026 307 0.021515
500 1340 402 0.043981
500 1340 402 0.043311
500 1340 402 0.043272
500 1340 402 0.043205
500 1340 402 0.043068
500 1340 402 0.042825
500 1340 402 0.042565
500 1340 402 0.042227
500 1340 402 0.041619
500 1340 402 0.041013
500 1340 402 0.040501
500 1340 402 0.040360
500 1340 402 0.039921
500 1340 402 0.039449
500 1340 402 0.038652
500 1340 402 0.038759
500 1340 402 0.038840
500 1340 402 0.038921
500 1340 402 0.039074
500 1340 402 0.038713
500 1340 402 0.038923
500 1340 402 0.039073
500 1340 402 0.039749
500 1340 402 0.039788
500 1340 402 0.039473
500 1340 402 0.039508
500 1340 402 0.039254
500 1340 402 0.038650
500 1340 402 0.038080
500 1340 402 0.037679
500 1340 402 0.037975
500 1340 402 0.038480
500 1340 402 0.038930
500 1340 402 0.039013
500 1340 402 0.038706
500 1340 402 0.039787
500 1340 402 0.038553
500 1340 402 0.038634
500 1340 402 0.038889
500 1340 402 0.039050
500 1340 402 0.039339
500 1340 402 0.039502
500 1340 402 0.039521
500 1340 402 0.039682
500 1340 402 0.039963
500 1340 402 0.039918
500 1340 402 0.038748
500 1340 402 0.037649
500 1340 402 0.037127
500 1340 402 0.037527
500 1340 402 0.037840
500 1340 402 0.038195
500 1340 402 0.038258
500 1340 402 0.038129
500 1340 402 0.037909
500 1340 402 0.038163
500 1340 402 0.038266
500 1340 402 0.038484
500 1340 402 0.038325
500 1340 402 0.038187
500 1340 402 0.038171
500 1340 402 0.038150
500 1340 402 0.038373
500 1340 402 0.038629
500 1340 402 0.038773
500 1340 402 0.038667
500 1340 402 0.038784
500 1340 402 0.038732
500 1340 402 0.038762
500 1340 402 0.038816
500 1340 402 0.038965
500 1340 402 0.038880
500 1340 402 0.038396
500 1340 402 0.037213
500 1340 402 0.035693
500 1340 402 0.035404
500 1340 402 0.035755
500 1340 402 0.037169
500 1340 402 0.036643
500 1340 402 0.036698
500 1340 402 0.037051
500 1340 402 0.037274
500 1340 402 0.037620
500 1340 402 0.037626
500 1340 402 0.038052
500 1340 402 0.038588
500 1340 402 0.038702
500 1340 402 0.039005
500 1340 402 0.039148
500 1340 402 0.039291
500 1340 402 0.038611
500 1340 402 0.038307
500 1340 402 0.037796
500 1340 402 0.037821
500 1340 402 0.037988
500 1340 402 0.038257
500 1340 402 0.038149
500 1340 402 0.038057
500 1340 402 0.038261
500 1340 402 0.038111
600 1663 498 0.066311
600 1663 498 0.065706
600 1663 498 0.065720
600 1663 498 0.065511
600 1663 498 0.065035
600 1663 498 0.063191
600 1663 498 0.059609
600 1663 498 0.057286
600 1663 498 0.057317
600 1663 498 0.057775
600 1663 498 0.058049
600 1663 498 0.058722
600 1663 498 0.058876
600 1663 498 0.059219
600 1663 498 0.059859
600 1663 498 0.059556
600 1663 498 0.059992
600 1663 498 0.059891
600 1663 498 0.060320
600 1663 498 0.060545
600 1663 498 0.061102
600 1663 498 0.061558
600 1663 498 0.061579
600 1663 498 0.061601
600 1663 498 0.061556
600 1663 498 0.061543
600 1663 498 0.061344
600 1663 498 0.061544
600 1663 498 0.062225
600 1663 498 0.062300
600 1663 498 0.062392
600 1663 498 0.062618
600 1663 498 0.062782
600 1663 498 0.062859
600 1663 498 0.063106
600 1663 498 0.062908
600 1663 498 0.062713
600 1663 498 0.062441
600 1663 498 0.062504
600 1663 498 0.062358
600 1663 498 0.062323
600 1663 498 0.062130
600 1663 498 0.061853
600 1663 498 0.061949
600 1663 498 0.061476
600 1663 498 0.061304
600 1663 498 0.061200
600 1663 498 0.060754
600 1663 498 0.060739
600 1663 498 0.060929
600 1663 498 0.061364
600 1663 498 0.061389
600 1663 498 0.061600
600 1663 498 0.061619
600 1663 498 0.061425
600 1663 498 0.061162
600 1663 498 0.061277
600 1663 498 0.061328
600 1663 498 0.061195
600 1663 498 0.061155
600 1663 498 0.060488
600 1663 498 0.060105
600 1663 498 0.060227
600 1663 498 0.060522
600 1663 498 0.060654
600 1663 498 0.060297
600 1663 498 0.060237
600 1663 498 0.059567
600 1663 498 0.059222
600 1663 498 0.058751
600 1663 498 0.058906
600 1663 498 0.059547
600 1663 498 0.059889
600 1663 498 0.060552
600 1663 498 0.060989
600 1663 498 0.060113
600 1663 498 0.058611
600 1663 498 0.058196
600 1663 498 0.058505
600 1663 498 0.059196
600 1663 498 0.059558
600 1663 498 0.059784
600 1663 498 0.059870
600 1663 498 0.059368
600 1663 498 0.059170
600 1663 498 0.058983
600 1663 498 0.058755
600 1663 498 0.058445
600 1663 498 0.057995
600 1663 498 0.058035
600 1663 498 0.057729
600 1663 498 0.057506
600 1663 498 0.057477
600 1663 498 0.057561
600 1663 498 0.057873
600 1663 498 0.057873
600 1663 498 0.057677
600 1663 498 0.057694
600 1663 498 0.058181
600 1663 498 0.058415
700 1995 598 0.094333
700 1995 598 0.093557
700 1995 598 0.093524
700 1995 598 0.093317
700 1995 598 0.092930
700 1995 598 0.091898
700 1995 598 0.090091
700 1995 598 0.087538
700 1995 598 0.085634
700 1995 598 0.086016
700 1995 598 0.086295
700 1995 598 0.086624
700 1995 598 0.086793
700 1995 598 0.086862
700 1995 598 0.087182
700 1995 598 0.087176
700 1995 598 0.087337
700 1995 598 0.087677
700 1995 598 0.087822
700 1995 598 0.088095
700 1995 598 0.087308
700 1995 598 0.087392
700 1995 598 0.087316
700 1995 598 0.087462
700 1995 598 0.087591
700 1995 598 0.087735
700 1995 598 0.087789
700 1995 598 0.087769
700 1995 598 0.087582
700 1995 598 0.087493
700 1995 598 0.087077
700 1995 598 0.086886
700 1995 598 0.086540
700 1995 598 0.086150
700 1995 598 0.086186
700 1995 598 0.086159
700 1995 598 0.086307
700 1995 598 0.086440
700 1995 598 0.086674
700 1995 598 0.087029
700 1995 598 0.086398
700 1995 598 0.086220
700 1995 598 0.086107
700 1995 598 0.085969
700 1995 598 0.085749
700 1995 598 0.085297
700 1995 598 0.085351
700 1995 598 0.085366
700 1995 598 0.085698
700 1995 598 0.085853
700 1995 598 0.086080
700 1995 598 0.086127
700 1995 598 0.086365
700 1995 598 0.086697
700 1995 598 0.088246
700 1995 598 0.092608
700 1995 598 0.092636
700 1995 598 0.087147
700 1995 598 0.087054
700 1995 598 0.086883
700 1995 598 0.086772
700 1995 598 0.086906
700 1995 598 0.087183
700 1995 598 0.086915
700 1995 598 0.086478
700 1995 598 0.085347
700 1995 598 0.083897
700 1995 598 0.084166
700 1995 598 0.084195
700 1995 598 0.084736
700 1995 598 0.084846
700 1995 598 0.085110
700 1995 598 0.085546
700 1995 598 0.085892
700 1995 598 0.086077
700 1995 598 0.086089
700 1995 598 0.086062
700 1995 598 0.085563
700 1995 598 0.085070
700 1995 598 0.084975
700 1995 598 0.084738
700 1995 598 0.084804
700 1995 598 0.085113
700 1995 598 0.085104
700 1995 598 0.085272
700 1995 598 0.085216
700 1995 598 0.085011
700 1995 598 0.085028
700 1995 598 0.084765
700 1995 598 0.083924
700 1995 598 0.083420
700 1995 598 0.083368
700 1995 598 0.083204
700 1995 598 0.083261
700 1995 598 0.083958
700 1995 598 0.084534
700 1995 598 0.085175
700 1995 598 0.085644
700 1995 598 0.085759
700 1995 598 0.085419
800 2334 700 0.127498
800 2334 700 0.126642
800 2334 700 0.126660
800 2334 700 0.126511
800 2334 700 0.126329
800 2334 700 0.125609
800 2334 700 0.125180
800 2334 700 0.124365
800 2334 700 0.123887
800 2334 700 0.123212
800 2334 700 0.122320
800 2334 700 0.121434
800 2334 700 0.120766
800 2334 700 0.121092
800 2334 700 0.121538
800 2334 700 0.121162
800 2334 700 0.123288
800 2334 700 0.119364
800 2334 700 0.117717
800 2334 700 0.116823
800 2334 700 0.116860
800 2334 700 0.117237
800 2334 700 0.117711
800 2334 700 0.117654
800 2334 700 0.117390
800 2334 700 0.118150
800 2334 700 0.118318
800 2334 700 0.118773
800 2334 700 0.118689
800 2334 700 0.118862
800 2334 700 0.119111
800 2334 700 0.119883
800 2334 700 0.119910
800 2334 700 0.120178
800 2334 700 0.120264
800 2334 700 0.120196
800 2334 700 0.119689
800 2334 700 0.119475
800 2334 700 0.118807
800 2334 700 0.118488
800 2334 700 0.118390
800 2334 700 0.118587
800 2334 700 0.118177
800 2334 700 0.115592
800 2334 700 0.113050
800 2334 700 0.112228
800 2334 700 0.112714
800 2334 700 0.113664
800 2334 700 0.114485
800 2334 700 0.117957
800 2334 700 0.117870
800 2334 700 0.117085
800 2334 700 0.117195
800 2334 700 0.117309
800 2334 700 0.116986
800 2334 700 0.116463
800 2334 700 0.115942
800 2334 700 0.115074
800 2334 700 0.114718
800 2334 700 0.114374
800 2334 700 0.115263
800 2334 700 0.115797
800 2334 700 0.116410
800 2334 700 0.116942
800 2334 700 0.117349
800 2334 700 0.117453
800 2334 700 0.117786
800 2334 700 0.118083
800 2334 700 0.117838
800 2334 700 0.117686
800 2334 700 0.117392
800 2334 700 0.117076
800 2334 700 0.116530
800 2334 700 0.115410
800 2334 700 0.115192
800 2334 700 0.116098
800 2334 700 0.115988
800 2334 700 0.116140
800 2334 700 0.115642
800 2334 700 0.115355
800 2334 700 0.115613
800 2334 700 0.116340
800 2334 700 0.116790
800 2334 700 0.117128
800 2334 700 0.117220
800 2334 700 0.117834
800 2334 700 0.118202
800 2334 700 0.118385
800 2334 700 0.119073
800 2334 700 0.119514
800 2334 700 0.119824
800 2334 700 0.119972
800 2334 700 0.119876
800 2334 700 0.119640
800 2334 700 0.119605
800 2334 700 0.119220
800 2334 700 0.118971
800 2334 700 0.118442
800 2334 700 0.118142
800 2334 700 0.118371
900 2680 804 0.167239
900 2680 804 0.165660
900 2680 804 0.165587
900 2680 804 0.165450
900 2680 804 0.165430
900 2680 804 0.164246
900 2680 804 0.162834
900 2680 804 0.160480
900 2680 804 0.158296
900 2680 804 0.155908
900 2680 804 0.153017
900 2680 804 0.151317
900 2680 804 0.151248
900 2680 804 0.151566
900 2680 804 0.151678
900 2680 804 0.151705
900 2680 804 0.152258
900 2680 804 0.152940
900 2680 804 0.153532
900 2680 804 0.154019
900 2680 804 0.154483
900 2680 804 0.155120
900 2680 804 0.155399
900 2680 804 0.155495
900 2680 804 0.155751
900 2680 804 0.155870
900 2680 804 0.155944
900 2680 804 0.156167
900 2680 804 0.156593
900 2680 804 0.156824
900 2680 804 0.157114
900 2680 804 0.157325
900 2680 804 0.157580
900 2680 804 0.157817
900 2680 804 0.158804
900 2680 804 0.157783
900 2680 804 0.157771
900 2680 804 0.157958
900 2680 804 0.157945
900 2680 804 0.157491
900 2680 804 0.157765
900 2680 804 0.157574
900 2680 804 0.157371
900 2680 804 0.157137
900 2680 804 0.157104
900 2680 804 0.157056
900 2680 804 0.157105
900 2680 804 0.157067
900 2680 804 0.157016
900 2680 804 0.156974
900 2680 804 0.156678
900 2680 804 0.156303
900 2680 804 0.155833
900 2680 804 0.155972
900 2680 804 0.156026
900 2680 804 0.156078
900 2680 804 0.155828
900 2680 804 0.155502
900 2680 804 0.155344
900 2680 804 0.155150
900 2680 804 0.154859
900 2680 804 0.155052
900 2680 804 0.156574
900 2680 804 0.155733
900 2680 804 0.156189
900 2680 804 0.155864
900 2680 804 0.155964
900 2680 804 0.156198
900 2680 804 0.156434
900 2680 804 0.156525
900 2680 804 0.156463
900 2680 804 0.156423
900 2680 804 0.156519
900 2680 804 0.156802
900 2680 804 0.157132
900 2680 804 0.157160
900 2680 804 0.156890
900 2680 804 0.156873
900 2680 804 0.157053
900 2680 804 0.156621
900 2680 804 0.155868
900 2680 804 0.155508
900 2680 804 0.154687
900 2680 804 0.154416
900 2680 804 0.154230
900 2680 804 0.153737
900 2680 804 0.155803
900 2680 804 0.154332
900 2680 804 0.154921
900 2680 804 0.157015
900 2680 804 0.155500
900 2680 804 0.155674
900 2680 804 0.155790
900 2680 804 0.155836
900 2680 804 0.155696
900 2680 804 0.154867
900 2680 804 0.154513
900 2680 804 0.153988
900 2680 804 0.152999
900 2680 804 0.153594
1000 3031 909 0.211857
1000 3031 909 0.210693
1000 3031 909 0.210525
1000 3031 909 0.210903
1000 3031 909 0.210312
1000 3031 909 0.210668
1000 3031 909 0.209574
1000 3031 909 0.209240
1000 3031 909 0.208683
1000 3031 909 0.208073
1000 3031 909 0.207700
1000 3031 909 0.207331
1000 3031 909 0.206919
1000 3031 909 0.206075
1000 3031 909 0.205533
1000 3031 909 0.205141
1000 3031 909 0.204427
1000 3031 909 0.203990
1000 3031 909 0.203412
1000 3031 909 0.202567
1000 3031 909 0.201537
1000 3031 909 0.200322
1000 3031 909 0.198840
1000 3031 909 0.197885
1000 3031 909 0.197270
1000 3031 909 0.197383
1000 3031 909 0.197439
1000 3031 909 0.197669
1000 3031 909 0.197737
1000 3031 909 0.197775
1000 3031 909 0.197906
1000 3031 909 0.197488
1000 3031 909 0.196139
1000 3031 909 0.194348
1000 3031 909 0.193557
1000 3031 909 0.193090
1000 3031 909 0.192935
1000 3031 909 0.192869
1000 3031 909 0.193505
1000 3031 909 0.194611
1000 3031 909 0.195759
1000 3031 909 0.196371
1000 3031 909 0.196613
1000 3031 909 0.196905
1000 3031 909 0.197049
1000 3031 909 0.196345
1000 3031 909 0.194250
1000 3031 909 0.192784
1000 3031 909 0.192982
1000 3031 909 0.194016
1000 3031 909 0.194456
1000 3031 909 0.195109
1000 3031 909 0.195650
1000 3031 909 0.196362
1000 3031 909 0.198754
1000 3031 909 0.197791
1000 3031 909 0.198254
1000 3031 909 0.198426
1000 3031 909 0.198526
1000 3031 909 0.198704
1000 3031 909 0.198776
1000 3031 909 0.199072
1000 3031 909 0.198806
1000 3031 909 0.198637
1000 3031 909 0.198979
1000 3031 909 0.198923
1000 3031 909 0.198767
1000 3031 909 0.198524
1000 3031 909 0.198428
1000 3031 909 0.198089
1000 3031 909 0.197788
1000 3031 909 0.197220
1000 3031 909 0.196626
1000 3031 909 0.196748
1000 3031 909 0.196947
1000 3031 909 0.197011
1000 3031 909 0.196646
1000 3031 909 0.196670
1000 3031 909 0.196561
1000 3031 909 0.196106
1000 3031 909 0.195694
1000 3031 909 0.195804
1000 3031 909 0.195648
1000 3031 909 0.196011
1000 3031 909 0.195941
1000 3031 909 0.195985
1000 3031 909 0.195736
1000 3031 909 0.195863
1000 3031 909 0.195697
1000 3031 909 0.196215
1000 3031 909 0.196813
1000 3031 909 0.196932
1000 3031 909 0.196972
1000 3031 909 0.196880
1000 3031 909 0.197158
1000 3031 909 0.196529
1000 3031 909 0.196808
1000 3031 909 0.198845
1000 3031 909 0.197487
1000 3031 909 0.198373
2000 6760 2028 1.053431
2000 6760 2028 1.045584
2000 6760 2028 1.044686
2000 6760 2028 1.042959
2000 6760 2028 1.042910
2000 6760 2028 1.040952
2000 6760 2028 1.037336
2000 6760 2028 1.031491
2000 6760 2028 1.024640
2000 6760 2028 1.019541
2000 6760 2028 1.008866
2000 6760 2028 1.007972
2000 6760 2028 1.003367
2000 6760 2028 0.999211
2000 6760 2028 1.000107
2000 6760 2028 1.000746
2000 6760 2028 1.000255
2000 6760 2028 1.002876
2000 6760 2028 1.002579
2000 6760 2028 1.006798
2000 6760 2028 1.003949
2000 6760 2028 1.003818
2000 6760 2028 1.004074
2000 6760 2028 1.004529
2000 6760 2028 1.005070
2000 6760 2028 1.005137
2000 6760 2028 1.005216
2000 6760 2028 1.006342
2000 6760 2028 1.005556
2000 6760 2028 1.004385
2000 6760 2028 1.004474
2000 6760 2028 1.004085
2000 6760 2028 1.004083
2000 6760 2028 1.003261
2000 6760 2028 1.003228
2000 6760 2028 1.002239
2000 6760 2028 1.068456
2000 6760 2028 1.065319
2000 6760 2028 1.065921
2000 6760 2028 1.042254
2000 6760 2028 1.000385
2000 6760 2028 1.000652
2000 6760 2028 1.001142
2000 6760 2028 1.001638
2000 6760 2028 1.001448
2000 6760 2028 1.001747
2000 6760 2028 1.003038
2000 6760 2028 1.004438
2000 6760 2028 1.003496
2000 6760 2028 1.004053
2000 6760 2028 1.003524
2000 6760 2028 1.005536
2000 6760 2028 1.004378
2000 6760 2028 1.005307
2000 6760 2028 1.005873
2000 6760 2028 1.008484
2000 6760 2028 1.007262
2000 6760 2028 1.007863
2000 6760 2028 1.008028
2000 6760 2028 1.009497
2000 6760 2028 1.008172
2000 6760 2028 1.005479
2000 6760 2028 1.002925
2000 6760 2028 1.001143
2000 6760 2028 1.001585
2000 6760 2028 1.000280
2000 6760 2028 1.000550
2000 6760 2028 1.001121
2000 6760 2028 1.001810
2000 6760 2028 1.002971
2000 6760 2028 1.006230
2000 6760 2028 1.009873
2000 6760 2028 1.006081
2000 6760 2028 1.006480
2000 6760 2028 1.007064
2000 6760 2028 1.008411
2000 6760 2028 1.007580
2000 6760 2028 1.008834
2000 6760 2028 1.007704
2000 6760 2028 1.008793
2000 6760 2028 1.005970
2000 6760 2028 1.004488
2000 6760 2028 1.002234
2000 6760 2028 1.002372
2000 6760 2028 0.997814
2000 6760 2028 0.996477
2000 6760 2028 0.997632
2000 6760 2028 0.997800
2000 6760 2028 0.996799
2000 6760 2028 0.997576
2000 6760 2028 0.997397
2000 6760 2028 0.998347
2000 6760 2028 0.999895
2000 6760 2028 1.000306
2000 6760 2028 1.000957
2000 6760 2028 1.002181
2000 6760 2028 0.999909
2000 6760 2028 0.998302
2000 6760 2028 0.997913
2000 6760 2028 0.997101
5000 19200 5760 8.738262
5000 19200 5760 8.659588
5000 19200 5760 8.661543
5000 19200 5760 8.661935
5000 19200 5760 8.700406
5000 19200 5760 8.663736
5000 19200 5760 8.650473
5000 19200 5760 8.641362
5000 19200 5760 8.612923
5000 19200 5760 8.571724
5000 19200 5760 8.507110
5000 19200 5760 8.457341
5000 19200 5760 8.431566
5000 19200 5760 8.425646
5000 19200 5760 8.431237
5000 19200 5760 8.425946
5000 19200 5760 8.429404
5000 19200 5760 8.428464
5000 19200 5760 8.430913
5000 19200 5760 8.428030
5000 19200 5760 8.429955
5000 19200 5760 8.431170
5000 19200 5760 8.427703
5000 19200 5760 8.434431
5000 19200 5760 8.435235
5000 19200 5760 8.431719
5000 19200 5760 8.432120
5000 19200 5760 8.429827
5000 19200 5760 8.436162
5000 19200 5760 8.431945
5000 19200 5760 8.430155
5000 19200 5760 8.432032
5000 19200 5760 8.431438
5000 19200 5760 8.430452
5000 19200 5760 8.429085
5000 19200 5760 8.437477
5000 19200 5760 8.427938
5000 19200 5760 8.429584
5000 19200 5760 8.433636
5000 19200 5760 8.427192
5000 19200 5760 8.428873
5000 19200 5760 8.432927
5000 19200 5760 8.430627
5000 19200 5760 8.433215
5000 19200 5760 8.428765
5000 19200 5760 8.433915
5000 19200 5760 8.431188
5000 19200 5760 8.432544
5000 19200 5760 8.430658
5000 19200 5760 8.431417
5000 19200 5760 8.433797
5000 19200 5760 8.433120
5000 19200 5760 8.434762
5000 19200 5760 8.433318
5000 19200 5760 8.433722
5000 19200 5760 8.435239
5000 19200 5760 8.436669
5000 19200 5760 8.436703
5000 19200 5760 8.438957
5000 19200 5760 8.439058
5000 19200 5760 8.437762
5000 19200 5760 8.437750
5000 19200 5760 8.437218
5000 19200 5760 8.438009
5000 19200 5760 8.435687
5000 19200 5760 8.437195
5000 19200 5760 8.441509
5000 19200 5760 8.437477
5000 19200 5760 8.435235
5000 19200 5760 8.438060
5000 19200 5760 8.434916
5000 19200 5760 8.435291
5000 19200 5760 8.437987
5000 19200 5760 8.470032
5000 19200 5760 8.438622
5000 19200 5760 8.433015
5000 19200 5760 8.432335
5000 19200 5760 8.433477
5000 19200 5760 8.429728
5000 19200 5760 8.428242
5000 19200 5760 8.428270
5000 19200 5760 8.433117
5000 19200 5760 8.430870
5000 19200 5760 8.431345
5000 19200 5760 8.432441
5000 19200 5760 8.432767
5000 19200 5760 8.430553
5000 19200 5760 8.435573
5000 19200 5760 8.432652
5000 19200 5760 8.430663
5000 19200 5760 8.430839
5000 19200 5760 8.429379
5000 19200 5760 8.429850
5000 19200 5760 8.435586
5000 19200 5760 8.432112
5000 19200 5760 8.430575
5000 19200 5760 8.429408
5000 19200 5760 8.432264
5000 19200 5760 8.432486
5000 19200 5760 8.432128
9000 37211 11163 33.952539
9000 37211 11163 33.704869
9000 37211 11163 33.717148
9000 37211 11163 33.680409
9000 37211 11163 33.684513
9000 37211 11163 33.678269
9000 37211 11163 33.673712
9000 37211 11163 33.656866
9000 37211 11163 33.700644
9000 37211 11163 34.276457
9000 37211 11163 34.830493
9000 37211 11163 34.665786
9000 37211 11163 34.586063
9000 37211 11163 34.570291
9000 37211 11163 34.534575
9000 37211 11163 34.518085
9000 37211 11163 34.499916
9000 37211 11163 34.454530
9000 37211 11163 34.368128
9000 37211 11163 34.212106
9000 37211 11163 34.016613
9000 37211 11163 33.916810
9000 37211 11163 34.021667
9000 37211 11163 33.974219
9000 37211 11163 33.954266
9000 37211 11163 33.927378
9000 37211 11163 33.930622
9000 37211 11163 33.921848
9000 37211 11163 33.920896
9000 37211 11163 33.922223
9000 37211 11163 33.935556
9000 37211 11163 33.910874
9000 37211 11163 33.934015
9000 37211 11163 33.916251
9000 37211 11163 33.944394
9000 37211 11163 33.896103
9000 37211 11163 33.899824
9000 37211 11163 33.889942
9000 37211 11163 33.884786
9000 37211 11163 33.928998
9000 37211 11163 33.886431
9000 37211 11163 33.887797
9000 37211 11163 33.884598
9000 37211 11163 33.881156
9000 37211 11163 33.878158
9000 37211 11163 33.881852
9000 37211 11163 33.877016
9000 37211 11163 33.877844
9000 37211 11163 33.870573
9000 37211 11163 33.859338
9000 37211 11163 33.866699
9000 37211 11163 33.862186
9000 37211 11163 33.983071
9000 37211 11163 33.870364
9000 37211 11163 33.867951
9000 37211 11163 33.869610
9000 37211 11163 33.872372
9000 37211 11163 33.867592
9000 37211 11163 33.864127
9000 37211 11163 33.863949
9000 37211 11163 33.864714
9000 37211 11163 34.092975
9000 37211 11163 33.858251
9000 37211 11163 33.858585
9000 37211 11163 33.852158
9000 37211 11163 33.856241
9000 37211 11163 33.849046
9000 37211 11163 33.862661
9000 37211 11163 33.835162
9000 37211 11163 33.844515
9000 37211 11163 33.835256
9000 37211 11163 33.845053
9000 37211 11163 33.833714
9000 37211 11163 33.822941
9000 37211 11163 33.822177
9000 37211 11163 33.820272
9000 37211 11163 33.819065
9000 37211 11163 33.812845
9000 37211 11163 33.819254
9000 37211 11163 33.820793
9000 37211 11163 33.820335
9000 37211 11163 33.819105
9000 37211 11163 33.815277
9000 37211 11163 33.824800
9000 37211 11163 33.811084
9000 37211 11163 33.801646
9000 37211 11163 33.808767
9000 37211 11163 33.802054
9000 37211 11163 33.800679
9000 37211 11163 33.786347
9000 37211 11163 33.794469
9000 37211 11163 33.778154
9000 37211 11163 33.783265
9000 37211 11163 33.774534
9000 37211 11163 33.784583
9000 37211 11163 33.758530
9000 37211 11163 33.758327
9000 37211 11163 33.751460
9000 37211 11163 33.752074
9000 37211 11163 33.748534
