100 185 55 0.001018
100 185 55 0.000968
100 185 55 0.000926
100 185 55 0.000854
100 185 55 0.000807
100 185 55 0.000727
100 185 55 0.000707
100 185 55 0.000737
100 185 55 0.000713
100 185 55 0.000718
100 185 55 0.000713
100 185 55 0.000746
100 185 55 0.000737
100 185 55 0.000728
100 185 55 0.000698
100 185 55 0.000657
100 185 55 0.000628
100 185 55 0.000613
100 185 55 0.000586
100 185 55 0.000545
100 185 55 0.000536
100 185 55 0.000531
100 185 55 0.000511
100 185 55 0.000529
100 185 55 0.000524
100 185 55 0.000526
100 185 55 0.000485
100 185 55 0.000484
100 185 55 0.000534
100 185 55 0.000513
100 185 55 0.000548
100 185 55 0.000530
100 185 55 0.000557
100 185 55 0.000560
100 185 55 0.000568
100 185 55 0.000614
100 185 55 0.000567
100 185 55 0.000555
100 185 55 0.000507
100 185 55 0.000507
100 185 55 0.000448
100 185 55 0.000391
100 185 55 0.000406
100 185 55 0.000397
100 185 55 0.000437
100 185 55 0.000471
100 185 55 0.000475
100 185 55 0.000416
100 185 55 0.000427
100 185 55 0.000427
100 185 55 0.000426
100 185 55 0.000472
100 185 55 0.000489
100 185 55 0.000494
100 185 55 0.000452
100 185 55 0.000427
100 185 55 0.000394
100 185 55 0.000382
100 185 55 0.000424
100 185 55 0.000417
100 185 55 0.000412
100 185 55 0.000393
100 185 55 0.000402
100 185 55 0.000409
100 185 55 0.000407
100 185 55 0.000376
100 185 55 0.000385
100 185 55 0.000409
100 185 55 0.000402
100 185 55 0.000407
100 185 55 0.000418
100 185 55 0.000431
100 185 55 0.000438
100 185 55 0.000461
100 185 55 0.000477
100 185 55 0.000453
100 185 55 0.000389
100 185 55 0.000398
100 185 55 0.000426
100 185 55 0.000418
100 185 55 0.000390
100 185 55 0.000386
100 185 55 0.000397
100 185 55 0.000376
100 185 55 0.000379
100 185 55 0.000383
100 185 55 0.000382
100 185 55 0.000387
100 185 55 0.000391
100 185 55 0.000381
100 185 55 0.000377
100 185 55 0.000400
100 185 55 0.000428
100 185 55 0.000439
100 185 55 0.000471
100 185 55 0.000502
100 185 55 0.000438
100 185 55 0.000423
100 185 55 0.000388
100 185 55 0.000398
200 442 132 0.005275
200 442 132 0.005153
200 442 132 0.005116
200 442 132 0.005141
200 442 132 0.004875
200 442 132 0.004780
200 442 132 0.004560
200 442 132 0.004354
200 442 132 0.004317
200 442 132 0.004261
200 442 132 0.004161
200 442 132 0.003958
200 442 132 0.003906
200 442 132 0.004105
200 442 132 0.004191
200 442 132 0.004197
200 442 132 0.004170
200 442 132 0.004058
200 442 132 0.004061
200 442 132 0.004028
200 442 132 0.004070
200 442 132 0.004165
200 442 132 0.004019
200 442 132 0.003971
200 442 132 0.003965
200 442 132 0.003944
200 442 132 0.003938
200 442 132 0.003856
200 442 132 0.003673
200 442 132 0.003628
200 442 132 0.003480
200 442 132 0.003527
200 442 132 0.003400
200 442 132 0.003398
200 442 132 0.003366
200 442 132 0.004057
200 442 132 0.004437
200 442 132 0.003338
200 442 132 0.003443
200 442 132 0.003515
200 442 132 0.003462
200 442 132 0.003566
200 442 132 0.003801
200 442 132 0.003732
200 442 132 0.003865
200 442 132 0.004019
200 442 132 0.003983
200 442 132 0.003934
200 442 132 0.003829
200 442 132 0.003673
200 442 132 0.003556
200 442 132 0.003545
200 442 132 0.003540
200 442 132 0.003449
200 442 132 0.003470
200 442 132 0.003591
200 442 132 0.003626
200 442 132 0.003683
200 442 132 0.003650
200 442 132 0.003503
200 442 132 0.003721
200 442 132 0.003688
200 442 132 0.003753
200 442 132 0.003836
200 442 132 0.003787
200 442 132 0.003881
200 442 132 0.003850
200 442 132 0.003739
200 442 132 0.003389
200 442 132 0.003125
200 442 132 0.003042
200 442 132 0.002987
200 442 132 0.003065
200 442 132 0.003000
200 442 132 0.003133
200 442 132 0.003374
200 442 132 0.003335
200 442 132 0.003404
200 442 132 0.003272
200 442 132 0.003210
200 442 132 0.003339
200 442 132 0.003019
200 442 132 0.003150
200 442 132 0.003277
200 442 132 0.003344
200 442 132 0.003523
200 442 132 0.003628
200 442 132 0.003636
200 442 132 0.003637
200 442 132 0.003473
200 442 132 0.003474
200 442 132 0.003377
200 442 132 0.003321
200 442 132 0.003314
200 442 132 0.003337
200 442 132 0.003423
200 442 132 0.003435
200 442 132 0.003437
200 442 132 0.003140
200 442 132 0.002462
300 726 217 0.013516
300 726 217 0.013375
300 726 217 0.013260
300 726 217 0.013207
300 726 217 0.013173
300 726 217 0.013110
300 726 217 0.012993
300 726 217 0.012963
300 726 217 0.012842
300 726 217 0.012753
300 726 217 0.012644
300 726 217 0.012372
300 726 217 0.012009
300 726 217 0.011953
300 726 217 0.011920
300 726 217 0.011976
300 726 217 0.011932
300 726 217 0.011695
300 726 217 0.011725
300 726 217 0.011808
300 726 217 0.011811
300 726 217 0.011689
300 726 217 0.011425
300 726 217 0.010355
300 726 217 0.010183
300 726 217 0.010445
300 726 217 0.010890
300 726 217 0.011091
300 726 217 0.011535
300 726 217 0.011680
300 726 217 0.011627
300 726 217 0.011614
300 726 217 0.011618
300 726 217 0.011701
300 726 217 0.011744
300 726 217 0.011812
300 726 217 0.011853
300 726 217 0.011603
300 726 217 0.011289
300 726 217 0.010783
300 726 217 0.010710
300 726 217 0.010361
300 726 217 0.010923
300 726 217 0.011141
300 726 217 0.011092
300 726 217 0.011089
300 726 217 0.010820
300 726 217 0.010789
300 726 217 0.010705
300 726 217 0.010431
300 726 217 0.010346
300 726 217 0.010609
300 726 217 0.010781
300 726 217 0.010826
300 726 217 0.010815
300 726 217 0.010946
300 726 217 0.010894
300 726 217 0.011047
300 726 217 0.011195
300 726 217 0.011386
300 726 217 0.011578
300 726 217 0.011566
300 726 217 0.011587
300 726 217 0.011541
300 726 217 0.011464
300 726 217 0.011343
300 726 217 0.011233
300 726 217 0.011049
300 726 217 0.011139
300 726 217 0.011011
300 726 217 0.011164
300 726 217 0.011098
300 726 217 0.011159
300 726 217 0.011260
300 726 217 0.011296
300 726 217 0.011460
300 726 217 0.011436
300 726 217 0.011498
300 726 217 0.011318
300 726 217 0.011206
300 726 217 0.011109
300 726 217 0.010887
300 726 217 0.010723
300 726 217 0.010551
300 726 217 0.010367
300 726 217 0.010426
300 726 217 0.010430
300 726 217 0.010170
300 726 217 0.010241
300 726 217 0.010542
300 726 217 0.010481
300 726 217 0.010583
300 726 217 0.010594
300 726 217 0.010183
300 726 217 0.010118
300 726 217 0.009909
300 726 217 0.010118
300 726 217 0.010587
300 726 217 0.010507
300 726 217 0.010315
400 1026 307 0.026380
400 1026 307 0.025817
400 1026 307 0.025794
400 1026 307 0.025672
400 1026 307 0.025609
400 1026 307 0.025636
400 1026 307 0.025483
400 1026 307 0.025167
400 1026 307 0.024755
400 1026 307 0.023889
400 1026 307 0.022807
400 1026 307 0.021504
400 1026 307 0.021063
400 1026 307 0.021208
400 1026 307 0.021643
400 1026 307 0.022236
400 1026 307 0.022637
400 1026 307 0.022971
400 1026 307 0.023048
400 1026 307 0.023198
400 1026 307 0.023198
400 1026 307 0.023253
400 1026 307 0.023296
400 1026 307 0.023490
400 1026 307 0.023488
400 1026 307 0.023404
400 1026 307 0.023098
400 1026 307 0.022760
400 1026 307 0.022403
400 1026 307 0.021996
400 1026 307 0.022063
400 1026 307 0.022334
400 1026 307 0.022714
400 1026 307 0.023008
400 1026 307 0.023157
400 1026 307 0.023371
400 1026 307 0.023405
400 1026 307 0.023538
400 1026 307 0.023513
400 1026 307 0.023835
400 1026 307 0.023714
400 1026 307 0.023626
400 1026 307 0.023586
400 1026 307 0.023591
400 1026 307 0.023641
400 1026 307 0.023667
400 1026 307 0.023772
400 1026 307 0.023721
400 1026 307 0.023761
400 1026 307 0.023682
400 1026 307 0.023759
400 1026 307 0.023829
400 1026 307 0.023840
400 1026 307 0.023763
400 1026 307 0.023692
400 1026 307 0.023747
400 1026 307 0.023455
400 1026 307 0.023304
400 1026 307 0.023015
400 1026 307 0.022948
400 1026 307 0.022757
400 1026 307 0.022701
400 1026 307 0.022907
400 1026 307 0.023292
400 1026 307 0.023343
400 1026 307 0.023297
400 1026 307 0.023523
400 1026 307 0.023356
400 1026 307 0.022815
400 1026 307 0.022224
400 1026 307 0.022263
400 1026 307 0.022068
400 1026 307 0.022121
400 1026 307 0.022157
400 1026 307 0.022302
400 1026 307 0.022654
400 1026 307 0.022913
400 1026 307 0.022931
400 1026 307 0.022924
400 1026 307 0.022725
400 1026 307 0.022250
400 1026 307 0.022039
400 1026 307 0.021609
400 1026 307 0.021439
400 1026 307 0.021596
400 1026 307 0.021228
400 1026 307 0.021351
400 1026 307 0.021499
400 1026 307 0.021373
400 1026 307 0.021628
400 1026 307 0.021894
400 1026 307 0.021877
400 1026 307 0.021548
400 1026 307 0.021667
400 1026 307 0.021698
400 1026 307 0.021767
400 1026 307 0.022289
400 1026 307 0.022226
400 1026 307 0.021948
400 1026 307 0.021973
500 1340 402 0.043787
500 1340 402 0.043171
500 1340 402 0.043127
500 1340 402 0.043159
500 1340 402 0.042979
500 1340 402 0.042685
500 1340 402 0.041850
500 1340 402 0.040688
500 1340 402 0.039337
500 1340 402 0.037781
500 1340 402 0.036790
500 1340 402 0.036511
500 1340 402 0.036973
500 1340 402 0.037566
500 1340 402 0.037904
500 1340 402 0.038341
500 1340 402 0.038212
500 1340 402 0.038480
500 1340 402 0.038455
500 1340 402 0.038756
500 1340 402 0.038927
500 1340 402 0.039289
500 1340 402 0.039580
500 1340 402 0.039632
500 1340 402 0.039428
500 1340 402 0.039550
500 1340 402 0.039404
500 1340 402 0.039563
500 1340 402 0.039581
500 1340 402 0.039675
500 1340 402 0.039636
500 1340 402 0.039695
500 1340 402 0.039558
500 1340 402 0.039671
500 1340 402 0.039733
500 1340 402 0.039517
500 1340 402 0.039691
500 1340 402 0.039723
500 1340 402 0.039463
500 1340 402 0.039092
500 1340 402 0.038813
500 1340 402 0.038765
500 1340 402 0.038605
500 1340 402 0.038568
500 1340 402 0.038677
500 1340 402 0.038877
500 1340 402 0.038733
500 1340 402 0.038634
500 1340 402 0.038821
500 1340 402 0.038894
500 1340 402 0.038941
500 1340 402 0.039083
500 1340 402 0.039239
500 1340 402 0.039079
500 1340 402 0.039061
500 1340 402 0.038773
500 1340 402 0.038389
500 1340 402 0.038253
500 1340 402 0.038183
500 1340 402 0.038112
500 1340 402 0.037716
500 1340 402 0.037114
500 1340 402 0.036276
500 1340 402 0.036390
500 1340 402 0.036293
500 1340 402 0.036940
500 1340 402 0.037801
500 1340 402 0.038419
500 1340 402 0.038884
500 1340 402 0.039183
500 1340 402 0.039277
500 1340 402 0.039453
500 1340 402 0.039250
500 1340 402 0.038892
500 1340 402 0.038595
500 1340 402 0.038538
500 1340 402 0.037855
500 1340 402 0.036994
500 1340 402 0.036252
500 1340 402 0.035554
500 1340 402 0.035029
500 1340 402 0.035258
500 1340 402 0.035366
500 1340 402 0.035889
500 1340 402 0.036231
500 1340 402 0.036468
500 1340 402 0.036623
500 1340 402 0.036660
500 1340 402 0.035994
500 1340 402 0.036010
500 1340 402 0.036673
500 1340 402 0.037338
500 1340 402 0.037763
500 1340 402 0.038072
500 1340 402 0.038096
500 1340 402 0.037959
500 1340 402 0.038264
500 1340 402 0.038087
500 1340 402 0.038083
500 1340 402 0.037859
600 1663 498 0.066126
600 1663 498 0.065548
600 1663 498 0.065484
600 1663 498 0.065420
600 1663 498 0.065323
600 1663 498 0.065160
600 1663 498 0.064953
600 1663 498 0.064836
600 1663 498 0.064727
600 1663 498 0.064473
600 1663 498 0.064218
600 1663 498 0.064091
600 1663 498 0.063594
600 1663 498 0.063323
600 1663 498 0.063055
600 1663 498 0.062894
600 1663 498 0.062052
600 1663 498 0.060195
600 1663 498 0.058964
600 1663 498 0.058250
600 1663 498 0.057553
600 1663 498 0.058091
600 1663 498 0.058502
600 1663 498 0.059123
600 1663 498 0.059616
600 1663 498 0.060109
600 1663 498 0.060318
600 1663 498 0.060594
600 1663 498 0.060565
600 1663 498 0.060541
600 1663 498 0.060445
600 1663 498 0.060413
600 1663 498 0.060638
600 1663 498 0.060829
600 1663 498 0.060802
600 1663 498 0.061102
600 1663 498 0.061524
600 1663 498 0.061505
600 1663 498 0.061434
600 1663 498 0.061414
600 1663 498 0.061235
600 1663 498 0.061104
600 1663 498 0.060788
600 1663 498 0.060939
600 1663 498 0.061066
600 1663 498 0.061254
600 1663 498 0.061447
600 1663 498 0.061194
600 1663 498 0.061270
600 1663 498 0.061314
600 1663 498 0.061300
600 1663 498 0.061125
600 1663 498 0.060729
600 1663 498 0.060390
600 1663 498 0.059691
600 1663 498 0.058924
600 1663 498 0.057358
600 1663 498 0.056764
600 1663 498 0.055376
600 1663 498 0.054381
600 1663 498 0.053906
600 1663 498 0.053669
600 1663 498 0.053969
600 1663 498 0.054894
600 1663 498 0.055701
600 1663 498 0.056218
600 1663 498 0.056970
600 1663 498 0.057466
600 1663 498 0.057847
600 1663 498 0.057944
600 1663 498 0.058297
600 1663 498 0.058725
600 1663 498 0.058814
600 1663 498 0.059052
600 1663 498 0.059267
600 1663 498 0.059455
600 1663 498 0.059698
600 1663 498 0.059739
600 1663 498 0.059531
600 1663 498 0.059500
600 1663 498 0.059552
600 1663 498 0.059459
600 1663 498 0.059513
600 1663 498 0.059784
600 1663 498 0.059791
600 1663 498 0.059598
600 1663 498 0.059726
600 1663 498 0.059323
600 1663 498 0.059597
600 1663 498 0.059249
600 1663 498 0.058735
600 1663 498 0.058196
600 1663 498 0.057790
600 1663 498 0.057614
600 1663 498 0.057976
600 1663 498 0.057932
600 1663 498 0.058014
600 1663 498 0.058173
600 1663 498 0.058568
600 1663 498 0.058320
700 1995 598 0.094038
700 1995 598 0.093232
700 1995 598 0.093170
700 1995 598 0.093066
700 1995 598 0.092759
700 1995 598 0.092155
700 1995 598 0.090659
700 1995 598 0.088896
700 1995 598 0.088298
700 1995 598 0.088230
700 1995 598 0.088175
700 1995 598 0.088094
700 1995 598 0.088131
700 1995 598 0.087927
700 1995 598 0.087734
700 1995 598 0.087422
700 1995 598 0.087072
700 1995 598 0.086814
700 1995 598 0.086096
700 1995 598 0.085884
700 1995 598 0.086108
700 1995 598 0.086334
700 1995 598 0.086785
700 1995 598 0.086766
700 1995 598 0.086645
700 1995 598 0.086626
700 1995 598 0.086804
700 1995 598 0.086944
700 1995 598 0.086871
700 1995 598 0.086342
700 1995 598 0.085898
700 1995 598 0.085929
700 1995 598 0.086279
700 1995 598 0.086144
700 1995 598 0.086707
700 1995 598 0.086898
700 1995 598 0.086324
700 1995 598 0.084638
700 1995 598 0.082545
700 1995 598 0.082140
700 1995 598 0.082004
700 1995 598 0.082502
700 1995 598 0.083343
700 1995 598 0.084377
700 1995 598 0.084293
700 1995 598 0.084067
700 1995 598 0.083289
700 1995 598 0.082554
700 1995 598 0.082479
700 1995 598 0.082475
700 1995 598 0.082643
700 1995 598 0.083576
700 1995 598 0.083826
700 1995 598 0.084392
700 1995 598 0.085082
700 1995 598 0.085392
700 1995 598 0.085320
700 1995 598 0.084985
700 1995 598 0.085042
700 1995 598 0.085129
700 1995 598 0.084325
700 1995 598 0.083924
700 1995 598 0.082674
700 1995 598 0.081930
700 1995 598 0.081269
700 1995 598 0.081521
700 1995 598 0.082979
700 1995 598 0.084472
700 1995 598 0.085488
700 1995 598 0.086052
700 1995 598 0.086516
700 1995 598 0.086876
700 1995 598 0.087007
700 1995 598 0.087286
700 1995 598 0.087492
700 1995 598 0.087564
700 1995 598 0.087714
700 1995 598 0.087754
700 1995 598 0.087631
700 1995 598 0.087621
700 1995 598 0.087350
700 1995 598 0.086639
700 1995 598 0.085519
700 1995 598 0.083703
700 1995 598 0.082301
700 1995 598 0.081236
700 1995 598 0.080744
700 1995 598 0.081032
700 1995 598 0.081676
700 1995 598 0.081733
700 1995 598 0.081878
700 1995 598 0.081950
700 1995 598 0.081429
700 1995 598 0.080741
700 1995 598 0.080338
700 1995 598 0.079951
700 1995 598 0.080898
700 1995 598 0.081210
700 1995 598 0.081475
700 1995 598 0.082548
800 2334 700 0.127226
800 2334 700 0.126379
800 2334 700 0.126300
800 2334 700 0.126250
800 2334 700 0.126008
800 2334 700 0.125405
800 2334 700 0.124698
800 2334 700 0.122144
800 2334 700 0.119553
800 2334 700 0.117558
800 2334 700 0.115425
800 2334 700 0.115240
800 2334 700 0.115848
800 2334 700 0.116130
800 2334 700 0.116242
800 2334 700 0.116493
800 2334 700 0.116702
800 2334 700 0.116794
800 2334 700 0.116654
800 2334 700 0.116791
800 2334 700 0.116661
800 2334 700 0.116879
800 2334 700 0.117305
800 2334 700 0.118346
800 2334 700 0.118030
800 2334 700 0.117617
800 2334 700 0.117509
800 2334 700 0.117157
800 2334 700 0.116796
800 2334 700 0.116798
800 2334 700 0.116743
800 2334 700 0.116811
800 2334 700 0.117140
800 2334 700 0.117093
800 2334 700 0.117082
800 2334 700 0.117058
800 2334 700 0.116825
800 2334 700 0.116499
800 2334 700 0.116946
800 2334 700 0.119485
800 2334 700 0.116878
800 2334 700 0.116487
800 2334 700 0.116277
800 2334 700 0.116773
800 2334 700 0.117285
800 2334 700 0.117506
800 2334 700 0.117623
800 2334 700 0.117446
800 2334 700 0.117187
800 2334 700 0.117058
800 2334 700 0.116279
800 2334 700 0.115884
800 2334 700 0.116001
800 2334 700 0.115931
800 2334 700 0.115429
800 2334 700 0.114833
800 2334 700 0.115477
800 2334 700 0.116685
800 2334 700 0.117647
800 2334 700 0.118970
800 2334 700 0.119293
800 2334 700 0.119640
800 2334 700 0.119706
800 2334 700 0.119807
800 2334 700 0.120048
800 2334 700 0.120100
800 2334 700 0.119838
800 2334 700 0.119667
800 2334 700 0.119395
800 2334 700 0.119061
800 2334 700 0.118932
800 2334 700 0.118960
800 2334 700 0.118789
800 2334 700 0.118730
800 2334 700 0.118651
800 2334 700 0.118727
800 2334 700 0.119089
800 2334 700 0.119315
800 2334 700 0.119621
800 2334 700 0.119677
800 2334 700 0.119953
800 2334 700 0.119903
800 2334 700 0.119806
800 2334 700 0.119862
800 2334 700 0.120000
800 2334 700 0.119938
800 2334 700 0.119781
800 2334 700 0.119074
800 2334 700 0.118676
800 2334 700 0.118308
800 2334 700 0.117808
800 2334 700 0.117052
800 2334 700 0.116771
800 2334 700 0.116312
800 2334 700 0.116056
800 2334 700 0.114922
800 2334 700 0.113751
800 2334 700 0.113567
800 2334 700 0.113954
800 2334 700 0.114625
900 2680 804 0.166654
900 2680 804 0.165438
900 2680 804 0.165323
900 2680 804 0.165132
900 2680 804 0.165159
900 2680 804 0.164088
900 2680 804 0.163585
900 2680 804 0.162892
900 2680 804 0.162217
900 2680 804 0.161192
900 2680 804 0.159774
900 2680 804 0.158465
900 2680 804 0.156068
900 2680 804 0.154315
900 2680 804 0.153575
900 2680 804 0.153623
900 2680 804 0.153997
900 2680 804 0.154567
900 2680 804 0.154951
900 2680 804 0.155439
900 2680 804 0.155829
900 2680 804 0.156047
900 2680 804 0.156466
900 2680 804 0.156291
900 2680 804 0.156280
900 2680 804 0.156508
900 2680 804 0.156730
900 2680 804 0.156959
900 2680 804 0.157084
900 2680 804 0.156765
900 2680 804 0.156161
900 2680 804 0.155309
900 2680 804 0.154272
900 2680 804 0.153184
900 2680 804 0.152469
900 2680 804 0.152724
900 2680 804 0.153084
900 2680 804 0.154062
900 2680 804 0.154580
900 2680 804 0.155201
900 2680 804 0.155660
900 2680 804 0.156291
900 2680 804 0.156529
900 2680 804 0.156715
900 2680 804 0.156824
900 2680 804 0.155412
900 2680 804 0.154712
900 2680 804 0.156255
900 2680 804 0.155134
900 2680 804 0.154953
900 2680 804 0.155307
900 2680 804 0.155477
900 2680 804 0.155656
900 2680 804 0.156348
900 2680 804 0.157778
900 2680 804 0.157193
900 2680 804 0.157119
900 2680 804 0.156815
900 2680 804 0.156245
900 2680 804 0.155705
900 2680 804 0.154985
900 2680 804 0.154007
900 2680 804 0.153426
900 2680 804 0.153782
900 2680 804 0.153742
900 2680 804 0.153689
900 2680 804 0.154392
900 2680 804 0.154817
900 2680 804 0.155540
900 2680 804 0.156137
900 2680 804 0.156210
900 2680 804 0.156754
900 2680 804 0.156529
900 2680 804 0.155767
900 2680 804 0.156549
900 2680 804 0.154720
900 2680 804 0.153764
900 2680 804 0.152997
900 2680 804 0.152741
900 2680 804 0.152701
900 2680 804 0.152708
900 2680 804 0.152861
900 2680 804 0.153329
900 2680 804 0.153563
900 2680 804 0.153788
900 2680 804 0.153782
900 2680 804 0.153922
900 2680 804 0.154234
900 2680 804 0.154478
900 2680 804 0.155613
900 2680 804 0.155307
900 2680 804 0.153942
900 2680 804 0.153990
900 2680 804 0.154108
900 2680 804 0.154462
900 2680 804 0.154756
900 2680 804 0.154663
900 2680 804 0.155963
900 2680 804 0.154463
900 2680 804 0.156164
1000 3031 909 0.211222
1000 3031 909 0.209954
1000 3031 909 0.209807
1000 3031 909 0.209970
1000 3031 909 0.209243
1000 3031 909 0.208744
1000 3031 909 0.208124
1000 3031 909 0.207026
1000 3031 909 0.205417
1000 3031 909 0.202569
1000 3031 909 0.198180
1000 3031 909 0.196914
1000 3031 909 0.196359
1000 3031 909 0.196679
1000 3031 909 0.196876
1000 3031 909 0.197839
1000 3031 909 0.198771
1000 3031 909 0.199105
1000 3031 909 0.199079
1000 3031 909 0.199028
1000 3031 909 0.198665
1000 3031 909 0.198273
1000 3031 909 0.198069
1000 3031 909 0.197468
1000 3031 909 0.197392
1000 3031 909 0.196827
1000 3031 909 0.196702
1000 3031 909 0.196147
1000 3031 909 0.196819
1000 3031 909 0.196714
1000 3031 909 0.197162
1000 3031 909 0.197821
1000 3031 909 0.198371
1000 3031 909 0.198682
1000 3031 909 0.199096
1000 3031 909 0.199075
1000 3031 909 0.199190
1000 3031 909 0.199306
1000 3031 909 0.199489
1000 3031 909 0.199650
1000 3031 909 0.199741
1000 3031 909 0.199943
1000 3031 909 0.200169
1000 3031 909 0.199885
1000 3031 909 0.199430
1000 3031 909 0.198812
1000 3031 909 0.197965
1000 3031 909 0.197825
1000 3031 909 0.197428
1000 3031 909 0.196886
1000 3031 909 0.195925
1000 3031 909 0.195576
1000 3031 909 0.195622
1000 3031 909 0.196561
1000 3031 909 0.197100
1000 3031 909 0.197993
1000 3031 909 0.198634
1000 3031 909 0.198885
1000 3031 909 0.199174
1000 3031 909 0.199295
1000 3031 909 0.199610
1000 3031 909 0.200107
1000 3031 909 0.200701
1000 3031 909 0.201220
1000 3031 909 0.201240
1000 3031 909 0.201603
1000 3031 909 0.201512
1000 3031 909 0.201719
1000 3031 909 0.201759
1000 3031 909 0.201561
1000 3031 909 0.201402
1000 3031 909 0.201103
1000 3031 909 0.201155
1000 3031 909 0.201028
1000 3031 909 0.201136
1000 3031 909 0.201252
1000 3031 909 0.201392
1000 3031 909 0.201286
1000 3031 909 0.201174
1000 3031 909 0.201023
1000 3031 909 0.200837
1000 3031 909 0.200851
1000 3031 909 0.200539
1000 3031 909 0.200155
1000 3031 909 0.200308
1000 3031 909 0.200250
1000 3031 909 0.200174
1000 3031 909 0.199551
1000 3031 909 0.198758
1000 3031 909 0.197392
1000 3031 909 0.195792
1000 3031 909 0.194122
1000 3031 909 0.193319
1000 3031 909 0.193331
1000 3031 909 0.192983
1000 3031 909 0.193487
1000 3031 909 0.194461
1000 3031 909 0.195356
1000 3031 909 0.196044
1000 3031 909 0.196912
2000 6760 2028 1.049018
2000 6760 2028 1.042053
2000 6760 2028 1.042022
2000 6760 2028 1.041964
2000 6760 2028 1.041505
2000 6760 2028 1.040810
2000 6760 2028 1.034648
2000 6760 2028 1.027795
2000 6760 2028 1.022374
2000 6760 2028 1.017254
2000 6760 2028 1.011177
2000 6760 2028 1.006714
2000 6760 2028 1.004969
2000 6760 2028 1.001561
2000 6760 2028 1.000963
2000 6760 2028 1.001619
2000 6760 2028 1.002856
2000 6760 2028 1.003286
2000 6760 2028 1.006150
2000 6760 2028 1.006048
2000 6760 2028 1.005038
2000 6760 2028 1.005299
2000 6760 2028 1.005422
2000 6760 2028 1.008725
2000 6760 2028 1.004817
2000 6760 2028 1.005033
2000 6760 2028 1.004842
2000 6760 2028 1.004776
2000 6760 2028 1.005430
2000 6760 2028 1.004987
2000 6760 2028 1.005658
2000 6760 2028 1.005902
2000 6760 2028 1.006879
2000 6760 2028 1.006387
2000 6760 2028 1.007767
2000 6760 2028 1.006809
2000 6760 2028 1.006676
2000 6760 2028 1.006583
2000 6760 2028 1.007615
2000 6760 2028 1.006505
2000 6760 2028 1.007456
2000 6760 2028 1.006224
2000 6760 2028 1.006201
2000 6760 2028 1.007567
2000 6760 2028 1.006062
2000 6760 2028 1.005929
2000 6760 2028 1.005662
2000 6760 2028 1.008013
2000 6760 2028 1.005454
2000 6760 2028 1.003944
2000 6760 2028 1.001649
2000 6760 2028 1.001191
2000 6760 2028 0.999174
2000 6760 2028 0.998390
2000 6760 2028 1.000489
2000 6760 2028 1.000056
2000 6760 2028 0.999006
2000 6760 2028 0.999323
2000 6760 2028 1.000128
2000 6760 2028 1.001395
2000 6760 2028 1.002783
2000 6760 2028 1.000381
2000 6760 2028 1.000106
2000 6760 2028 1.000035
2000 6760 2028 0.999783
2000 6760 2028 1.000117
2000 6760 2028 1.001135
2000 6760 2028 1.002192
2000 6760 2028 1.002464
2000 6760 2028 1.005709
2000 6760 2028 1.007055
2000 6760 2028 1.005276
2000 6760 2028 1.004448
2000 6760 2028 1.004467
2000 6760 2028 1.003712
2000 6760 2028 1.004133
2000 6760 2028 1.002670
2000 6760 2028 1.005624
2000 6760 2028 1.001603
2000 6760 2028 1.000863
2000 6760 2028 1.000462
2000 6760 2028 0.999463
2000 6760 2028 0.999249
2000 6760 2028 0.999437
2000 6760 2028 0.999703
2000 6760 2028 0.999737
2000 6760 2028 1.000161
2000 6760 2028 1.000316
2000 6760 2028 1.001200
2000 6760 2028 1.001913
2000 6760 2028 1.004173
2000 6760 2028 1.004574
2000 6760 2028 1.003491
2000 6760 2028 1.003958
2000 6760 2028 1.004624
2000 6760 2028 1.005221
2000 6760 2028 1.005922
2000 6760 2028 1.006538
2000 6760 2028 1.006780
2000 6760 2028 1.006848
100 185 55 0.001037
100 185 55 0.000995
100 185 55 0.000950
100 185 55 0.000876
100 185 55 0.000890
100 185 55 0.000812
100 185 55 0.000682
100 185 55 0.000642
100 185 55 0.000651
100 185 55 0.000672
100 185 55 0.000633
100 185 55 0.000633
100 185 55 0.000677
100 185 55 0.000674
100 185 55 0.000708
100 185 55 0.000729
100 185 55 0.000707
100 185 55 0.000708
100 185 55 0.000728
100 185 55 0.000694
100 185 55 0.000665
100 185 55 0.000677
100 185 55 0.000730
100 185 55 0.000728
100 185 55 0.000741
100 185 55 0.000710
100 185 55 0.000728
100 185 55 0.000746
100 185 55 0.000743
100 185 55 0.000742
100 185 55 0.000768
100 185 55 0.000798
100 185 55 0.000790
100 185 55 0.000743
100 185 55 0.000720
100 185 55 0.000689
100 185 55 0.000667
100 185 55 0.000618
100 185 55 0.000638
100 185 55 0.000670
100 185 55 0.000690
100 185 55 0.000678
100 185 55 0.000592
100 185 55 0.000491
100 185 55 0.000510
100 185 55 0.000491
100 185 55 0.000514
100 185 55 0.000453
100 185 55 0.000502
100 185 55 0.000542
100 185 55 0.000438
100 185 55 0.000442
100 185 55 0.000461
100 185 55 0.000468
100 185 55 0.000474
100 185 55 0.000503
100 185 55 0.000500
100 185 55 0.000530
100 185 55 0.000614
100 185 55 0.000602
100 185 55 0.000520
100 185 55 0.000485
100 185 55 0.000511
100 185 55 0.000554
100 185 55 0.000532
100 185 55 0.000561
100 185 55 0.000543
100 185 55 0.000542
100 185 55 0.000595
100 185 55 0.000611
100 185 55 0.000512
100 185 55 0.000434
100 185 55 0.000436
100 185 55 0.000461
100 185 55 0.000385
100 185 55 0.000403
100 185 55 0.000411
100 185 55 0.000422
100 185 55 0.000454
100 185 55 0.000376
100 185 55 0.000373
100 185 55 0.000379
100 185 55 0.000377
100 185 55 0.000381
100 185 55 0.000405
100 185 55 0.000397
100 185 55 0.000399
100 185 55 0.000386
100 185 55 0.000404
100 185 55 0.000411
100 185 55 0.000409
100 185 55 0.000422
100 185 55 0.000430
100 185 55 0.000448
100 185 55 0.000500
100 185 55 0.000506
100 185 55 0.000457
100 185 55 0.000372
100 185 55 0.000379
100 185 55 0.000373
200 442 132 0.005252
200 442 132 0.005110
200 442 132 0.005083
200 442 132 0.004931
200 442 132 0.004355
200 442 132 0.003738
200 442 132 0.003633
200 442 132 0.003681
200 442 132 0.003828
200 442 132 0.003835
200 442 132 0.004087
200 442 132 0.004141
200 442 132 0.004121
200 442 132 0.003967
200 442 132 0.003809
200 442 132 0.003769
200 442 132 0.003819
200 442 132 0.004065
200 442 132 0.004127
200 442 132 0.003958
200 442 132 0.003992
200 442 132 0.003997
200 442 132 0.003832
200 442 132 0.003838
200 442 132 0.003893
200 442 132 0.003890
200 442 132 0.003913
200 442 132 0.003874
200 442 132 0.003858
200 442 132 0.003886
200 442 132 0.003920
200 442 132 0.003852
200 442 132 0.003681
200 442 132 0.003062
200 442 132 0.002834
200 442 132 0.002926
200 442 132 0.003006
200 442 132 0.003045
200 442 132 0.003329
200 442 132 0.003261
200 442 132 0.003573
200 442 132 0.003861
200 442 132 0.003945
200 442 132 0.003969
200 442 132 0.004057
200 442 132 0.004095
200 442 132 0.003942
200 442 132 0.004043
200 442 132 0.003901
200 442 132 0.003883
200 442 132 0.003530
200 442 132 0.003267
200 442 132 0.003532
200 442 132 0.003625
200 442 132 0.003608
200 442 132 0.003424
200 442 132 0.003939
200 442 132 0.004555
200 442 132 0.004501
200 442 132 0.004488
200 442 132 0.004426
200 442 132 0.004405
200 442 132 0.004460
200 442 132 0.004506
200 442 132 0.004458
200 442 132 0.004511
200 442 132 0.004514
200 442 132 0.004671
200 442 132 0.004747
200 442 132 0.004827
200 442 132 0.004842
200 442 132 0.004801
200 442 132 0.004706
200 442 132 0.004649
200 442 132 0.004449
200 442 132 0.004511
200 442 132 0.004535
200 442 132 0.004561
200 442 132 0.004500
200 442 132 0.004556
200 442 132 0.002945
200 442 132 0.002816
200 442 132 0.003147
200 442 132 0.003415
200 442 132 0.003227
200 442 132 0.003530
200 442 132 0.003533
200 442 132 0.003225
200 442 132 0.003404
200 442 132 0.003549
200 442 132 0.003660
200 442 132 0.003703
200 442 132 0.003762
200 442 132 0.003719
200 442 132 0.003717
200 442 132 0.003490
200 442 132 0.003234
200 442 132 0.002640
200 442 132 0.002824
200 442 132 0.002823
300 726 217 0.013546
300 726 217 0.013424
300 726 217 0.013228
300 726 217 0.013204
300 726 217 0.013109
300 726 217 0.013049
300 726 217 0.012913
300 726 217 0.012545
300 726 217 0.011746
300 726 217 0.011104
300 726 217 0.011430
300 726 217 0.011578
300 726 217 0.011571
300 726 217 0.011512
300 726 217 0.011754
300 726 217 0.011918
300 726 217 0.012149
300 726 217 0.012249
300 726 217 0.012285
300 726 217 0.012351
300 726 217 0.012281
300 726 217 0.012285
300 726 217 0.012341
300 726 217 0.012360
300 726 217 0.012355
300 726 217 0.012428
300 726 217 0.012446
300 726 217 0.012436
300 726 217 0.012242
300 726 217 0.012091
300 726 217 0.012035
300 726 217 0.012011
300 726 217 0.011820
300 726 217 0.011690
300 726 217 0.011363
300 726 217 0.011043
300 726 217 0.011098
300 726 217 0.011099
300 726 217 0.011186
300 726 217 0.010762
300 726 217 0.010425
300 726 217 0.010426
300 726 217 0.010548
300 726 217 0.010817
300 726 217 0.010985
300 726 217 0.011151
300 726 217 0.011223
300 726 217 0.011043
300 726 217 0.010421
300 726 217 0.009797
300 726 217 0.009343
300 726 217 0.009473
300 726 217 0.009689
300 726 217 0.010272
300 726 217 0.010652
300 726 217 0.010931
300 726 217 0.010833
300 726 217 0.011060
300 726 217 0.010996
300 726 217 0.011108
300 726 217 0.011162
300 726 217 0.011171
300 726 217 0.011155
300 726 217 0.011436
300 726 217 0.011518
300 726 217 0.011454
300 726 217 0.011344
300 726 217 0.011280
300 726 217 0.011118
300 726 217 0.010897
300 726 217 0.010603
300 726 217 0.010178
300 726 217 0.010090
300 726 217 0.010083
300 726 217 0.010507
300 726 217 0.010505
300 726 217 0.010800
300 726 217 0.010733
300 726 217 0.010890
300 726 217 0.011086
300 726 217 0.010922
300 726 217 0.011013
300 726 217 0.010791
300 726 217 0.010295
300 726 217 0.010036
300 726 217 0.010071
300 726 217 0.009828
300 726 217 0.009929
300 726 217 0.009877
300 726 217 0.009457
300 726 217 0.009578
300 726 217 0.009614
300 726 217 0.009626
300 726 217 0.011122
300 726 217 0.012459
300 726 217 0.012561
300 726 217 0.012623
300 726 217 0.011034
300 726 217 0.011188
300 726 217 0.011166
400 1026 307 0.026360
400 1026 307 0.025842
400 1026 307 0.025781
400 1026 307 0.025644
400 1026 307 0.025029
400 1026 307 0.024396
400 1026 307 0.024205
400 1026 307 0.023660
400 1026 307 0.023745
400 1026 307 0.023454
400 1026 307 0.022906
400 1026 307 0.022917
400 1026 307 0.022971
400 1026 307 0.023498
400 1026 307 0.023442
400 1026 307 0.023508
400 1026 307 0.023575
400 1026 307 0.023578
400 1026 307 0.023539
400 1026 307 0.023467
400 1026 307 0.023548
400 1026 307 0.023740
400 1026 307 0.023859
400 1026 307 0.024029
400 1026 307 0.024095
400 1026 307 0.023945
400 1026 307 0.023819
400 1026 307 0.023562
400 1026 307 0.023426
400 1026 307 0.023179
400 1026 307 0.022829
400 1026 307 0.022941
400 1026 307 0.022618
400 1026 307 0.022064
400 1026 307 0.021869
400 1026 307 0.021498
400 1026 307 0.021324
400 1026 307 0.021256
400 1026 307 0.021456
400 1026 307 0.021857
400 1026 307 0.022006
400 1026 307 0.021943
400 1026 307 0.022246
400 1026 307 0.022266
400 1026 307 0.022414
400 1026 307 0.022294
400 1026 307 0.022151
400 1026 307 0.021882
400 1026 307 0.022167
400 1026 307 0.022288
400 1026 307 0.022228
400 1026 307 0.022154
400 1026 307 0.022142
400 1026 307 0.022112
400 1026 307 0.022034
400 1026 307 0.022183
400 1026 307 0.022186
400 1026 307 0.022262
400 1026 307 0.022555
400 1026 307 0.022819
400 1026 307 0.022631
400 1026 307 0.022388
400 1026 307 0.021917
400 1026 307 0.021824
400 1026 307 0.021688
400 1026 307 0.021938
400 1026 307 0.022115
400 1026 307 0.022379
400 1026 307 0.022286
400 1026 307 0.021704
400 1026 307 0.020603
400 1026 307 0.020552
400 1026 307 0.020729
400 1026 307 0.021355
400 1026 307 0.021479
400 1026 307 0.021762
400 1026 307 0.021875
400 1026 307 0.021958
400 1026 307 0.022241
400 1026 307 0.022306
400 1026 307 0.021915
400 1026 307 0.021515
400 1026 307 0.021373
400 1026 307 0.021464
400 1026 307 0.021937
400 1026 307 0.022241
400 1026 307 0.022321
400 1026 307 0.022402
400 1026 307 0.022264
400 1026 307 0.021978
400 1026 307 0.021003
400 1026 307 0.020764
400 1026 307 0.020322
400 1026 307 0.020269
400 1026 307 0.020901
400 1026 307 0.021455
400 1026 307 0.021458
400 1026 307 0.021753
400 1026 307 0.022206
400 1026 307 0.022454
500 1340 402 0.043894
500 1340 402 0.043193
500 1340 402 0.043175
500 1340 402 0.043065
500 1340 402 0.042980
500 1340 402 0.042695
500 1340 402 0.042143
500 1340 402 0.041515
500 1340 402 0.040712
500 1340 402 0.039779
500 1340 402 0.038848
500 1340 402 0.038627
500 1340 402 0.038318
500 1340 402 0.038468
500 1340 402 0.038935
500 1340 402 0.039273
500 1340 402 0.039276
500 1340 402 0.039349
500 1340 402 0.039146
500 1340 402 0.039014
500 1340 402 0.039057
500 1340 402 0.039511
500 1340 402 0.039860
500 1340 402 0.039924
500 1340 402 0.040002
500 1340 402 0.040292
500 1340 402 0.040422
500 1340 402 0.040411
500 1340 402 0.040334
500 1340 402 0.040463
500 1340 402 0.040341
500 1340 402 0.040345
500 1340 402 0.039914
500 1340 402 0.039560
500 1340 402 0.038821
500 1340 402 0.037336
500 1340 402 0.036769
500 1340 402 0.036390
500 1340 402 0.036439
500 1340 402 0.036349
500 1340 402 0.036815
500 1340 402 0.037490
500 1340 402 0.038089
500 1340 402 0.038499
500 1340 402 0.038846
500 1340 402 0.039239
500 1340 402 0.038996
500 1340 402 0.038894
500 1340 402 0.039430
500 1340 402 0.039831
500 1340 402 0.040084
500 1340 402 0.040202
500 1340 402 0.040224
500 1340 402 0.040238
500 1340 402 0.040256
500 1340 402 0.040352
500 1340 402 0.040381
500 1340 402 0.040514
500 1340 402 0.040448
500 1340 402 0.040214
500 1340 402 0.039969
500 1340 402 0.039602
500 1340 402 0.039629
500 1340 402 0.038722
500 1340 402 0.037877
500 1340 402 0.037672
500 1340 402 0.037928
500 1340 402 0.038325
500 1340 402 0.038850
500 1340 402 0.039035
500 1340 402 0.038950
500 1340 402 0.038640
500 1340 402 0.039021
500 1340 402 0.038970
500 1340 402 0.039000
500 1340 402 0.038316
500 1340 402 0.038003
500 1340 402 0.037827
500 1340 402 0.037922
500 1340 402 0.038288
500 1340 402 0.038735
500 1340 402 0.039282
500 1340 402 0.039480
500 1340 402 0.038290
500 1340 402 0.035814
500 1340 402 0.034099
500 1340 402 0.034069
500 1340 402 0.035027
500 1340 402 0.034895
500 1340 402 0.035106
500 1340 402 0.036247
500 1340 402 0.037224
500 1340 402 0.037992
500 1340 402 0.038704
500 1340 402 0.038604
500 1340 402 0.038577
500 1340 402 0.037933
500 1340 402 0.036689
500 1340 402 0.035880
500 1340 402 0.034792
600 1663 498 0.066131
600 1663 498 0.065563
600 1663 498 0.065464
600 1663 498 0.065343
600 1663 498 0.065185
600 1663 498 0.064902
600 1663 498 0.064573
600 1663 498 0.064026
600 1663 498 0.063066
600 1663 498 0.062265
600 1663 498 0.061349
600 1663 498 0.059634
600 1663 498 0.058805
600 1663 498 0.058799
600 1663 498 0.059425
600 1663 498 0.059653
600 1663 498 0.059739
600 1663 498 0.059498
600 1663 498 0.059541
600 1663 498 0.059357
600 1663 498 0.059280
600 1663 498 0.059508
600 1663 498 0.059842
600 1663 498 0.060271
600 1663 498 0.060474
600 1663 498 0.060453
600 1663 498 0.060446
600 1663 498 0.060443
600 1663 498 0.060663
600 1663 498 0.061009
600 1663 498 0.061061
600 1663 498 0.061132
600 1663 498 0.061060
600 1663 498 0.060834
600 1663 498 0.060850
600 1663 498 0.060855
600 1663 498 0.060580
600 1663 498 0.060441
600 1663 498 0.060670
600 1663 498 0.060967
600 1663 498 0.061124
600 1663 498 0.061105
600 1663 498 0.060889
600 1663 498 0.060863
600 1663 498 0.060913
600 1663 498 0.060645
600 1663 498 0.060652
600 1663 498 0.060597
600 1663 498 0.060731
600 1663 498 0.060688
600 1663 498 0.060759
600 1663 498 0.060737
600 1663 498 0.060702
600 1663 498 0.060649
600 1663 498 0.060264
600 1663 498 0.059686
600 1663 498 0.059981
600 1663 498 0.060294
600 1663 498 0.060486
600 1663 498 0.060655
600 1663 498 0.060714
600 1663 498 0.060839
600 1663 498 0.060857
600 1663 498 0.060848
600 1663 498 0.060919
600 1663 498 0.061146
600 1663 498 0.061221
600 1663 498 0.061240
600 1663 498 0.061337
600 1663 498 0.061539
600 1663 498 0.061543
600 1663 498 0.061683
600 1663 498 0.061772
600 1663 498 0.061906
600 1663 498 0.061624
600 1663 498 0.061570
600 1663 498 0.061688
600 1663 498 0.065156
600 1663 498 0.065094
600 1663 498 0.064852
600 1663 498 0.064611
600 1663 498 0.064228
600 1663 498 0.063593
600 1663 498 0.056309
600 1663 498 0.055356
600 1663 498 0.054792
600 1663 498 0.055414
600 1663 498 0.055818
600 1663 498 0.056255
600 1663 498 0.056366
600 1663 498 0.056670
600 1663 498 0.056513
600 1663 498 0.056572
600 1663 498 0.056352
600 1663 498 0.056753
600 1663 498 0.056606
600 1663 498 0.056955
600 1663 498 0.057574
600 1663 498 0.058419
600 1663 498 0.058646
700 1995 598 0.094003
700 1995 598 0.093172
700 1995 598 0.093093
700 1995 598 0.092987
700 1995 598 0.092714
700 1995 598 0.092104
700 1995 598 0.091335
700 1995 598 0.090796
700 1995 598 0.092092
700 1995 598 0.089966
700 1995 598 0.088248
700 1995 598 0.085103
700 1995 598 0.083595
700 1995 598 0.084103
700 1995 598 0.084421
700 1995 598 0.084710
700 1995 598 0.085303
700 1995 598 0.085688
700 1995 598 0.086332
700 1995 598 0.086604
700 1995 598 0.086768
700 1995 598 0.086814
700 1995 598 0.086801
700 1995 598 0.086938
700 1995 598 0.087003
700 1995 598 0.086991
700 1995 598 0.087097
700 1995 598 0.087157
700 1995 598 0.087364
700 1995 598 0.087367
700 1995 598 0.087329
700 1995 598 0.087048
700 1995 598 0.086128
700 1995 598 0.085229
700 1995 598 0.085398
700 1995 598 0.085736
700 1995 598 0.085361
700 1995 598 0.087117
700 1995 598 0.084308
700 1995 598 0.084767
700 1995 598 0.085318
700 1995 598 0.086390
700 1995 598 0.086792
700 1995 598 0.087327
700 1995 598 0.087799
700 1995 598 0.088048
700 1995 598 0.087902
700 1995 598 0.087795
700 1995 598 0.087502
700 1995 598 0.086536
700 1995 598 0.085089
700 1995 598 0.083575
700 1995 598 0.083189
700 1995 598 0.082453
700 1995 598 0.082298
700 1995 598 0.082267
700 1995 598 0.083037
700 1995 598 0.083913
700 1995 598 0.085017
700 1995 598 0.084716
700 1995 598 0.083173
700 1995 598 0.082240
700 1995 598 0.081906
700 1995 598 0.081641
700 1995 598 0.080904
700 1995 598 0.080219
700 1995 598 0.080207
700 1995 598 0.079595
700 1995 598 0.079957
700 1995 598 0.079872
700 1995 598 0.080052
700 1995 598 0.080674
700 1995 598 0.081441
700 1995 598 0.081678
700 1995 598 0.082201
700 1995 598 0.082478
700 1995 598 0.083327
700 1995 598 0.087910
700 1995 598 0.090099
700 1995 598 0.084332
700 1995 598 0.084464
700 1995 598 0.084559
700 1995 598 0.084522
700 1995 598 0.083790
700 1995 598 0.082877
700 1995 598 0.081782
700 1995 598 0.080438
700 1995 598 0.080709
700 1995 598 0.081356
700 1995 598 0.081967
700 1995 598 0.082719
700 1995 598 0.083037
700 1995 598 0.083354
700 1995 598 0.083895
700 1995 598 0.084294
700 1995 598 0.084758
700 1995 598 0.084743
700 1995 598 0.084864
700 1995 598 0.084694
700 1995 598 0.084386
800 2334 700 0.127189
800 2334 700 0.126374
800 2334 700 0.126247
800 2334 700 0.126149
800 2334 700 0.125947
800 2334 700 0.125364
800 2334 700 0.125158
800 2334 700 0.124190
800 2334 700 0.123777
800 2334 700 0.123479
800 2334 700 0.122645
800 2334 700 0.121211
800 2334 700 0.118456
800 2334 700 0.115192
800 2334 700 0.115386
800 2334 700 0.115656
800 2334 700 0.116625
800 2334 700 0.117150
800 2334 700 0.117482
800 2334 700 0.117551
800 2334 700 0.117445
800 2334 700 0.117392
800 2334 700 0.117835
800 2334 700 0.118007
800 2334 700 0.117659
800 2334 700 0.118025
800 2334 700 0.118194
800 2334 700 0.118308
800 2334 700 0.118475
800 2334 700 0.118811
800 2334 700 0.119524
800 2334 700 0.119052
800 2334 700 0.119446
800 2334 700 0.119659
800 2334 700 0.119767
800 2334 700 0.119721
800 2334 700 0.120046
800 2334 700 0.119903
800 2334 700 0.119212
800 2334 700 0.118846
800 2334 700 0.118574
800 2334 700 0.118193
800 2334 700 0.118123
800 2334 700 0.118614
800 2334 700 0.119004
800 2334 700 0.121071
800 2334 700 0.124036
800 2334 700 0.119385
800 2334 700 0.119466
800 2334 700 0.119853
800 2334 700 0.119418
800 2334 700 0.119139
800 2334 700 0.118597
800 2334 700 0.118000
800 2334 700 0.116669
800 2334 700 0.114845
800 2334 700 0.113718
800 2334 700 0.113270
800 2334 700 0.112829
800 2334 700 0.113278
800 2334 700 0.113577
800 2334 700 0.113635
800 2334 700 0.113552
800 2334 700 0.113225
800 2334 700 0.112754
800 2334 700 0.112345
800 2334 700 0.112366
800 2334 700 0.112552
800 2334 700 0.113509
800 2334 700 0.114149
800 2334 700 0.114980
800 2334 700 0.115586
800 2334 700 0.115811
800 2334 700 0.116207
800 2334 700 0.116549
800 2334 700 0.116594
800 2334 700 0.116820
800 2334 700 0.116991
800 2334 700 0.116713
800 2334 700 0.116025
800 2334 700 0.114801
800 2334 700 0.113652
800 2334 700 0.112855
800 2334 700 0.112327
800 2334 700 0.112962
800 2334 700 0.113294
800 2334 700 0.113328
800 2334 700 0.113131
800 2334 700 0.112630
800 2334 700 0.111824
800 2334 700 0.112220
800 2334 700 0.112550
800 2334 700 0.113194
800 2334 700 0.113679
800 2334 700 0.114172
800 2334 700 0.115132
800 2334 700 0.115508
800 2334 700 0.115019
800 2334 700 0.114269
800 2334 700 0.114538
900 2680 804 0.166455
900 2680 804 0.165248
900 2680 804 0.165193
900 2680 804 0.165117
900 2680 804 0.165030
900 2680 804 0.164988
900 2680 804 0.163315
900 2680 804 0.162394
900 2680 804 0.160038
900 2680 804 0.156998
900 2680 804 0.156395
900 2680 804 0.156898
900 2680 804 0.157321
900 2680 804 0.157331
900 2680 804 0.156726
900 2680 804 0.155647
900 2680 804 0.154282
900 2680 804 0.153973
900 2680 804 0.153845
900 2680 804 0.153931
900 2680 804 0.154445
900 2680 804 0.154622
900 2680 804 0.154876
900 2680 804 0.155056
900 2680 804 0.154999
900 2680 804 0.155368
900 2680 804 0.155806
900 2680 804 0.156096
900 2680 804 0.156456
900 2680 804 0.155826
900 2680 804 0.155649
900 2680 804 0.155289
900 2680 804 0.154866
900 2680 804 0.154462
900 2680 804 0.154488
900 2680 804 0.154066
900 2680 804 0.153768
900 2680 804 0.153833
900 2680 804 0.153631
900 2680 804 0.153545
900 2680 804 0.154083
900 2680 804 0.154537
900 2680 804 0.155147
900 2680 804 0.155802
900 2680 804 0.156262
900 2680 804 0.156733
900 2680 804 0.157062
900 2680 804 0.157064
900 2680 804 0.156926
900 2680 804 0.156641
900 2680 804 0.156247
900 2680 804 0.156415
900 2680 804 0.162937
900 2680 804 0.156921
900 2680 804 0.156791
900 2680 804 0.156985
900 2680 804 0.157216
900 2680 804 0.157447
900 2680 804 0.157482
900 2680 804 0.157597
900 2680 804 0.157483
900 2680 804 0.157195
900 2680 804 0.156941
900 2680 804 0.156475
900 2680 804 0.155789
900 2680 804 0.154521
900 2680 804 0.153885
900 2680 804 0.155511
900 2680 804 0.153868
900 2680 804 0.152896
900 2680 804 0.154224
900 2680 804 0.153143
900 2680 804 0.153481
900 2680 804 0.154096
900 2680 804 0.154830
900 2680 804 0.155181
900 2680 804 0.155550
900 2680 804 0.155759
900 2680 804 0.155526
900 2680 804 0.155297
900 2680 804 0.154926
900 2680 804 0.154807
900 2680 804 0.154830
900 2680 804 0.154944
900 2680 804 0.155111
900 2680 804 0.155424
900 2680 804 0.155704
900 2680 804 0.155942
900 2680 804 0.155504
900 2680 804 0.155147
900 2680 804 0.154194
900 2680 804 0.153491
900 2680 804 0.153606
900 2680 804 0.152897
900 2680 804 0.153040
900 2680 804 0.152945
900 2680 804 0.153199
900 2680 804 0.153646
900 2680 804 0.154076
900 2680 804 0.154286
1000 3031 909 0.211408
1000 3031 909 0.210029
1000 3031 909 0.209970
1000 3031 909 0.210296
1000 3031 909 0.209508
1000 3031 909 0.208444
1000 3031 909 0.206847
1000 3031 909 0.204600
1000 3031 909 0.201642
1000 3031 909 0.200069
1000 3031 909 0.197956
1000 3031 909 0.197033
1000 3031 909 0.196033
1000 3031 909 0.196541
1000 3031 909 0.196385
1000 3031 909 0.196705
1000 3031 909 0.197095
1000 3031 909 0.197244
1000 3031 909 0.197157
1000 3031 909 0.197638
1000 3031 909 0.197734
1000 3031 909 0.198187
1000 3031 909 0.198338
1000 3031 909 0.198304
1000 3031 909 0.198416
1000 3031 909 0.198794
1000 3031 909 0.199444
1000 3031 909 0.199758
1000 3031 909 0.200119
1000 3031 909 0.199804
1000 3031 909 0.199778
1000 3031 909 0.199214
1000 3031 909 0.198968
1000 3031 909 0.198816
1000 3031 909 0.198755
1000 3031 909 0.198849
1000 3031 909 0.199022
1000 3031 909 0.201530
1000 3031 909 0.197939
1000 3031 909 0.198371
1000 3031 909 0.198954
1000 3031 909 0.199294
1000 3031 909 0.199756
1000 3031 909 0.199956
1000 3031 909 0.200471
1000 3031 909 0.200798
1000 3031 909 0.201043
1000 3031 909 0.200620
1000 3031 909 0.200343
1000 3031 909 0.200344
1000 3031 909 0.200368
1000 3031 909 0.200206
1000 3031 909 0.200034
1000 3031 909 0.199517
1000 3031 909 0.198868
1000 3031 909 0.198808
1000 3031 909 0.198750
1000 3031 909 0.198988
1000 3031 909 0.198852
1000 3031 909 0.198792
1000 3031 909 0.199032
1000 3031 909 0.199236
1000 3031 909 0.199579
1000 3031 909 0.199845
1000 3031 909 0.200144
1000 3031 909 0.200084
1000 3031 909 0.199877
1000 3031 909 0.199766
1000 3031 909 0.199824
1000 3031 909 0.200124
1000 3031 909 0.199883
1000 3031 909 0.199988
1000 3031 909 0.200018
1000 3031 909 0.200264
1000 3031 909 0.200589
1000 3031 909 0.200706
1000 3031 909 0.200123
1000 3031 909 0.199177
1000 3031 909 0.198012
1000 3031 909 0.196678
1000 3031 909 0.196421
1000 3031 909 0.196642
1000 3031 909 0.196452
1000 3031 909 0.196619
1000 3031 909 0.197114
1000 3031 909 0.198207
1000 3031 909 0.198929
1000 3031 909 0.199815
1000 3031 909 0.200385
1000 3031 909 0.200650
1000 3031 909 0.200877
1000 3031 909 0.201049
1000 3031 909 0.200930
1000 3031 909 0.200688
1000 3031 909 0.200256
1000 3031 909 0.199653
1000 3031 909 0.198527
1000 3031 909 0.197648
1000 3031 909 0.197106
1000 3031 909 0.197225
2000 6760 2028 1.050456
2000 6760 2028 1.041886
2000 6760 2028 1.043598
2000 6760 2028 1.042797
2000 6760 2028 1.042067
2000 6760 2028 1.041178
2000 6760 2028 1.039467
2000 6760 2028 1.036930
2000 6760 2028 1.035132
2000 6760 2028 1.028332
2000 6760 2028 1.018156
2000 6760 2028 1.007495
2000 6760 2028 1.002713
2000 6760 2028 1.001760
2000 6760 2028 1.001839
2000 6760 2028 1.002580
2000 6760 2028 1.005676
2000 6760 2028 1.007454
2000 6760 2028 1.004031
2000 6760 2028 1.004680
2000 6760 2028 1.005634
2000 6760 2028 1.007304
2000 6760 2028 1.007985
2000 6760 2028 1.007461
2000 6760 2028 1.008316
2000 6760 2028 1.007021
2000 6760 2028 1.007061
2000 6760 2028 1.007876
2000 6760 2028 1.007600
2000 6760 2028 1.007777
2000 6760 2028 1.008056
2000 6760 2028 1.009731
2000 6760 2028 1.007658
2000 6760 2028 1.007095
2000 6760 2028 1.006234
2000 6760 2028 1.006378
2000 6760 2028 1.004399
2000 6760 2028 1.004987
2000 6760 2028 1.007086
2000 6760 2028 1.006378
2000 6760 2028 1.006681
2000 6760 2028 1.007801
2000 6760 2028 1.007559
2000 6760 2028 1.007877
2000 6760 2028 1.009426
2000 6760 2028 1.007554
2000 6760 2028 1.010803
2000 6760 2028 1.006909
2000 6760 2028 1.008116
2000 6760 2028 1.010229
2000 6760 2028 1.008211
2000 6760 2028 1.007903
2000 6760 2028 1.009713
2000 6760 2028 1.007546
2000 6760 2028 1.007073
2000 6760 2028 1.007531
2000 6760 2028 1.006916
2000 6760 2028 1.006234
2000 6760 2028 1.005585
2000 6760 2028 1.006070
2000 6760 2028 1.006180
2000 6760 2028 1.005986
2000 6760 2028 1.005751
2000 6760 2028 1.006558
2000 6760 2028 1.005972
2000 6760 2028 1.005925
2000 6760 2028 1.005623
2000 6760 2028 1.005886
2000 6760 2028 1.005303
2000 6760 2028 1.005001
2000 6760 2028 1.004565
2000 6760 2028 1.005176
2000 6760 2028 1.009033
2000 6760 2028 1.006954
2000 6760 2028 1.006650
2000 6760 2028 1.006095
2000 6760 2028 1.006803
2000 6760 2028 1.007777
2000 6760 2028 1.007789
2000 6760 2028 1.009373
2000 6760 2028 1.008795
2000 6760 2028 1.009004
2000 6760 2028 1.009832
2000 6760 2028 1.009283
2000 6760 2028 1.008770
2000 6760 2028 1.009163
2000 6760 2028 1.008974
2000 6760 2028 1.008682
2000 6760 2028 1.008639
2000 6760 2028 1.008747
2000 6760 2028 1.008387
2000 6760 2028 1.008522
2000 6760 2028 1.008301
2000 6760 2028 1.008604
2000 6760 2028 1.009449
2000 6760 2028 1.009558
2000 6760 2028 1.008863
2000 6760 2028 1.008620
2000 6760 2028 1.008096
2000 6760 2028 1.007734
