100 185 55 0.001017
100 185 55 0.000962
100 185 55 0.000905
100 185 55 0.000844
100 185 55 0.000820
100 185 55 0.000822
100 185 55 0.000830
100 185 55 0.000836
100 185 55 0.000784
100 185 55 0.000686
100 185 55 0.000621
100 185 55 0.000566
100 185 55 0.000537
100 185 55 0.000591
100 185 55 0.000623
100 185 55 0.000634
100 185 55 0.000583
100 185 55 0.000568
100 185 55 0.000538
100 185 55 0.000514
100 185 55 0.000504
100 185 55 0.000493
100 185 55 0.000501
100 185 55 0.000487
100 185 55 0.000517
100 185 55 0.000520
100 185 55 0.000474
100 185 55 0.000459
100 185 55 0.000513
100 185 55 0.000506
100 185 55 0.000481
100 185 55 0.000440
100 185 55 0.000459
100 185 55 0.000469
100 185 55 0.000512
100 185 55 0.000461
100 185 55 0.000511
100 185 55 0.000523
100 185 55 0.000462
100 185 55 0.000429
100 185 55 0.000436
100 185 55 0.000459
100 185 55 0.000456
100 185 55 0.000444
100 185 55 0.000468
100 185 55 0.000476
100 185 55 0.000447
100 185 55 0.000423
100 185 55 0.000418
100 185 55 0.000382
100 185 55 0.000401
100 185 55 0.000410
100 185 55 0.000412
100 185 55 0.000433
100 185 55 0.000472
100 185 55 0.000441
100 185 55 0.000495
100 185 55 0.000478
100 185 55 0.000481
100 185 55 0.000506
100 185 55 0.000524
100 185 55 0.000432
100 185 55 0.000447
100 185 55 0.000466
100 185 55 0.000444
100 185 55 0.000416
100 185 55 0.000437
100 185 55 0.000465
100 185 55 0.000474
100 185 55 0.000525
100 185 55 0.000571
100 185 55 0.000517
100 185 55 0.000513
100 185 55 0.000523
100 185 55 0.000464
100 185 55 0.000457
100 185 55 0.000504
100 185 55 0.000433
100 185 55 0.000435
100 185 55 0.000429
100 185 55 0.000399
100 185 55 0.000401
100 185 55 0.000390
100 185 55 0.000407
100 185 55 0.000377
100 185 55 0.000376
100 185 55 0.000376
100 185 55 0.000378
100 185 55 0.000375
100 185 55 0.000392
100 185 55 0.000394
100 185 55 0.000379
100 185 55 0.000380
100 185 55 0.000387
100 185 55 0.000392
100 185 55 0.000379
100 185 55 0.000385
100 185 55 0.000406
100 185 55 0.000394
100 185 55 0.000395
200 442 132 0.005266
200 442 132 0.005126
200 442 132 0.005097
200 442 132 0.005063
200 442 132 0.005041
200 442 132 0.005055
200 442 132 0.005055
200 442 132 0.004949
200 442 132 0.004847
200 442 132 0.004713
200 442 132 0.004546
200 442 132 0.004151
200 442 132 0.003879
200 442 132 0.003763
200 442 132 0.003715
200 442 132 0.003930
200 442 132 0.004081
200 442 132 0.004173
200 442 132 0.004257
200 442 132 0.004265
200 442 132 0.004251
200 442 132 0.004231
200 442 132 0.004285
200 442 132 0.004266
200 442 132 0.004304
200 442 132 0.004299
200 442 132 0.004343
200 442 132 0.004266
200 442 132 0.004144
200 442 132 0.004032
200 442 132 0.003852
200 442 132 0.003711
200 442 132 0.003623
200 442 132 0.003474
200 442 132 0.003503
200 442 132 0.003662
200 442 132 0.003784
200 442 132 0.003821
200 442 132 0.003857
200 442 132 0.003936
200 442 132 0.004043
200 442 132 0.004103
200 442 132 0.004185
200 442 132 0.004153
200 442 132 0.004023
200 442 132 0.003810
200 442 132 0.003613
200 442 132 0.003592
200 442 132 0.003532
200 442 132 0.003640
200 442 132 0.003567
200 442 132 0.003682
200 442 132 0.003706
200 442 132 0.003952
200 442 132 0.003973
200 442 132 0.004035
200 442 132 0.003987
200 442 132 0.004100
200 442 132 0.004143
200 442 132 0.004000
200 442 132 0.003941
200 442 132 0.003800
200 442 132 0.003703
200 442 132 0.003523
200 442 132 0.003539
200 442 132 0.003629
200 442 132 0.003729
200 442 132 0.003685
200 442 132 0.003348
200 442 132 0.003151
200 442 132 0.003010
200 442 132 0.003144
200 442 132 0.003157
200 442 132 0.003356
200 442 132 0.003287
200 442 132 0.003121
200 442 132 0.003145
200 442 132 0.003355
200 442 132 0.003355
200 442 132 0.003390
200 442 132 0.003341
200 442 132 0.003270
200 442 132 0.003315
200 442 132 0.003393
200 442 132 0.003502
200 442 132 0.003701
200 442 132 0.003992
200 442 132 0.003718
200 442 132 0.003545
200 442 132 0.003173
200 442 132 0.002991
200 442 132 0.002913
200 442 132 0.003130
200 442 132 0.003105
200 442 132 0.003116
200 442 132 0.002976
200 442 132 0.002657
200 442 132 0.002678
200 442 132 0.003194
200 442 132 0.003660
300 726 217 0.013648
300 726 217 0.013421
300 726 217 0.013242
300 726 217 0.013119
300 726 217 0.012941
300 726 217 0.012500
300 726 217 0.012088
300 726 217 0.011807
300 726 217 0.011628
300 726 217 0.011347
300 726 217 0.011228
300 726 217 0.011488
300 726 217 0.011393
300 726 217 0.011499
300 726 217 0.011562
300 726 217 0.011682
300 726 217 0.011814
300 726 217 0.011852
300 726 217 0.011916
300 726 217 0.011971
300 726 217 0.012111
300 726 217 0.012038
300 726 217 0.012182
300 726 217 0.012259
300 726 217 0.012174
300 726 217 0.012285
300 726 217 0.012337
300 726 217 0.012378
300 726 217 0.012411
300 726 217 0.012413
300 726 217 0.012283
300 726 217 0.012012
300 726 217 0.011642
300 726 217 0.011422
300 726 217 0.011307
300 726 217 0.011322
300 726 217 0.011434
300 726 217 0.011548
300 726 217 0.011512
300 726 217 0.011473
300 726 217 0.011490
300 726 217 0.011419
300 726 217 0.011255
300 726 217 0.011303
300 726 217 0.011275
300 726 217 0.011365
300 726 217 0.011634
300 726 217 0.011820
300 726 217 0.011920
300 726 217 0.011933
300 726 217 0.011746
300 726 217 0.011694
300 726 217 0.011560
300 726 217 0.011373
300 726 217 0.011182
300 726 217 0.010713
300 726 217 0.010425
300 726 217 0.010381
300 726 217 0.010377
300 726 217 0.010285
300 726 217 0.010513
300 726 217 0.010360
300 726 217 0.010623
300 726 217 0.010559
300 726 217 0.010205
300 726 217 0.009948
300 726 217 0.009923
300 726 217 0.010339
300 726 217 0.010531
300 726 217 0.010791
300 726 217 0.010891
300 726 217 0.010725
300 726 217 0.010176
300 726 217 0.009639
300 726 217 0.009341
300 726 217 0.009513
300 726 217 0.010202
300 726 217 0.010566
300 726 217 0.010621
300 726 217 0.010686
300 726 217 0.010657
300 726 217 0.010573
300 726 217 0.010406
300 726 217 0.010484
300 726 217 0.010611
300 726 217 0.010788
300 726 217 0.011216
300 726 217 0.011303
300 726 217 0.011225
300 726 217 0.010808
300 726 217 0.009901
300 726 217 0.009229
300 726 217 0.009162
300 726 217 0.008659
300 726 217 0.009443
300 726 217 0.009797
300 726 217 0.009949
300 726 217 0.010190
300 726 217 0.010212
300 726 217 0.010305
400 1026 307 0.026276
400 1026 307 0.025841
400 1026 307 0.025817
400 1026 307 0.025679
400 1026 307 0.025516
400 1026 307 0.025249
400 1026 307 0.024965
400 1026 307 0.024779
400 1026 307 0.024519
400 1026 307 0.024456
400 1026 307 0.024066
400 1026 307 0.023625
400 1026 307 0.022607
400 1026 307 0.021253
400 1026 307 0.021907
400 1026 307 0.021991
400 1026 307 0.021978
400 1026 307 0.022162
400 1026 307 0.022275
400 1026 307 0.022558
400 1026 307 0.022756
400 1026 307 0.022846
400 1026 307 0.022938
400 1026 307 0.022993
400 1026 307 0.023098
400 1026 307 0.023179
400 1026 307 0.023186
400 1026 307 0.023291
400 1026 307 0.023320
400 1026 307 0.023395
400 1026 307 0.023414
400 1026 307 0.023397
400 1026 307 0.023199
400 1026 307 0.022944
400 1026 307 0.022682
400 1026 307 0.022639
400 1026 307 0.022702
400 1026 307 0.022652
400 1026 307 0.022787
400 1026 307 0.022785
400 1026 307 0.022752
400 1026 307 0.022715
400 1026 307 0.022605
400 1026 307 0.022729
400 1026 307 0.022827
400 1026 307 0.022907
400 1026 307 0.022852
400 1026 307 0.022861
400 1026 307 0.022739
400 1026 307 0.022557
400 1026 307 0.022579
400 1026 307 0.022470
400 1026 307 0.022534
400 1026 307 0.022570
400 1026 307 0.022792
400 1026 307 0.022818
400 1026 307 0.022649
400 1026 307 0.022665
400 1026 307 0.022494
400 1026 307 0.022469
400 1026 307 0.022085
400 1026 307 0.021785
400 1026 307 0.022029
400 1026 307 0.022141
400 1026 307 0.022139
400 1026 307 0.021254
400 1026 307 0.019513
400 1026 307 0.019031
400 1026 307 0.019383
400 1026 307 0.020372
400 1026 307 0.020667
400 1026 307 0.020696
400 1026 307 0.020752
400 1026 307 0.020724
400 1026 307 0.021008
400 1026 307 0.021136
400 1026 307 0.021326
400 1026 307 0.021732
400 1026 307 0.021879
400 1026 307 0.022140
400 1026 307 0.022350
400 1026 307 0.022354
400 1026 307 0.022055
400 1026 307 0.022025
400 1026 307 0.021745
400 1026 307 0.021627
400 1026 307 0.021618
400 1026 307 0.021678
400 1026 307 0.021771
400 1026 307 0.021860
400 1026 307 0.021938
400 1026 307 0.021743
400 1026 307 0.021276
400 1026 307 0.021113
400 1026 307 0.021141
400 1026 307 0.021501
400 1026 307 0.021590
400 1026 307 0.022111
400 1026 307 0.021839
400 1026 307 0.021671
500 1340 402 0.043777
500 1340 402 0.043097
500 1340 402 0.043088
500 1340 402 0.042978
500 1340 402 0.042816
500 1340 402 0.042631
500 1340 402 0.042359
500 1340 402 0.042242
500 1340 402 0.042012
500 1340 402 0.041604
500 1340 402 0.041470
500 1340 402 0.041248
500 1340 402 0.041075
500 1340 402 0.040738
500 1340 402 0.040066
500 1340 402 0.039015
500 1340 402 0.038207
500 1340 402 0.037175
500 1340 402 0.036506
500 1340 402 0.036659
500 1340 402 0.037126
500 1340 402 0.038291
500 1340 402 0.039419
500 1340 402 0.039702
500 1340 402 0.039670
500 1340 402 0.039846
500 1340 402 0.039843
500 1340 402 0.039961
500 1340 402 0.040026
500 1340 402 0.040112
500 1340 402 0.039886
500 1340 402 0.039679
500 1340 402 0.039603
500 1340 402 0.039569
500 1340 402 0.039266
500 1340 402 0.038410
500 1340 402 0.037137
500 1340 402 0.036835
500 1340 402 0.037698
500 1340 402 0.038449
500 1340 402 0.038899
500 1340 402 0.039143
500 1340 402 0.039316
500 1340 402 0.039404
500 1340 402 0.039509
500 1340 402 0.039762
500 1340 402 0.039735
500 1340 402 0.039804
500 1340 402 0.039952
500 1340 402 0.040082
500 1340 402 0.040047
500 1340 402 0.040113
500 1340 402 0.040227
500 1340 402 0.040014
500 1340 402 0.039942
500 1340 402 0.039516
500 1340 402 0.039165
500 1340 402 0.038958
500 1340 402 0.038692
500 1340 402 0.038088
500 1340 402 0.037830
500 1340 402 0.038262
500 1340 402 0.038261
500 1340 402 0.038547
500 1340 402 0.038481
500 1340 402 0.038404
500 1340 402 0.038335
500 1340 402 0.038114
500 1340 402 0.037514
500 1340 402 0.036351
500 1340 402 0.035687
500 1340 402 0.035985
500 1340 402 0.036652
500 1340 402 0.038092
500 1340 402 0.038675
500 1340 402 0.038826
500 1340 402 0.038362
500 1340 402 0.037802
500 1340 402 0.037857
500 1340 402 0.038589
500 1340 402 0.038913
500 1340 402 0.038429
500 1340 402 0.038569
500 1340 402 0.038821
500 1340 402 0.039124
500 1340 402 0.039297
500 1340 402 0.039194
500 1340 402 0.039343
500 1340 402 0.039287
500 1340 402 0.039056
500 1340 402 0.038818
500 1340 402 0.037712
500 1340 402 0.036648
500 1340 402 0.036244
500 1340 402 0.037206
500 1340 402 0.042230
500 1340 402 0.042176
500 1340 402 0.042082
500 1340 402 0.040906
500 1340 402 0.036660
600 1663 498 0.066095
600 1663 498 0.065531
600 1663 498 0.065471
600 1663 498 0.065308
600 1663 498 0.064809
600 1663 498 0.063776
600 1663 498 0.062347
600 1663 498 0.060356
600 1663 498 0.059148
600 1663 498 0.058907
600 1663 498 0.059480
600 1663 498 0.060005
600 1663 498 0.060203
600 1663 498 0.060148
600 1663 498 0.060630
600 1663 498 0.060466
600 1663 498 0.060617
600 1663 498 0.060737
600 1663 498 0.060865
600 1663 498 0.060752
600 1663 498 0.060518
600 1663 498 0.060247
600 1663 498 0.060142
600 1663 498 0.060087
600 1663 498 0.059496
600 1663 498 0.059052
600 1663 498 0.058850
600 1663 498 0.059094
600 1663 498 0.059370
600 1663 498 0.059682
600 1663 498 0.059816
600 1663 498 0.060179
600 1663 498 0.060324
600 1663 498 0.060419
600 1663 498 0.060523
600 1663 498 0.060608
600 1663 498 0.060636
600 1663 498 0.060633
600 1663 498 0.060281
600 1663 498 0.060298
600 1663 498 0.060094
600 1663 498 0.059737
600 1663 498 0.059292
600 1663 498 0.059178
600 1663 498 0.059327
600 1663 498 0.059608
600 1663 498 0.059529
600 1663 498 0.058933
600 1663 498 0.059092
600 1663 498 0.059114
600 1663 498 0.059270
600 1663 498 0.059232
600 1663 498 0.058166
600 1663 498 0.056472
600 1663 498 0.055921
600 1663 498 0.055654
600 1663 498 0.056280
600 1663 498 0.056822
600 1663 498 0.056832
600 1663 498 0.057164
600 1663 498 0.057210
600 1663 498 0.057522
600 1663 498 0.058034
600 1663 498 0.058205
600 1663 498 0.058611
600 1663 498 0.058815
600 1663 498 0.059090
600 1663 498 0.059156
600 1663 498 0.058488
600 1663 498 0.057289
600 1663 498 0.056911
600 1663 498 0.056294
600 1663 498 0.056388
600 1663 498 0.056715
600 1663 498 0.057333
600 1663 498 0.057838
600 1663 498 0.058243
600 1663 498 0.058207
600 1663 498 0.057771
600 1663 498 0.057993
600 1663 498 0.058195
600 1663 498 0.057998
600 1663 498 0.058279
600 1663 498 0.058337
600 1663 498 0.058169
600 1663 498 0.057505
600 1663 498 0.057084
600 1663 498 0.057051
600 1663 498 0.057415
600 1663 498 0.057403
600 1663 498 0.057073
600 1663 498 0.056342
600 1663 498 0.056198
600 1663 498 0.056121
600 1663 498 0.056286
600 1663 498 0.055963
600 1663 498 0.056475
600 1663 498 0.056590
600 1663 498 0.057200
600 1663 498 0.057520
700 1995 598 0.094170
700 1995 598 0.093732
700 1995 598 0.093223
700 1995 598 0.093195
700 1995 598 0.092914
700 1995 598 0.092634
700 1995 598 0.091875
700 1995 598 0.091135
700 1995 598 0.090508
700 1995 598 0.090013
700 1995 598 0.088933
700 1995 598 0.087456
700 1995 598 0.086208
700 1995 598 0.085725
700 1995 598 0.085349
700 1995 598 0.085465
700 1995 598 0.085867
700 1995 598 0.086461
700 1995 598 0.087061
700 1995 598 0.086531
700 1995 598 0.084144
700 1995 598 0.083727
700 1995 598 0.084141
700 1995 598 0.082939
700 1995 598 0.083542
700 1995 598 0.084464
700 1995 598 0.084829
700 1995 598 0.085116
700 1995 598 0.085530
700 1995 598 0.085642
700 1995 598 0.085635
700 1995 598 0.086112
700 1995 598 0.086714
700 1995 598 0.086783
700 1995 598 0.086950
700 1995 598 0.088005
700 1995 598 0.092281
700 1995 598 0.092318
700 1995 598 0.087892
700 1995 598 0.086899
700 1995 598 0.086995
700 1995 598 0.086991
700 1995 598 0.087143
700 1995 598 0.086980
700 1995 598 0.086862
700 1995 598 0.086660
700 1995 598 0.086385
700 1995 598 0.086476
700 1995 598 0.086218
700 1995 598 0.086189
700 1995 598 0.086247
700 1995 598 0.086498
700 1995 598 0.086806
700 1995 598 0.087237
700 1995 598 0.087569
700 1995 598 0.087200
700 1995 598 0.087256
700 1995 598 0.087332
700 1995 598 0.086964
700 1995 598 0.086825
700 1995 598 0.086564
700 1995 598 0.086573
700 1995 598 0.086620
700 1995 598 0.086779
700 1995 598 0.086923
700 1995 598 0.086949
700 1995 598 0.086385
700 1995 598 0.085295
700 1995 598 0.083319
700 1995 598 0.082728
700 1995 598 0.083456
700 1995 598 0.084247
700 1995 598 0.083852
700 1995 598 0.084252
700 1995 598 0.084329
700 1995 598 0.084822
700 1995 598 0.085092
700 1995 598 0.085909
700 1995 598 0.086003
700 1995 598 0.086397
700 1995 598 0.086996
700 1995 598 0.086754
700 1995 598 0.086151
700 1995 598 0.085467
700 1995 598 0.084650
700 1995 598 0.084260
700 1995 598 0.083411
700 1995 598 0.082993
700 1995 598 0.082905
700 1995 598 0.082738
700 1995 598 0.082901
700 1995 598 0.083074
700 1995 598 0.083920
700 1995 598 0.084024
700 1995 598 0.084242
700 1995 598 0.084176
700 1995 598 0.083846
700 1995 598 0.084116
700 1995 598 0.084574
700 1995 598 0.084821
800 2334 700 0.127383
800 2334 700 0.126396
800 2334 700 0.126273
800 2334 700 0.126184
800 2334 700 0.125862
800 2334 700 0.125303
800 2334 700 0.124863
800 2334 700 0.123648
800 2334 700 0.122739
800 2334 700 0.121543
800 2334 700 0.119061
800 2334 700 0.116076
800 2334 700 0.113429
800 2334 700 0.112508
800 2334 700 0.113023
800 2334 700 0.114345
800 2334 700 0.122897
800 2334 700 0.114717
800 2334 700 0.115115
800 2334 700 0.115561
800 2334 700 0.118930
800 2334 700 0.120694
800 2334 700 0.118007
800 2334 700 0.118787
800 2334 700 0.118847
800 2334 700 0.118318
800 2334 700 0.116425
800 2334 700 0.114744
800 2334 700 0.114372
800 2334 700 0.114690
800 2334 700 0.114290
800 2334 700 0.114793
800 2334 700 0.115347
800 2334 700 0.115943
800 2334 700 0.115648
800 2334 700 0.116367
800 2334 700 0.117660
800 2334 700 0.118402
800 2334 700 0.118802
800 2334 700 0.118728
800 2334 700 0.118367
800 2334 700 0.118255
800 2334 700 0.118248
800 2334 700 0.118439
800 2334 700 0.118439
800 2334 700 0.118102
800 2334 700 0.117987
800 2334 700 0.117980
800 2334 700 0.117853
800 2334 700 0.117914
800 2334 700 0.117715
800 2334 700 0.117339
800 2334 700 0.117093
800 2334 700 0.117059
800 2334 700 0.117544
800 2334 700 0.117526
800 2334 700 0.118073
800 2334 700 0.118259
800 2334 700 0.118251
800 2334 700 0.118408
800 2334 700 0.118421
800 2334 700 0.118452
800 2334 700 0.118470
800 2334 700 0.118570
800 2334 700 0.118669
800 2334 700 0.118757
800 2334 700 0.118578
800 2334 700 0.118211
800 2334 700 0.118295
800 2334 700 0.118439
800 2334 700 0.118633
800 2334 700 0.118594
800 2334 700 0.118875
800 2334 700 0.119042
800 2334 700 0.119259
800 2334 700 0.119493
800 2334 700 0.119477
800 2334 700 0.120593
800 2334 700 0.125801
800 2334 700 0.120850
800 2334 700 0.119583
800 2334 700 0.119788
800 2334 700 0.119753
800 2334 700 0.119471
800 2334 700 0.119497
800 2334 700 0.119023
800 2334 700 0.118234
800 2334 700 0.116646
800 2334 700 0.115888
800 2334 700 0.115053
800 2334 700 0.114656
800 2334 700 0.115511
800 2334 700 0.116422
800 2334 700 0.117108
800 2334 700 0.117970
800 2334 700 0.118416
800 2334 700 0.118624
800 2334 700 0.118628
800 2334 700 0.118871
800 2334 700 0.118898
900 2680 804 0.166691
900 2680 804 0.165147
900 2680 804 0.165077
900 2680 804 0.165009
900 2680 804 0.165147
900 2680 804 0.164434
900 2680 804 0.163939
900 2680 804 0.163629
900 2680 804 0.163042
900 2680 804 0.162658
900 2680 804 0.161964
900 2680 804 0.162291
900 2680 804 0.157457
900 2680 804 0.153377
900 2680 804 0.152406
900 2680 804 0.153853
900 2680 804 0.155212
900 2680 804 0.155682
900 2680 804 0.156121
900 2680 804 0.155930
900 2680 804 0.155965
900 2680 804 0.156004
900 2680 804 0.155853
900 2680 804 0.156183
900 2680 804 0.155971
900 2680 804 0.155834
900 2680 804 0.155218
900 2680 804 0.154830
900 2680 804 0.154236
900 2680 804 0.153703
900 2680 804 0.153502
900 2680 804 0.153302
900 2680 804 0.153324
900 2680 804 0.153619
900 2680 804 0.154128
900 2680 804 0.154717
900 2680 804 0.155526
900 2680 804 0.155944
900 2680 804 0.156212
900 2680 804 0.156260
900 2680 804 0.156460
900 2680 804 0.155463
900 2680 804 0.154845
900 2680 804 0.154766
900 2680 804 0.154421
900 2680 804 0.154529
900 2680 804 0.154293
900 2680 804 0.154376
900 2680 804 0.154174
900 2680 804 0.154353
900 2680 804 0.154183
900 2680 804 0.154312
900 2680 804 0.154619
900 2680 804 0.155078
900 2680 804 0.155564
900 2680 804 0.156045
900 2680 804 0.156389
900 2680 804 0.156506
900 2680 804 0.156680
900 2680 804 0.156587
900 2680 804 0.156469
900 2680 804 0.156139
900 2680 804 0.155625
900 2680 804 0.155331
900 2680 804 0.154808
900 2680 804 0.154683
900 2680 804 0.154452
900 2680 804 0.154393
900 2680 804 0.154461
900 2680 804 0.154886
900 2680 804 0.155567
900 2680 804 0.156226
900 2680 804 0.156167
900 2680 804 0.155913
900 2680 804 0.155959
900 2680 804 0.155949
900 2680 804 0.155632
900 2680 804 0.155554
900 2680 804 0.154640
900 2680 804 0.153457
900 2680 804 0.153121
900 2680 804 0.153544
900 2680 804 0.154335
900 2680 804 0.154787
900 2680 804 0.155288
900 2680 804 0.155634
900 2680 804 0.155597
900 2680 804 0.155754
900 2680 804 0.155704
900 2680 804 0.155673
900 2680 804 0.155897
900 2680 804 0.155880
900 2680 804 0.156010
900 2680 804 0.156340
900 2680 804 0.156553
900 2680 804 0.156899
900 2680 804 0.156836
900 2680 804 0.156693
900 2680 804 0.156430
900 2680 804 0.156484
1000 3031 909 0.211354
1000 3031 909 0.211262
1000 3031 909 0.210016
1000 3031 909 0.210246
1000 3031 909 0.209222
1000 3031 909 0.207970
1000 3031 909 0.206386
1000 3031 909 0.204991
1000 3031 909 0.202644
1000 3031 909 0.200724
1000 3031 909 0.198450
1000 3031 909 0.198036
1000 3031 909 0.198473
1000 3031 909 0.199074
1000 3031 909 0.199567
1000 3031 909 0.199192
1000 3031 909 0.199511
1000 3031 909 0.199662
1000 3031 909 0.199775
1000 3031 909 0.199935
1000 3031 909 0.200135
1000 3031 909 0.199806
1000 3031 909 0.199684
1000 3031 909 0.199314
1000 3031 909 0.198941
1000 3031 909 0.198797
1000 3031 909 0.197859
1000 3031 909 0.197198
1000 3031 909 0.196501
1000 3031 909 0.195550
1000 3031 909 0.194886
1000 3031 909 0.195066
1000 3031 909 0.196291
1000 3031 909 0.195918
1000 3031 909 0.196144
1000 3031 909 0.196736
1000 3031 909 0.196609
1000 3031 909 0.196010
1000 3031 909 0.194603
1000 3031 909 0.192466
1000 3031 909 0.192286
1000 3031 909 0.192664
1000 3031 909 0.193528
1000 3031 909 0.194315
1000 3031 909 0.194500
1000 3031 909 0.194830
1000 3031 909 0.195261
1000 3031 909 0.195450
1000 3031 909 0.195524
1000 3031 909 0.196078
1000 3031 909 0.196490
1000 3031 909 0.196831
1000 3031 909 0.196930
1000 3031 909 0.197253
1000 3031 909 0.197765
1000 3031 909 0.198491
1000 3031 909 0.198704
1000 3031 909 0.198886
1000 3031 909 0.202712
1000 3031 909 0.199016
1000 3031 909 0.198083
1000 3031 909 0.196970
1000 3031 909 0.195711
1000 3031 909 0.194694
1000 3031 909 0.194944
1000 3031 909 0.195833
1000 3031 909 0.196349
1000 3031 909 0.197006
1000 3031 909 0.197282
1000 3031 909 0.197679
1000 3031 909 0.198318
1000 3031 909 0.198819
1000 3031 909 0.199357
1000 3031 909 0.199426
1000 3031 909 0.199046
1000 3031 909 0.199857
1000 3031 909 0.196950
1000 3031 909 0.194738
1000 3031 909 0.193560
1000 3031 909 0.193533
1000 3031 909 0.193835
1000 3031 909 0.194749
1000 3031 909 0.195720
1000 3031 909 0.196238
1000 3031 909 0.196929
1000 3031 909 0.196797
1000 3031 909 0.197367
1000 3031 909 0.197714
1000 3031 909 0.197709
1000 3031 909 0.197738
1000 3031 909 0.197454
1000 3031 909 0.197380
1000 3031 909 0.197226
1000 3031 909 0.196737
1000 3031 909 0.196044
1000 3031 909 0.195905
1000 3031 909 0.195609
1000 3031 909 0.196427
1000 3031 909 0.197717
1000 3031 909 0.197071
2000 6760 2028 1.049675
2000 6760 2028 1.041646
2000 6760 2028 1.041970
2000 6760 2028 1.041701
2000 6760 2028 1.041714
2000 6760 2028 1.040309
2000 6760 2028 1.036599
2000 6760 2028 1.027463
2000 6760 2028 1.013742
2000 6760 2028 1.005246
2000 6760 2028 1.001191
2000 6760 2028 1.000293
2000 6760 2028 1.000541
2000 6760 2028 0.999940
2000 6760 2028 1.000453
2000 6760 2028 1.001421
2000 6760 2028 1.001049
2000 6760 2028 1.001300
2000 6760 2028 1.002755
2000 6760 2028 1.003841
2000 6760 2028 1.003445
2000 6760 2028 1.004205
2000 6760 2028 1.003780
2000 6760 2028 1.005220
2000 6760 2028 1.004482
2000 6760 2028 1.003295
2000 6760 2028 1.006757
2000 6760 2028 1.004607
2000 6760 2028 1.004775
2000 6760 2028 1.001580
2000 6760 2028 1.001412
2000 6760 2028 1.002333
2000 6760 2028 1.001450
2000 6760 2028 1.001442
2000 6760 2028 1.004471
2000 6760 2028 1.002412
2000 6760 2028 1.008939
2000 6760 2028 1.006488
2000 6760 2028 1.002750
2000 6760 2028 1.007176
2000 6760 2028 1.006300
2000 6760 2028 1.003671
2000 6760 2028 1.003918
2000 6760 2028 1.003881
2000 6760 2028 1.004941
2000 6760 2028 1.007886
2000 6760 2028 1.004203
2000 6760 2028 1.005057
2000 6760 2028 1.006169
2000 6760 2028 1.007097
2000 6760 2028 1.007855
2000 6760 2028 1.017414
2000 6760 2028 1.010540
2000 6760 2028 1.009111
2000 6760 2028 1.010046
2000 6760 2028 1.009259
2000 6760 2028 1.009168
2000 6760 2028 1.010622
2000 6760 2028 1.009465
2000 6760 2028 1.009521
2000 6760 2028 1.009746
2000 6760 2028 1.010339
2000 6760 2028 1.008885
2000 6760 2028 1.008905
2000 6760 2028 1.015408
2000 6760 2028 1.009084
2000 6760 2028 1.009269
2000 6760 2028 1.011439
2000 6760 2028 1.008060
2000 6760 2028 1.009174
2000 6760 2028 1.006285
2000 6760 2028 1.005703
2000 6760 2028 1.006324
2000 6760 2028 1.009482
2000 6760 2028 1.006827
2000 6760 2028 1.005908
2000 6760 2028 1.006302
2000 6760 2028 1.009972
2000 6760 2028 1.007601
2000 6760 2028 1.007614
2000 6760 2028 1.007794
2000 6760 2028 1.007830
2000 6760 2028 1.007730
2000 6760 2028 1.008715
2000 6760 2028 1.008735
2000 6760 2028 1.006065
2000 6760 2028 1.005819
2000 6760 2028 1.005831
2000 6760 2028 1.014510
2000 6760 2028 1.012015
2000 6760 2028 1.007177
2000 6760 2028 1.008493
2000 6760 2028 1.011055
2000 6760 2028 1.008770
2000 6760 2028 1.008071
2000 6760 2028 1.007841
2000 6760 2028 1.007641
2000 6760 2028 1.008242
2000 6760 2028 1.008755
2000 6760 2028 1.010998
5000 19200 5760 8.733356
5000 19200 5760 8.656899
5000 19200 5760 8.655194
5000 19200 5760 8.655013
5000 19200 5760 8.667689
5000 19200 5760 8.645743
5000 19200 5760 8.642780
5000 19200 5760 8.633812
5000 19200 5760 8.624592
5000 19200 5760 8.599393
5000 19200 5760 8.586685
5000 19200 5760 8.575316
5000 19200 5760 8.565678
5000 19200 5760 8.557525
5000 19200 5760 8.525139
5000 19200 5760 8.491443
5000 19200 5760 8.467534
5000 19200 5760 8.439526
5000 19200 5760 8.439750
5000 19200 5760 8.438293
5000 19200 5760 8.435365
5000 19200 5760 8.434522
5000 19200 5760 8.438940
5000 19200 5760 8.442774
5000 19200 5760 8.444795
5000 19200 5760 8.440932
5000 19200 5760 8.438672
5000 19200 5760 8.439194
5000 19200 5760 8.438106
5000 19200 5760 8.440661
5000 19200 5760 8.444964
5000 19200 5760 8.443473
5000 19200 5760 8.444157
5000 19200 5760 8.439791
5000 19200 5760 8.442287
5000 19200 5760 8.442656
5000 19200 5760 8.445152
5000 19200 5760 8.443374
5000 19200 5760 8.449076
5000 19200 5760 8.446727
5000 19200 5760 8.448537
5000 19200 5760 8.448406
5000 19200 5760 8.450549
5000 19200 5760 8.446501
5000 19200 5760 8.446969
5000 19200 5760 8.444956
5000 19200 5760 8.448585
5000 19200 5760 8.450774
5000 19200 5760 8.446550
5000 19200 5760 8.448809
5000 19200 5760 8.441013
5000 19200 5760 8.445882
5000 19200 5760 8.443535
5000 19200 5760 8.442846
5000 19200 5760 8.443457
5000 19200 5760 8.444860
5000 19200 5760 8.443715
5000 19200 5760 8.445773
5000 19200 5760 8.448477
5000 19200 5760 8.445048
5000 19200 5760 8.445523
5000 19200 5760 8.451110
5000 19200 5760 8.444738
5000 19200 5760 8.445904
5000 19200 5760 8.444403
5000 19200 5760 8.447664
5000 19200 5760 8.443181
5000 19200 5760 8.441232
5000 19200 5760 8.440097
5000 19200 5760 8.443835
5000 19200 5760 8.445842
5000 19200 5760 8.441346
5000 19200 5760 8.439244
5000 19200 5760 8.445509
5000 19200 5760 8.448408
5000 19200 5760 8.442293
5000 19200 5760 8.443887
5000 19200 5760 8.441389
5000 19200 5760 8.447582
5000 19200 5760 8.447613
5000 19200 5760 8.448706
5000 19200 5760 8.454741
5000 19200 5760 8.449647
5000 19200 5760 8.446792
5000 19200 5760 8.444659
5000 19200 5760 8.442210
5000 19200 5760 8.449011
5000 19200 5760 8.445243
5000 19200 5760 8.449978
5000 19200 5760 8.441493
5000 19200 5760 8.447354
5000 19200 5760 8.443731
5000 19200 5760 8.446090
5000 19200 5760 8.450026
5000 19200 5760 8.444132
5000 19200 5760 8.445266
5000 19200 5760 8.445434
5000 19200 5760 8.448389
5000 19200 5760 8.444658
5000 19200 5760 8.447545
9000 37211 11163 34.057566
9000 37211 11163 33.801074
9000 37211 11163 33.666732
9000 37211 11163 33.820566
9000 37211 11163 33.807069
9000 37211 11163 33.808829
9000 37211 11163 33.791302
9000 37211 11163 33.769122
9000 37211 11163 33.753502
9000 37211 11163 33.723386
9000 37211 11163 33.690247
9000 37211 11163 33.668347
9000 37211 11163 33.629003
9000 37211 11163 33.568689
9000 37211 11163 33.481407
9000 37211 11163 33.371670
9000 37211 11163 33.304669
9000 37211 11163 33.225201
9000 37211 11163 33.171743
9000 37211 11163 33.117457
9000 37211 11163 33.117523
9000 37211 11163 33.130641
9000 37211 11163 33.116435
9000 37211 11163 33.123633
9000 37211 11163 33.125738
9000 37211 11163 33.125758
9000 37211 11163 33.127498
9000 37211 11163 33.143554
9000 37211 11163 33.119331
9000 37211 11163 33.137214
9000 37211 11163 33.116077
9000 37211 11163 33.118425
9000 37211 11163 33.129677
9000 37211 11163 33.120555
9000 37211 11163 33.128838
9000 37211 11163 33.122672
9000 37211 11163 33.116779
9000 37211 11163 33.118556
9000 37211 11163 33.116177
9000 37211 11163 33.115897
9000 37211 11163 33.120182
9000 37211 11163 33.107177
9000 37211 11163 33.102158
9000 37211 11163 33.106404
9000 37211 11163 33.118291
9000 37211 11163 33.107506
9000 37211 11163 33.111945
9000 37211 11163 33.112700
9000 37211 11163 33.100832
9000 37211 11163 33.100826
9000 37211 11163 33.108384
9000 37211 11163 33.106519
9000 37211 11163 33.101889
9000 37211 11163 33.106907
9000 37211 11163 33.103076
9000 37211 11163 33.099002
9000 37211 11163 33.103804
9000 37211 11163 33.101558
9000 37211 11163 33.102856
9000 37211 11163 33.106222
9000 37211 11163 33.099099
9000 37211 11163 33.099761
9000 37211 11163 33.096176
9000 37211 11163 33.095103
9000 37211 11163 33.095146
9000 37211 11163 33.094467
9000 37211 11163 33.088827
9000 37211 11163 33.095025
9000 37211 11163 33.093949
9000 37211 11163 33.109856
9000 37211 11163 33.102102
9000 37211 11163 33.104777
9000 37211 11163 33.106470
9000 37211 11163 33.108069
9000 37211 11163 33.102266
9000 37211 11163 33.093247
9000 37211 11163 33.095075
9000 37211 11163 33.095564
9000 37211 11163 33.100457
9000 37211 11163 33.092730
9000 37211 11163 33.102464
9000 37211 11163 33.090839
9000 37211 11163 33.093866
9000 37211 11163 33.097247
9000 37211 11163 33.105655
9000 37211 11163 33.103815
9000 37211 11163 33.109141
9000 37211 11163 33.091696
9000 37211 11163 33.097677
9000 37211 11163 33.111342
9000 37211 11163 33.106727
9000 37211 11163 33.104351
9000 37211 11163 33.108814
9000 37211 11163 33.112527
9000 37211 11163 33.104011
9000 37211 11163 33.103280
9000 37211 11163 33.104280
9000 37211 11163 33.105437
9000 37211 11163 33.103656
9000 37211 11163 33.108646
