10 10000 5000 0.000152
10 10000 5000 0.000131
10 10000 5000 0.000132
10 10000 5000 0.000131
10 10000 5000 0.000134
10 10000 5000 0.000132
10 10000 5000 0.000131
10 10000 5000 0.000132
10 10000 5000 0.000131
10 10000 5000 0.000131
10 10000 5000 0.000131
10 10000 5000 0.000131
10 10000 5000 0.000131
10 10000 5000 0.000132
10 10000 5000 0.000133
10 10000 5000 0.000131
10 10000 5000 0.000132
10 10000 5000 0.000131
10 10000 5000 0.000131
10 10000 5000 0.000132
10 10000 5000 0.000134
50 10000 5000 0.000720
50 10000 5000 0.000700
50 10000 5000 0.000699
50 10000 5000 0.000698
50 10000 5000 0.000696
50 10000 5000 0.000698
50 10000 5000 0.000693
50 10000 5000 0.000696
50 10000 5000 0.000695
50 10000 5000 0.000697
50 10000 5000 0.000697
50 10000 5000 0.000696
50 10000 5000 0.000695
50 10000 5000 0.000696
50 10000 5000 0.000696
50 10000 5000 0.000699
50 10000 5000 0.000698
50 10000 5000 0.000696
50 10000 5000 0.000693
50 10000 5000 0.000699
50 10000 5000 0.000696
50 10000 5000 0.000697
50 10000 5000 0.000695
50 10000 5000 0.000694
50 10000 5000 0.000693
50 10000 5000 0.000702
50 10000 5000 0.000694
50 10000 5000 0.000695
100 10000 5000 0.001410
100 10000 5000 0.001375
100 10000 5000 0.001377
100 10000 5000 0.001374
100 10000 5000 0.001372
100 10000 5000 0.001376
100 10000 5000 0.001374
100 10000 5000 0.001373
100 10000 5000 0.001373
100 10000 5000 0.001373
100 10000 5000 0.001377
100 10000 5000 0.001374
100 10000 5000 0.001373
100 10000 5000 0.001370
100 10000 5000 0.001372
100 10000 5000 0.001369
100 10000 5000 0.001372
100 10000 5000 0.001370
100 10000 5000 0.001373
100 10000 5000 0.001373
100 10000 5000 0.001383
100 10000 5000 0.001376
100 10000 5000 0.001373
100 10000 5000 0.001372
100 10000 5000 0.001373
100 10000 5000 0.001371
100 10000 5000 0.001369
100 10000 5000 0.001372
100 10000 5000 0.001372
100 10000 5000 0.001367
100 10000 5000 0.001365
100 10000 5000 0.001364
100 10000 5000 0.001360
100 10000 5000 0.001370
100 10000 5000 0.001367
100 10000 5000 0.001367
100 10000 5000 0.001364
100 10000 5000 0.001362
100 10000 5000 0.001358
100 10000 5000 0.001358
100 10000 5000 0.001359
100 10000 5000 0.001356
100 10000 5000 0.001355
100 10000 5000 0.001358
100 10000 5000 0.001353
100 10000 5000 0.001357
100 10000 5000 0.001360
100 10000 5000 0.001361
100 10000 5000 0.001362
100 10000 5000 0.001362
100 10000 5000 0.001360
100 10000 5000 0.001361
100 10000 5000 0.001359
100 10000 5000 0.001365
100 10000 5000 0.001358
100 10000 5000 0.001361
100 10000 5000 0.001360
100 10000 5000 0.001361
100 10000 5000 0.001361
100 10000 5000 0.001359
