100 185 55 0.000040
100 185 55 0.000034
100 185 55 0.000029
100 185 55 0.000031
100 185 55 0.000028
100 185 55 0.000029
100 185 55 0.000028
100 185 55 0.000028
100 185 55 0.000028
100 185 55 0.000029
100 185 55 0.000028
100 185 55 0.000028
100 185 55 0.000028
100 185 55 0.000028
100 185 55 0.000028
100 185 55 0.000028
100 185 55 0.000028
100 185 55 0.000028
100 185 55 0.000028
100 185 55 0.000029
100 185 55 0.000028
100 185 55 0.000028
100 185 55 0.000028
100 185 55 0.000028
100 185 55 0.000028
100 185 55 0.000028
100 185 55 0.000028
100 185 55 0.000028
100 185 55 0.000028
100 185 55 0.000028
100 185 55 0.000028
100 185 55 0.000028
100 185 55 0.000028
100 185 55 0.000030
100 185 55 0.000028
100 185 55 0.000028
100 185 55 0.000028
100 185 55 0.000028
100 185 55 0.000028
100 185 55 0.000028
100 185 55 0.000028
100 185 55 0.000028
100 185 55 0.000028
100 185 55 0.000028
100 185 55 0.000030
100 185 55 0.000028
100 185 55 0.000028
100 185 55 0.000028
100 185 55 0.000028
100 185 55 0.000028
100 185 55 0.000028
100 185 55 0.000028
100 185 55 0.000028
100 185 55 0.000028
100 185 55 0.000028
100 185 55 0.000028
100 185 55 0.000028
100 185 55 0.000028
100 185 55 0.000028
100 185 55 0.000031
100 185 55 0.000028
100 185 55 0.000028
100 185 55 0.000028
100 185 55 0.000028
100 185 55 0.000028
100 185 55 0.000028
100 185 55 0.000028
100 185 55 0.000028
100 185 55 0.000028
100 185 55 0.000028
100 185 55 0.000028
100 185 55 0.000028
100 185 55 0.000028
100 185 55 0.000028
100 185 55 0.000028
100 185 55 0.000028
100 185 55 0.000028
100 185 55 0.000028
100 185 55 0.000028
100 185 55 0.000028
100 185 55 0.000028
100 185 55 0.000028
100 185 55 0.000028
100 185 55 0.000028
100 185 55 0.000028
100 185 55 0.000028
100 185 55 0.000029
100 185 55 0.000028
100 185 55 0.000028
100 185 55 0.000028
100 185 55 0.000028
100 185 55 0.000028
100 185 55 0.000028
100 185 55 0.000028
100 185 55 0.000028
100 185 55 0.000028
100 185 55 0.000028
100 185 55 0.000028
100 185 55 0.000028
100 185 55 0.000028
100 185 55 0.000028
200 442 132 0.000151
200 442 132 0.000141
200 442 132 0.000144
200 442 132 0.000141
200 442 132 0.000140
200 442 132 0.000139
200 442 132 0.000138
200 442 132 0.000136
200 442 132 0.000135
200 442 132 0.000134
200 442 132 0.000134
200 442 132 0.000133
200 442 132 0.000132
200 442 132 0.000131
200 442 132 0.000131
200 442 132 0.000131
200 442 132 0.000131
200 442 132 0.000131
200 442 132 0.000131
200 442 132 0.000133
200 442 132 0.000131
200 442 132 0.000130
200 442 132 0.000131
200 442 132 0.000133
200 442 132 0.000130
200 442 132 0.000131
200 442 132 0.000131
200 442 132 0.000131
200 442 132 0.000130
200 442 132 0.000130
200 442 132 0.000130
200 442 132 0.000130
200 442 132 0.000130
200 442 132 0.000132
200 442 132 0.000130
200 442 132 0.000130
200 442 132 0.000129
200 442 132 0.000132
200 442 132 0.000129
200 442 132 0.000129
200 442 132 0.000129
200 442 132 0.000130
200 442 132 0.000129
200 442 132 0.000129
200 442 132 0.000132
200 442 132 0.000132
200 442 132 0.000130
200 442 132 0.000130
200 442 132 0.000130
200 442 132 0.000130
200 442 132 0.000130
200 442 132 0.000132
200 442 132 0.000129
200 442 132 0.000129
200 442 132 0.000132
200 442 132 0.000129
200 442 132 0.000129
200 442 132 0.000129
200 442 132 0.000132
200 442 132 0.000129
200 442 132 0.000129
200 442 132 0.000129
200 442 132 0.000129
200 442 132 0.000129
200 442 132 0.000129
200 442 132 0.000129
200 442 132 0.000129
200 442 132 0.000130
200 442 132 0.000130
200 442 132 0.000129
200 442 132 0.000131
200 442 132 0.000129
200 442 132 0.000129
200 442 132 0.000128
200 442 132 0.000128
200 442 132 0.000131
200 442 132 0.000128
200 442 132 0.000131
200 442 132 0.000128
200 442 132 0.000131
200 442 132 0.000129
200 442 132 0.000129
200 442 132 0.000128
200 442 132 0.000129
200 442 132 0.000128
200 442 132 0.000128
200 442 132 0.000130
200 442 132 0.000128
200 442 132 0.000129
200 442 132 0.000129
200 442 132 0.000129
200 442 132 0.000129
200 442 132 0.000129
200 442 132 0.000128
200 442 132 0.000128
200 442 132 0.000129
200 442 132 0.000129
200 442 132 0.000128
200 442 132 0.000129
200 442 132 0.000128
200 442 132 0.000128
300 726 217 0.000502
300 726 217 0.000471
300 726 217 0.000470
300 726 217 0.000458
300 726 217 0.000447
300 726 217 0.000438
300 726 217 0.000434
300 726 217 0.000423
300 726 217 0.000418
300 726 217 0.000411
300 726 217 0.000399
300 726 217 0.000392
300 726 217 0.000381
300 726 217 0.000371
300 726 217 0.000364
300 726 217 0.000353
300 726 217 0.000350
300 726 217 0.000346
300 726 217 0.000344
300 726 217 0.000344
300 726 217 0.000343
300 726 217 0.000344
300 726 217 0.000344
300 726 217 0.000343
300 726 217 0.000340
300 726 217 0.000341
300 726 217 0.000344
300 726 217 0.000341
300 726 217 0.000343
300 726 217 0.000343
300 726 217 0.000344
300 726 217 0.000343
300 726 217 0.000343
300 726 217 0.000344
300 726 217 0.000343
300 726 217 0.000341
300 726 217 0.000357
300 726 217 0.000340
300 726 217 0.000340
300 726 217 0.000341
300 726 217 0.000339
300 726 217 0.000339
300 726 217 0.000338
300 726 217 0.000339
300 726 217 0.000340
300 726 217 0.000342
300 726 217 0.000339
300 726 217 0.000338
300 726 217 0.000340
300 726 217 0.000341
300 726 217 0.000337
300 726 217 0.000337
300 726 217 0.000338
300 726 217 0.000339
300 726 217 0.000341
300 726 217 0.000340
300 726 217 0.000336
300 726 217 0.000336
300 726 217 0.000336
300 726 217 0.000337
300 726 217 0.000336
300 726 217 0.000338
300 726 217 0.000338
300 726 217 0.000338
300 726 217 0.000338
300 726 217 0.000338
300 726 217 0.000339
300 726 217 0.000337
300 726 217 0.000340
300 726 217 0.000338
300 726 217 0.000340
300 726 217 0.000336
300 726 217 0.000339
300 726 217 0.000336
300 726 217 0.000375
300 726 217 0.000341
300 726 217 0.000340
300 726 217 0.000338
300 726 217 0.000337
300 726 217 0.000339
300 726 217 0.000340
300 726 217 0.000436
300 726 217 0.000339
300 726 217 0.000339
300 726 217 0.000339
300 726 217 0.000339
300 726 217 0.000334
300 726 217 0.000334
300 726 217 0.000335
300 726 217 0.000333
300 726 217 0.000334
300 726 217 0.000333
300 726 217 0.000333
300 726 217 0.000334
300 726 217 0.000336
300 726 217 0.000334
300 726 217 0.000335
300 726 217 0.000335
300 726 217 0.000334
300 726 217 0.000334
300 726 217 0.000336
400 1026 307 0.000963
400 1026 307 0.000957
400 1026 307 0.000946
400 1026 307 0.000935
400 1026 307 0.000916
400 1026 307 0.000905
400 1026 307 0.000890
400 1026 307 0.000874
400 1026 307 0.000841
400 1026 307 0.000832
400 1026 307 0.000792
400 1026 307 0.000745
400 1026 307 0.000692
400 1026 307 0.000670
400 1026 307 0.000667
400 1026 307 0.000669
400 1026 307 0.000670
400 1026 307 0.000668
400 1026 307 0.000667
400 1026 307 0.000672
400 1026 307 0.000674
400 1026 307 0.000674
400 1026 307 0.000675
400 1026 307 0.000674
400 1026 307 0.000671
400 1026 307 0.000673
400 1026 307 0.000675
400 1026 307 0.000675
400 1026 307 0.000674
400 1026 307 0.000672
400 1026 307 0.000676
400 1026 307 0.000675
400 1026 307 0.000677
400 1026 307 0.000676
400 1026 307 0.000673
400 1026 307 0.000674
400 1026 307 0.000674
400 1026 307 0.000675
400 1026 307 0.000675
400 1026 307 0.000674
400 1026 307 0.000758
400 1026 307 0.000674
400 1026 307 0.000676
400 1026 307 0.000673
400 1026 307 0.000674
400 1026 307 0.000673
400 1026 307 0.000669
400 1026 307 0.000673
400 1026 307 0.000670
400 1026 307 0.000672
400 1026 307 0.000670
400 1026 307 0.000675
400 1026 307 0.000676
400 1026 307 0.000672
400 1026 307 0.000676
400 1026 307 0.000672
400 1026 307 0.000675
400 1026 307 0.000673
400 1026 307 0.000672
400 1026 307 0.000671
400 1026 307 0.000670
400 1026 307 0.000669
400 1026 307 0.000667
400 1026 307 0.000665
400 1026 307 0.000666
400 1026 307 0.000667
400 1026 307 0.000665
400 1026 307 0.000668
400 1026 307 0.000667
400 1026 307 0.000663
400 1026 307 0.000662
400 1026 307 0.000660
400 1026 307 0.000658
400 1026 307 0.000662
400 1026 307 0.000664
400 1026 307 0.000663
400 1026 307 0.000664
400 1026 307 0.000663
400 1026 307 0.000666
400 1026 307 0.000665
400 1026 307 0.000667
400 1026 307 0.000665
400 1026 307 0.000665
400 1026 307 0.000662
400 1026 307 0.000662
400 1026 307 0.000665
400 1026 307 0.000665
400 1026 307 0.000664
400 1026 307 0.000662
400 1026 307 0.000660
400 1026 307 0.000663
400 1026 307 0.000661
400 1026 307 0.000663
400 1026 307 0.000658
400 1026 307 0.000660
400 1026 307 0.000658
400 1026 307 0.000661
400 1026 307 0.000662
400 1026 307 0.000662
400 1026 307 0.000659
400 1026 307 0.000659
500 1340 402 0.001610
500 1340 402 0.001589
500 1340 402 0.001583
500 1340 402 0.001575
500 1340 402 0.001559
500 1340 402 0.001542
500 1340 402 0.001499
500 1340 402 0.001427
500 1340 402 0.001329
500 1340 402 0.001277
500 1340 402 0.001230
500 1340 402 0.001193
500 1340 402 0.001148
500 1340 402 0.001135
500 1340 402 0.001133
500 1340 402 0.001132
500 1340 402 0.001133
500 1340 402 0.001129
500 1340 402 0.001127
500 1340 402 0.001123
500 1340 402 0.001122
500 1340 402 0.001116
500 1340 402 0.001119
500 1340 402 0.001345
500 1340 402 0.001120
500 1340 402 0.001117
500 1340 402 0.001117
500 1340 402 0.001119
500 1340 402 0.001118
500 1340 402 0.001117
500 1340 402 0.001118
500 1340 402 0.001118
500 1340 402 0.001120
500 1340 402 0.001118
500 1340 402 0.001118
500 1340 402 0.001117
500 1340 402 0.001119
500 1340 402 0.001117
500 1340 402 0.001119
500 1340 402 0.001118
500 1340 402 0.001119
500 1340 402 0.001114
500 1340 402 0.001112
500 1340 402 0.001108
500 1340 402 0.001107
500 1340 402 0.001104
500 1340 402 0.001105
500 1340 402 0.001105
500 1340 402 0.001107
500 1340 402 0.001107
500 1340 402 0.001109
500 1340 402 0.001106
500 1340 402 0.001107
500 1340 402 0.001107
500 1340 402 0.001106
500 1340 402 0.001105
500 1340 402 0.001105
500 1340 402 0.001102
500 1340 402 0.001102
500 1340 402 0.001100
500 1340 402 0.001101
500 1340 402 0.001100
500 1340 402 0.001100
500 1340 402 0.001098
500 1340 402 0.001098
500 1340 402 0.001096
500 1340 402 0.001097
500 1340 402 0.001099
500 1340 402 0.001097
500 1340 402 0.001097
500 1340 402 0.001097
500 1340 402 0.001094
500 1340 402 0.001094
500 1340 402 0.001312
500 1340 402 0.001097
500 1340 402 0.001094
500 1340 402 0.001094
500 1340 402 0.001091
500 1340 402 0.001091
500 1340 402 0.001090
500 1340 402 0.001090
500 1340 402 0.001088
500 1340 402 0.001091
500 1340 402 0.001089
500 1340 402 0.001091
500 1340 402 0.001090
500 1340 402 0.001096
500 1340 402 0.001094
500 1340 402 0.001092
500 1340 402 0.001091
500 1340 402 0.001087
500 1340 402 0.001089
500 1340 402 0.001090
500 1340 402 0.001092
500 1340 402 0.001092
500 1340 402 0.001089
500 1340 402 0.001090
500 1340 402 0.001092
500 1340 402 0.001092
500 1340 402 0.001092
500 1340 402 0.001091
600 1663 498 0.002418
600 1663 498 0.002394
600 1663 498 0.002386
600 1663 498 0.002367
600 1663 498 0.002349
600 1663 498 0.002329
600 1663 498 0.002293
600 1663 498 0.002256
600 1663 498 0.002223
600 1663 498 0.002197
600 1663 498 0.002159
600 1663 498 0.002123
600 1663 498 0.002093
600 1663 498 0.002057
600 1663 498 0.002119
600 1663 498 0.001892
600 1663 498 0.001858
600 1663 498 0.001789
600 1663 498 0.001725
600 1663 498 0.001682
600 1663 498 0.001667
600 1663 498 0.001659
600 1663 498 0.001658
600 1663 498 0.001661
600 1663 498 0.001664
600 1663 498 0.001671
600 1663 498 0.001672
600 1663 498 0.001673
600 1663 498 0.001669
600 1663 498 0.001673
600 1663 498 0.001674
600 1663 498 0.001674
600 1663 498 0.001678
600 1663 498 0.001671
600 1663 498 0.001677
600 1663 498 0.001680
600 1663 498 0.001683
600 1663 498 0.001688
600 1663 498 0.001685
600 1663 498 0.001694
600 1663 498 0.001693
600 1663 498 0.001694
600 1663 498 0.001692
600 1663 498 0.001692
600 1663 498 0.001692
600 1663 498 0.001694
600 1663 498 0.001844
600 1663 498 0.001697
600 1663 498 0.001695
600 1663 498 0.001693
600 1663 498 0.001690
600 1663 498 0.001687
600 1663 498 0.001683
600 1663 498 0.001681
600 1663 498 0.001680
600 1663 498 0.001682
600 1663 498 0.001677
600 1663 498 0.001673
600 1663 498 0.001670
600 1663 498 0.001668
600 1663 498 0.001660
600 1663 498 0.001661
600 1663 498 0.001653
600 1663 498 0.001650
600 1663 498 0.001653
600 1663 498 0.001657
600 1663 498 0.001654
600 1663 498 0.001653
600 1663 498 0.001654
600 1663 498 0.001656
600 1663 498 0.001657
600 1663 498 0.001658
600 1663 498 0.001665
600 1663 498 0.001666
600 1663 498 0.001663
600 1663 498 0.001667
600 1663 498 0.001666
600 1663 498 0.001669
600 1663 498 0.001665
600 1663 498 0.001663
600 1663 498 0.001661
600 1663 498 0.001660
600 1663 498 0.001660
600 1663 498 0.001661
600 1663 498 0.001658
600 1663 498 0.001659
600 1663 498 0.001659
600 1663 498 0.001659
600 1663 498 0.001658
600 1663 498 0.001665
600 1663 498 0.001661
600 1663 498 0.001659
600 1663 498 0.001659
600 1663 498 0.001657
600 1663 498 0.001656
600 1663 498 0.001654
600 1663 498 0.001651
600 1663 498 0.001654
600 1663 498 0.001652
600 1663 498 0.001885
600 1663 498 0.001655
700 1995 598 0.003456
700 1995 598 0.003428
700 1995 598 0.003356
700 1995 598 0.003354
700 1995 598 0.003321
700 1995 598 0.003269
700 1995 598 0.003168
700 1995 598 0.002994
700 1995 598 0.002792
700 1995 598 0.002674
700 1995 598 0.002848
700 1995 598 0.002586
700 1995 598 0.002544
700 1995 598 0.002511
700 1995 598 0.002492
700 1995 598 0.002483
700 1995 598 0.002473
700 1995 598 0.002476
700 1995 598 0.002457
700 1995 598 0.002538
700 1995 598 0.002433
700 1995 598 0.002414
700 1995 598 0.002395
700 1995 598 0.002399
700 1995 598 0.002394
700 1995 598 0.002388
700 1995 598 0.002371
700 1995 598 0.002366
700 1995 598 0.002367
700 1995 598 0.002365
700 1995 598 0.002364
700 1995 598 0.002363
700 1995 598 0.002570
700 1995 598 0.002368
700 1995 598 0.002364
700 1995 598 0.002370
700 1995 598 0.002368
700 1995 598 0.002368
700 1995 598 0.002361
700 1995 598 0.002350
700 1995 598 0.002344
700 1995 598 0.002339
700 1995 598 0.002336
700 1995 598 0.002350
700 1995 598 0.002347
700 1995 598 0.002350
700 1995 598 0.002352
700 1995 598 0.002351
700 1995 598 0.002347
700 1995 598 0.002348
700 1995 598 0.002348
700 1995 598 0.002349
700 1995 598 0.002349
700 1995 598 0.002351
700 1995 598 0.002347
700 1995 598 0.002345
700 1995 598 0.002338
700 1995 598 0.002337
700 1995 598 0.002334
700 1995 598 0.002337
700 1995 598 0.002332
700 1995 598 0.002336
700 1995 598 0.002337
700 1995 598 0.002331
700 1995 598 0.002328
700 1995 598 0.002327
700 1995 598 0.002375
700 1995 598 0.002334
700 1995 598 0.002332
700 1995 598 0.002661
700 1995 598 0.002327
700 1995 598 0.002327
700 1995 598 0.002327
700 1995 598 0.002322
700 1995 598 0.002321
700 1995 598 0.002325
700 1995 598 0.002323
700 1995 598 0.002330
700 1995 598 0.002327
700 1995 598 0.002331
700 1995 598 0.002324
700 1995 598 0.002331
700 1995 598 0.002326
700 1995 598 0.002330
700 1995 598 0.002319
700 1995 598 0.002323
700 1995 598 0.002314
700 1995 598 0.002321
700 1995 598 0.002313
700 1995 598 0.002321
700 1995 598 0.002312
700 1995 598 0.002315
700 1995 598 0.002315
700 1995 598 0.002318
700 1995 598 0.002311
700 1995 598 0.002316
700 1995 598 0.002316
700 1995 598 0.002320
700 1995 598 0.002320
700 1995 598 0.002326
700 1995 598 0.002322
800 2334 700 0.004705
800 2334 700 0.004756
800 2334 700 0.004649
800 2334 700 0.004612
800 2334 700 0.004595
800 2334 700 0.004522
800 2334 700 0.004427
800 2334 700 0.004573
800 2334 700 0.004116
800 2334 700 0.003976
800 2334 700 0.003867
800 2334 700 0.003697
800 2334 700 0.003566
800 2334 700 0.003495
800 2334 700 0.003471
800 2334 700 0.003506
800 2334 700 0.003482
800 2334 700 0.003475
800 2334 700 0.003443
800 2334 700 0.003428
800 2334 700 0.003413
800 2334 700 0.003387
800 2334 700 0.003343
800 2334 700 0.003313
800 2334 700 0.003572
800 2334 700 0.003287
800 2334 700 0.003289
800 2334 700 0.003287
800 2334 700 0.003290
800 2334 700 0.003279
800 2334 700 0.003279
800 2334 700 0.003311
800 2334 700 0.003289
800 2334 700 0.003284
800 2334 700 0.003276
800 2334 700 0.003262
800 2334 700 0.003241
800 2334 700 0.003237
800 2334 700 0.003228
800 2334 700 0.003231
800 2334 700 0.003229
800 2334 700 0.003234
800 2334 700 0.003234
800 2334 700 0.003218
800 2334 700 0.003205
800 2334 700 0.003205
800 2334 700 0.003206
800 2334 700 0.003204
800 2334 700 0.003244
800 2334 700 0.003222
800 2334 700 0.003512
800 2334 700 0.003231
800 2334 700 0.003233
800 2334 700 0.003223
800 2334 700 0.003208
800 2334 700 0.003200
800 2334 700 0.003191
800 2334 700 0.003196
800 2334 700 0.003191
800 2334 700 0.003202
800 2334 700 0.003217
800 2334 700 0.003222
800 2334 700 0.003216
800 2334 700 0.003212
800 2334 700 0.003263
800 2334 700 0.003437
800 2334 700 0.003294
800 2334 700 0.003276
800 2334 700 0.003236
800 2334 700 0.003223
800 2334 700 0.003211
800 2334 700 0.003199
800 2334 700 0.003193
800 2334 700 0.003183
800 2334 700 0.003189
800 2334 700 0.003180
800 2334 700 0.003174
800 2334 700 0.003155
800 2334 700 0.003154
800 2334 700 0.003156
800 2334 700 0.003156
800 2334 700 0.003189
800 2334 700 0.003177
800 2334 700 0.003165
800 2334 700 0.003172
800 2334 700 0.003305
800 2334 700 0.003204
800 2334 700 0.003201
800 2334 700 0.003192
800 2334 700 0.003193
800 2334 700 0.003193
800 2334 700 0.003203
800 2334 700 0.003170
800 2334 700 0.003174
800 2334 700 0.003166
800 2334 700 0.003354
800 2334 700 0.003143
800 2334 700 0.003179
800 2334 700 0.003142
800 2334 700 0.003139
800 2334 700 0.003136
900 2680 804 0.005994
900 2680 804 0.006092
900 2680 804 0.005998
900 2680 804 0.005898
900 2680 804 0.005879
900 2680 804 0.006031
900 2680 804 0.005659
900 2680 804 0.005519
900 2680 804 0.005425
900 2680 804 0.005322
900 2680 804 0.005196
900 2680 804 0.005036
900 2680 804 0.004855
900 2680 804 0.004636
900 2680 804 0.004509
900 2680 804 0.004391
900 2680 804 0.004357
900 2680 804 0.004340
900 2680 804 0.004466
900 2680 804 0.004350
900 2680 804 0.004329
900 2680 804 0.004312
900 2680 804 0.004310
900 2680 804 0.004311
900 2680 804 0.004300
900 2680 804 0.004288
900 2680 804 0.004295
900 2680 804 0.004312
900 2680 804 0.004297
900 2680 804 0.004290
900 2680 804 0.004294
900 2680 804 0.004302
900 2680 804 0.004282
900 2680 804 0.004272
900 2680 804 0.004249
900 2680 804 0.004240
900 2680 804 0.004223
900 2680 804 0.004222
900 2680 804 0.004344
900 2680 804 0.004226
900 2680 804 0.004230
900 2680 804 0.004236
900 2680 804 0.004231
900 2680 804 0.004231
900 2680 804 0.004218
900 2680 804 0.004203
900 2680 804 0.004215
900 2680 804 0.004180
900 2680 804 0.004178
900 2680 804 0.004185
900 2680 804 0.004169
900 2680 804 0.004161
900 2680 804 0.004155
900 2680 804 0.004168
900 2680 804 0.004170
900 2680 804 0.004190
900 2680 804 0.004185
900 2680 804 0.004180
900 2680 804 0.004156
900 2680 804 0.004154
900 2680 804 0.004137
900 2680 804 0.004154
900 2680 804 0.004139
900 2680 804 0.004141
900 2680 804 0.004139
900 2680 804 0.004157
900 2680 804 0.004149
900 2680 804 0.004164
900 2680 804 0.004155
900 2680 804 0.004170
900 2680 804 0.004165
900 2680 804 0.004176
900 2680 804 0.004303
900 2680 804 0.004184
900 2680 804 0.004159
900 2680 804 0.004179
900 2680 804 0.004172
900 2680 804 0.004191
900 2680 804 0.004157
900 2680 804 0.004173
900 2680 804 0.004168
900 2680 804 0.004180
900 2680 804 0.004167
900 2680 804 0.004160
900 2680 804 0.004149
900 2680 804 0.004169
900 2680 804 0.004166
900 2680 804 0.004161
900 2680 804 0.004148
900 2680 804 0.004163
900 2680 804 0.004149
900 2680 804 0.004140
900 2680 804 0.004134
900 2680 804 0.004141
900 2680 804 0.004129
900 2680 804 0.004145
900 2680 804 0.004128
900 2680 804 0.004136
900 2680 804 0.004123
900 2680 804 0.004140
900 2680 804 0.004136
1000 3031 909 0.008149
1000 3031 909 0.008171
1000 3031 909 0.008106
1000 3031 909 0.008035
1000 3031 909 0.008368
1000 3031 909 0.007869
1000 3031 909 0.007860
1000 3031 909 0.007706
1000 3031 909 0.007631
1000 3031 909 0.007140
1000 3031 909 0.006814
1000 3031 909 0.006345
1000 3031 909 0.006150
1000 3031 909 0.005827
1000 3031 909 0.005856
1000 3031 909 0.005455
1000 3031 909 0.005425
1000 3031 909 0.005421
1000 3031 909 0.005465
1000 3031 909 0.005428
1000 3031 909 0.005445
1000 3031 909 0.005437
1000 3031 909 0.005468
1000 3031 909 0.005454
1000 3031 909 0.005448
1000 3031 909 0.005453
1000 3031 909 0.005432
1000 3031 909 0.005425
1000 3031 909 0.005449
1000 3031 909 0.005676
1000 3031 909 0.005459
1000 3031 909 0.005471
1000 3031 909 0.005490
1000 3031 909 0.005490
1000 3031 909 0.005504
1000 3031 909 0.005494
1000 3031 909 0.005499
1000 3031 909 0.005530
1000 3031 909 0.005494
1000 3031 909 0.005471
1000 3031 909 0.005477
1000 3031 909 0.005471
1000 3031 909 0.005463
1000 3031 909 0.005461
1000 3031 909 0.005447
1000 3031 909 0.005417
1000 3031 909 0.005431
1000 3031 909 0.005418
1000 3031 909 0.005418
1000 3031 909 0.005448
1000 3031 909 0.005435
1000 3031 909 0.005415
1000 3031 909 0.005404
1000 3031 909 0.005395
1000 3031 909 0.005408
1000 3031 909 0.005413
1000 3031 909 0.005652
1000 3031 909 0.005453
1000 3031 909 0.005379
1000 3031 909 0.005386
1000 3031 909 0.005366
1000 3031 909 0.005368
1000 3031 909 0.005357
1000 3031 909 0.005345
1000 3031 909 0.005359
1000 3031 909 0.005355
1000 3031 909 0.005371
1000 3031 909 0.005407
1000 3031 909 0.005392
1000 3031 909 0.005402
1000 3031 909 0.005399
1000 3031 909 0.005406
1000 3031 909 0.005407
1000 3031 909 0.005398
1000 3031 909 0.005407
1000 3031 909 0.005411
1000 3031 909 0.005400
1000 3031 909 0.005405
1000 3031 909 0.005388
1000 3031 909 0.005387
1000 3031 909 0.005397
1000 3031 909 0.005394
1000 3031 909 0.005406
1000 3031 909 0.005407
1000 3031 909 0.005408
1000 3031 909 0.005408
1000 3031 909 0.005439
1000 3031 909 0.005377
1000 3031 909 0.005395
1000 3031 909 0.005394
1000 3031 909 0.005380
1000 3031 909 0.005340
1000 3031 909 0.005331
1000 3031 909 0.005329
1000 3031 909 0.005334
1000 3031 909 0.005326
1000 3031 909 0.005338
1000 3031 909 0.005271
1000 3031 909 0.005279
1000 3031 909 0.005279
1000 3031 909 0.005288
2000 6760 2028 0.060895
2000 6760 2028 0.058685
2000 6760 2028 0.055880
2000 6760 2028 0.053624
2000 6760 2028 0.052503
2000 6760 2028 0.051510
2000 6760 2028 0.050052
2000 6760 2028 0.045821
2000 6760 2028 0.041904
2000 6760 2028 0.038585
2000 6760 2028 0.036760
2000 6760 2028 0.034382
2000 6760 2028 0.033198
2000 6760 2028 0.032352
2000 6760 2028 0.031195
2000 6760 2028 0.030451
2000 6760 2028 0.029948
2000 6760 2028 0.029862
2000 6760 2028 0.029838
2000 6760 2028 0.030287
2000 6760 2028 0.029841
2000 6760 2028 0.029802
2000 6760 2028 0.029760
2000 6760 2028 0.029699
2000 6760 2028 0.029555
2000 6760 2028 0.029547
2000 6760 2028 0.029405
2000 6760 2028 0.029342
2000 6760 2028 0.029288
2000 6760 2028 0.029319
2000 6760 2028 0.029211
2000 6760 2028 0.029224
2000 6760 2028 0.029158
2000 6760 2028 0.029430
2000 6760 2028 0.029359
2000 6760 2028 0.029625
2000 6760 2028 0.029365
2000 6760 2028 0.029348
2000 6760 2028 0.029207
2000 6760 2028 0.029052
2000 6760 2028 0.028766
2000 6760 2028 0.028585
2000 6760 2028 0.028333
2000 6760 2028 0.028227
2000 6760 2028 0.028082
2000 6760 2028 0.028106
2000 6760 2028 0.028125
2000 6760 2028 0.028200
2000 6760 2028 0.028203
2000 6760 2028 0.028260
2000 6760 2028 0.028294
2000 6760 2028 0.028277
2000 6760 2028 0.028275
2000 6760 2028 0.028291
2000 6760 2028 0.028292
2000 6760 2028 0.028334
2000 6760 2028 0.028588
2000 6760 2028 0.028337
2000 6760 2028 0.028377
2000 6760 2028 0.028404
2000 6760 2028 0.028617
2000 6760 2028 0.028351
2000 6760 2028 0.028257
2000 6760 2028 0.028224
2000 6760 2028 0.028149
2000 6760 2028 0.028152
2000 6760 2028 0.028119
2000 6760 2028 0.028180
2000 6760 2028 0.028196
2000 6760 2028 0.028218
2000 6760 2028 0.028205
2000 6760 2028 0.028186
2000 6760 2028 0.028180
2000 6760 2028 0.028136
2000 6760 2028 0.027967
2000 6760 2028 0.027925
2000 6760 2028 0.027865
2000 6760 2028 0.027791
2000 6760 2028 0.027661
2000 6760 2028 0.027541
2000 6760 2028 0.027454
2000 6760 2028 0.027391
2000 6760 2028 0.027331
2000 6760 2028 0.027359
2000 6760 2028 0.027365
2000 6760 2028 0.027439
2000 6760 2028 0.027488
2000 6760 2028 0.027483
2000 6760 2028 0.027535
2000 6760 2028 0.027599
2000 6760 2028 0.027629
2000 6760 2028 0.027724
2000 6760 2028 0.027752
2000 6760 2028 0.027824
2000 6760 2028 0.027860
2000 6760 2028 0.027892
2000 6760 2028 0.027971
2000 6760 2028 0.028084
2000 6760 2028 0.028092
2000 6760 2028 0.028163
2000 6760 2028 0.028195
100 185 55 0.000054
100 185 55 0.000030
100 185 55 0.000030
100 185 55 0.000028
100 185 55 0.000028
100 185 55 0.000028
100 185 55 0.000028
100 185 55 0.000028
100 185 55 0.000028
100 185 55 0.000028
100 185 55 0.000028
100 185 55 0.000028
100 185 55 0.000028
100 185 55 0.000028
100 185 55 0.000028
100 185 55 0.000028
100 185 55 0.000028
100 185 55 0.000028
100 185 55 0.000028
100 185 55 0.000028
100 185 55 0.000028
100 185 55 0.000028
100 185 55 0.000028
100 185 55 0.000028
100 185 55 0.000028
100 185 55 0.000028
100 185 55 0.000028
100 185 55 0.000028
100 185 55 0.000028
100 185 55 0.000028
100 185 55 0.000028
100 185 55 0.000028
100 185 55 0.000028
100 185 55 0.000028
100 185 55 0.000028
100 185 55 0.000028
100 185 55 0.000028
100 185 55 0.000028
100 185 55 0.000028
100 185 55 0.000028
100 185 55 0.000028
100 185 55 0.000028
100 185 55 0.000028
100 185 55 0.000028
100 185 55 0.000028
100 185 55 0.000028
100 185 55 0.000028
100 185 55 0.000028
100 185 55 0.000028
100 185 55 0.000028
100 185 55 0.000030
100 185 55 0.000028
100 185 55 0.000028
100 185 55 0.000028
100 185 55 0.000028
100 185 55 0.000028
100 185 55 0.000028
100 185 55 0.000028
100 185 55 0.000028
100 185 55 0.000028
100 185 55 0.000028
100 185 55 0.000028
100 185 55 0.000028
100 185 55 0.000028
100 185 55 0.000028
100 185 55 0.000028
100 185 55 0.000028
100 185 55 0.000028
100 185 55 0.000028
100 185 55 0.000028
100 185 55 0.000028
100 185 55 0.000028
100 185 55 0.000028
100 185 55 0.000028
100 185 55 0.000028
100 185 55 0.000028
100 185 55 0.000028
100 185 55 0.000028
100 185 55 0.000028
100 185 55 0.000028
100 185 55 0.000028
100 185 55 0.000028
100 185 55 0.000028
100 185 55 0.000028
100 185 55 0.000028
100 185 55 0.000028
100 185 55 0.000028
100 185 55 0.000028
100 185 55 0.000028
100 185 55 0.000029
100 185 55 0.000028
100 185 55 0.000028
100 185 55 0.000028
100 185 55 0.000028
100 185 55 0.000028
100 185 55 0.000028
100 185 55 0.000028
100 185 55 0.000028
100 185 55 0.000028
100 185 55 0.000028
100 185 55 0.000028
200 442 132 0.000157
200 442 132 0.000146
200 442 132 0.000147
200 442 132 0.000144
200 442 132 0.000144
200 442 132 0.000139
200 442 132 0.000136
200 442 132 0.000133
200 442 132 0.000132
200 442 132 0.000132
200 442 132 0.000132
200 442 132 0.000132
200 442 132 0.000132
200 442 132 0.000132
200 442 132 0.000131
200 442 132 0.000130
200 442 132 0.000130
200 442 132 0.000130
200 442 132 0.000131
200 442 132 0.000131
200 442 132 0.000130
200 442 132 0.000156
200 442 132 0.000130
200 442 132 0.000130
200 442 132 0.000131
200 442 132 0.000130
200 442 132 0.000131
200 442 132 0.000130
200 442 132 0.000130
200 442 132 0.000130
200 442 132 0.000130
200 442 132 0.000130
200 442 132 0.000130
200 442 132 0.000131
200 442 132 0.000129
200 442 132 0.000129
200 442 132 0.000129
200 442 132 0.000132
200 442 132 0.000129
200 442 132 0.000129
200 442 132 0.000129
200 442 132 0.000129
200 442 132 0.000129
200 442 132 0.000148
200 442 132 0.000129
200 442 132 0.000129
200 442 132 0.000129
200 442 132 0.000129
200 442 132 0.000131
200 442 132 0.000132
200 442 132 0.000129
200 442 132 0.000129
200 442 132 0.000129
200 442 132 0.000129
200 442 132 0.000129
200 442 132 0.000129
200 442 132 0.000130
200 442 132 0.000129
200 442 132 0.000129
200 442 132 0.000129
200 442 132 0.000129
200 442 132 0.000129
200 442 132 0.000129
200 442 132 0.000131
200 442 132 0.000129
200 442 132 0.000129
200 442 132 0.000129
200 442 132 0.000129
200 442 132 0.000129
200 442 132 0.000129
200 442 132 0.000129
200 442 132 0.000129
200 442 132 0.000129
200 442 132 0.000129
200 442 132 0.000131
200 442 132 0.000128
200 442 132 0.000129
200 442 132 0.000131
200 442 132 0.000129
200 442 132 0.000128
200 442 132 0.000128
200 442 132 0.000128
200 442 132 0.000128
200 442 132 0.000128
200 442 132 0.000129
200 442 132 0.000128
200 442 132 0.000129
200 442 132 0.000130
200 442 132 0.000130
200 442 132 0.000129
200 442 132 0.000128
200 442 132 0.000128
200 442 132 0.000129
200 442 132 0.000151
200 442 132 0.000131
200 442 132 0.000129
200 442 132 0.000129
200 442 132 0.000130
200 442 132 0.000128
200 442 132 0.000128
200 442 132 0.000128
300 726 217 0.000484
300 726 217 0.000473
300 726 217 0.000468
300 726 217 0.000459
300 726 217 0.000448
300 726 217 0.000435
300 726 217 0.000426
300 726 217 0.000413
300 726 217 0.000390
300 726 217 0.000366
300 726 217 0.000352
300 726 217 0.000343
300 726 217 0.000340
300 726 217 0.000339
300 726 217 0.000338
300 726 217 0.000338
300 726 217 0.000343
300 726 217 0.000340
300 726 217 0.000340
300 726 217 0.000343
300 726 217 0.000342
300 726 217 0.000342
300 726 217 0.000343
300 726 217 0.000345
300 726 217 0.000343
300 726 217 0.000343
300 726 217 0.000343
300 726 217 0.000345
300 726 217 0.000346
300 726 217 0.000344
300 726 217 0.000345
300 726 217 0.000341
300 726 217 0.000344
300 726 217 0.000341
300 726 217 0.000340
300 726 217 0.000342
300 726 217 0.000337
300 726 217 0.000340
300 726 217 0.000337
300 726 217 0.000340
300 726 217 0.000337
300 726 217 0.000339
300 726 217 0.000338
300 726 217 0.000338
300 726 217 0.000339
300 726 217 0.000337
300 726 217 0.000339
300 726 217 0.000337
300 726 217 0.000341
300 726 217 0.000340
300 726 217 0.000341
300 726 217 0.000340
300 726 217 0.000337
300 726 217 0.000339
300 726 217 0.000338
300 726 217 0.000338
300 726 217 0.000341
300 726 217 0.000338
300 726 217 0.000338
300 726 217 0.000341
300 726 217 0.000339
300 726 217 0.000340
300 726 217 0.000338
300 726 217 0.000338
300 726 217 0.000341
300 726 217 0.000342
300 726 217 0.000341
300 726 217 0.000339
300 726 217 0.000338
300 726 217 0.000337
300 726 217 0.000340
300 726 217 0.000339
300 726 217 0.000335
300 726 217 0.000334
300 726 217 0.000333
300 726 217 0.000333
300 726 217 0.000333
300 726 217 0.000335
300 726 217 0.000334
300 726 217 0.000337
300 726 217 0.000334
300 726 217 0.000337
300 726 217 0.000422
300 726 217 0.000335
300 726 217 0.000336
300 726 217 0.000334
300 726 217 0.000334
300 726 217 0.000334
300 726 217 0.000335
300 726 217 0.000338
300 726 217 0.000337
300 726 217 0.000336
300 726 217 0.000336
300 726 217 0.000336
300 726 217 0.000332
300 726 217 0.000333
300 726 217 0.000333
300 726 217 0.000333
300 726 217 0.000334
300 726 217 0.000334
300 726 217 0.000336
400 1026 307 0.000968
400 1026 307 0.000953
400 1026 307 0.000946
400 1026 307 0.000935
400 1026 307 0.000910
400 1026 307 0.000854
400 1026 307 0.000804
400 1026 307 0.000775
400 1026 307 0.000745
400 1026 307 0.000730
400 1026 307 0.000715
400 1026 307 0.000700
400 1026 307 0.000690
400 1026 307 0.000691
400 1026 307 0.000688
400 1026 307 0.000690
400 1026 307 0.000687
400 1026 307 0.000681
400 1026 307 0.000683
400 1026 307 0.000685
400 1026 307 0.000679
400 1026 307 0.000681
400 1026 307 0.000679
400 1026 307 0.000678
400 1026 307 0.000676
400 1026 307 0.000674
400 1026 307 0.000678
400 1026 307 0.000678
400 1026 307 0.000677
400 1026 307 0.000674
400 1026 307 0.000675
400 1026 307 0.000677
400 1026 307 0.000676
400 1026 307 0.000674
400 1026 307 0.000673
400 1026 307 0.000668
400 1026 307 0.000669
400 1026 307 0.000670
400 1026 307 0.000669
400 1026 307 0.000668
400 1026 307 0.000773
400 1026 307 0.000668
400 1026 307 0.000667
400 1026 307 0.000671
400 1026 307 0.000669
400 1026 307 0.000670
400 1026 307 0.000672
400 1026 307 0.000669
400 1026 307 0.000666
400 1026 307 0.000669
400 1026 307 0.000667
400 1026 307 0.000667
400 1026 307 0.000670
400 1026 307 0.000670
400 1026 307 0.000669
400 1026 307 0.000669
400 1026 307 0.000669
400 1026 307 0.000669
400 1026 307 0.000667
400 1026 307 0.000667
400 1026 307 0.000665
400 1026 307 0.000666
400 1026 307 0.000667
400 1026 307 0.000665
400 1026 307 0.000661
400 1026 307 0.000663
400 1026 307 0.000661
400 1026 307 0.000660
400 1026 307 0.000660
400 1026 307 0.000662
400 1026 307 0.000663
400 1026 307 0.000658
400 1026 307 0.000660
400 1026 307 0.000658
400 1026 307 0.000658
400 1026 307 0.000661
400 1026 307 0.000663
400 1026 307 0.000663
400 1026 307 0.000660
400 1026 307 0.000660
400 1026 307 0.000661
400 1026 307 0.000662
400 1026 307 0.000659
400 1026 307 0.000660
400 1026 307 0.000661
400 1026 307 0.000659
400 1026 307 0.000661
400 1026 307 0.000661
400 1026 307 0.000663
400 1026 307 0.000663
400 1026 307 0.000660
400 1026 307 0.000658
400 1026 307 0.000660
400 1026 307 0.000660
400 1026 307 0.000660
400 1026 307 0.000659
400 1026 307 0.000658
400 1026 307 0.000659
400 1026 307 0.000656
400 1026 307 0.000657
400 1026 307 0.000660
500 1340 402 0.001628
500 1340 402 0.001609
500 1340 402 0.001598
500 1340 402 0.001592
500 1340 402 0.001568
500 1340 402 0.001552
500 1340 402 0.001500
500 1340 402 0.001433
500 1340 402 0.001375
500 1340 402 0.001314
500 1340 402 0.001274
500 1340 402 0.001221
500 1340 402 0.001185
500 1340 402 0.001142
500 1340 402 0.001100
500 1340 402 0.001099
500 1340 402 0.001104
500 1340 402 0.001102
500 1340 402 0.001105
500 1340 402 0.001106
500 1340 402 0.001104
500 1340 402 0.001103
500 1340 402 0.001107
500 1340 402 0.001272
500 1340 402 0.001109
500 1340 402 0.001107
500 1340 402 0.001107
500 1340 402 0.001107
500 1340 402 0.001108
500 1340 402 0.001106
500 1340 402 0.001111
500 1340 402 0.001108
500 1340 402 0.001112
500 1340 402 0.001108
500 1340 402 0.001111
500 1340 402 0.001104
500 1340 402 0.001103
500 1340 402 0.001102
500 1340 402 0.001100
500 1340 402 0.001103
500 1340 402 0.001098
500 1340 402 0.001096
500 1340 402 0.001099
500 1340 402 0.001099
500 1340 402 0.001099
500 1340 402 0.001099
500 1340 402 0.001100
500 1340 402 0.001097
500 1340 402 0.001098
500 1340 402 0.001098
500 1340 402 0.001099
500 1340 402 0.001101
500 1340 402 0.001103
500 1340 402 0.001102
500 1340 402 0.001103
500 1340 402 0.001102
500 1340 402 0.001107
500 1340 402 0.001102
500 1340 402 0.001103
500 1340 402 0.001102
500 1340 402 0.001102
500 1340 402 0.001102
500 1340 402 0.001101
500 1340 402 0.001100
500 1340 402 0.001101
500 1340 402 0.001097
500 1340 402 0.001095
500 1340 402 0.001094
500 1340 402 0.001096
500 1340 402 0.001094
500 1340 402 0.001095
500 1340 402 0.001091
500 1340 402 0.001363
500 1340 402 0.001092
500 1340 402 0.001093
500 1340 402 0.001094
500 1340 402 0.001092
500 1340 402 0.001093
500 1340 402 0.001092
500 1340 402 0.001093
500 1340 402 0.001091
500 1340 402 0.001090
500 1340 402 0.001090
500 1340 402 0.001090
500 1340 402 0.001088
500 1340 402 0.001085
500 1340 402 0.001110
500 1340 402 0.001081
500 1340 402 0.001085
500 1340 402 0.001083
500 1340 402 0.001082
500 1340 402 0.001084
500 1340 402 0.001085
500 1340 402 0.001085
500 1340 402 0.001088
500 1340 402 0.001087
500 1340 402 0.001089
500 1340 402 0.001085
500 1340 402 0.001087
500 1340 402 0.001086
500 1340 402 0.001085
600 1663 498 0.002452
600 1663 498 0.002390
600 1663 498 0.002380
600 1663 498 0.002373
600 1663 498 0.002355
600 1663 498 0.002319
600 1663 498 0.002259
600 1663 498 0.002206
600 1663 498 0.002114
600 1663 498 0.001979
600 1663 498 0.001907
600 1663 498 0.001852
600 1663 498 0.001797
600 1663 498 0.001731
600 1663 498 0.001688
600 1663 498 0.001820
600 1663 498 0.001670
600 1663 498 0.001669
600 1663 498 0.001674
600 1663 498 0.001671
600 1663 498 0.001670
600 1663 498 0.001669
600 1663 498 0.001668
600 1663 498 0.001665
600 1663 498 0.001669
600 1663 498 0.001672
600 1663 498 0.001672
600 1663 498 0.001674
600 1663 498 0.001676
600 1663 498 0.001677
600 1663 498 0.001671
600 1663 498 0.001669
600 1663 498 0.001671
600 1663 498 0.001672
600 1663 498 0.001676
600 1663 498 0.001676
600 1663 498 0.001675
600 1663 498 0.001675
600 1663 498 0.001675
600 1663 498 0.001677
600 1663 498 0.001677
600 1663 498 0.001678
600 1663 498 0.001682
600 1663 498 0.001680
600 1663 498 0.001685
600 1663 498 0.001681
600 1663 498 0.001678
600 1663 498 0.001825
600 1663 498 0.001676
600 1663 498 0.001667
600 1663 498 0.001663
600 1663 498 0.001661
600 1663 498 0.001663
600 1663 498 0.001656
600 1663 498 0.001659
600 1663 498 0.001659
600 1663 498 0.001659
600 1663 498 0.001657
600 1663 498 0.001658
600 1663 498 0.001662
600 1663 498 0.001660
600 1663 498 0.001660
600 1663 498 0.001665
600 1663 498 0.001662
600 1663 498 0.001667
600 1663 498 0.001665
600 1663 498 0.001668
600 1663 498 0.001670
600 1663 498 0.001669
600 1663 498 0.001665
600 1663 498 0.001668
600 1663 498 0.001667
600 1663 498 0.001663
600 1663 498 0.001666
600 1663 498 0.001664
600 1663 498 0.001661
600 1663 498 0.001664
600 1663 498 0.001659
600 1663 498 0.001663
600 1663 498 0.001660
600 1663 498 0.001661
600 1663 498 0.001659
600 1663 498 0.001657
600 1663 498 0.001651
600 1663 498 0.001651
600 1663 498 0.001645
600 1663 498 0.001647
600 1663 498 0.001649
600 1663 498 0.001651
600 1663 498 0.001651
600 1663 498 0.001650
600 1663 498 0.001650
600 1663 498 0.001653
600 1663 498 0.001650
600 1663 498 0.001654
600 1663 498 0.001654
600 1663 498 0.001654
600 1663 498 0.001650
600 1663 498 0.001902
600 1663 498 0.001652
600 1663 498 0.001655
700 1995 598 0.003430
700 1995 598 0.003381
700 1995 598 0.003360
700 1995 598 0.003355
700 1995 598 0.003323
700 1995 598 0.003269
700 1995 598 0.003163
700 1995 598 0.003056
700 1995 598 0.002953
700 1995 598 0.002895
700 1995 598 0.003030
700 1995 598 0.002723
700 1995 598 0.002602
700 1995 598 0.002490
700 1995 598 0.002440
700 1995 598 0.002422
700 1995 598 0.002407
700 1995 598 0.002396
700 1995 598 0.002383
700 1995 598 0.002381
700 1995 598 0.002390
700 1995 598 0.002378
700 1995 598 0.002370
700 1995 598 0.002370
700 1995 598 0.002370
700 1995 598 0.002383
700 1995 598 0.002383
700 1995 598 0.002389
700 1995 598 0.002393
700 1995 598 0.002397
700 1995 598 0.002396
700 1995 598 0.002396
700 1995 598 0.002602
700 1995 598 0.002371
700 1995 598 0.002362
700 1995 598 0.002363
700 1995 598 0.002358
700 1995 598 0.002359
700 1995 598 0.002349
700 1995 598 0.002350
700 1995 598 0.002350
700 1995 598 0.002356
700 1995 598 0.002362
700 1995 598 0.002372
700 1995 598 0.002369
700 1995 598 0.002367
700 1995 598 0.002358
700 1995 598 0.002363
700 1995 598 0.002360
700 1995 598 0.002358
700 1995 598 0.002350
700 1995 598 0.002346
700 1995 598 0.002338
700 1995 598 0.002343
700 1995 598 0.002332
700 1995 598 0.002334
700 1995 598 0.002325
700 1995 598 0.002327
700 1995 598 0.002326
700 1995 598 0.002335
700 1995 598 0.002335
700 1995 598 0.002336
700 1995 598 0.002330
700 1995 598 0.002339
700 1995 598 0.002336
700 1995 598 0.002334
700 1995 598 0.002337
700 1995 598 0.002338
700 1995 598 0.002332
700 1995 598 0.002613
700 1995 598 0.002332
700 1995 598 0.002331
700 1995 598 0.002328
700 1995 598 0.002336
700 1995 598 0.002332
700 1995 598 0.002336
700 1995 598 0.002339
700 1995 598 0.002344
700 1995 598 0.002341
700 1995 598 0.002340
700 1995 598 0.002343
700 1995 598 0.002338
700 1995 598 0.002335
700 1995 598 0.002341
700 1995 598 0.002330
700 1995 598 0.002333
700 1995 598 0.002327
700 1995 598 0.002320
700 1995 598 0.002313
700 1995 598 0.002317
700 1995 598 0.002316
700 1995 598 0.002319
700 1995 598 0.002316
700 1995 598 0.002322
700 1995 598 0.002325
700 1995 598 0.002328
700 1995 598 0.002321
700 1995 598 0.002323
700 1995 598 0.002325
700 1995 598 0.002323
700 1995 598 0.002320
800 2334 700 0.004662
800 2334 700 0.004676
800 2334 700 0.004592
800 2334 700 0.004545
800 2334 700 0.004524
800 2334 700 0.004503
800 2334 700 0.004430
800 2334 700 0.004582
800 2334 700 0.004185
800 2334 700 0.004113
800 2334 700 0.004048
800 2334 700 0.003938
800 2334 700 0.003798
800 2334 700 0.003599
800 2334 700 0.003400
800 2334 700 0.003250
800 2334 700 0.003244
800 2334 700 0.003257
800 2334 700 0.003256
800 2334 700 0.003262
800 2334 700 0.003245
800 2334 700 0.003236
800 2334 700 0.003221
800 2334 700 0.003616
800 2334 700 0.003249
800 2334 700 0.003252
800 2334 700 0.003261
800 2334 700 0.003267
800 2334 700 0.003273
800 2334 700 0.003273
800 2334 700 0.003282
800 2334 700 0.003346
800 2334 700 0.003296
800 2334 700 0.003298
800 2334 700 0.003301
800 2334 700 0.003295
800 2334 700 0.003294
800 2334 700 0.003291
800 2334 700 0.003294
800 2334 700 0.003275
800 2334 700 0.003269
800 2334 700 0.003250
800 2334 700 0.003241
800 2334 700 0.003236
800 2334 700 0.003237
800 2334 700 0.003235
800 2334 700 0.003246
800 2334 700 0.003310
800 2334 700 0.003262
800 2334 700 0.003260
800 2334 700 0.003543
800 2334 700 0.003262
800 2334 700 0.003253
800 2334 700 0.003244
800 2334 700 0.003240
800 2334 700 0.003227
800 2334 700 0.003214
800 2334 700 0.003207
800 2334 700 0.003202
800 2334 700 0.003202
800 2334 700 0.003200
800 2334 700 0.003205
800 2334 700 0.003206
800 2334 700 0.003196
800 2334 700 0.003258
800 2334 700 0.003219
800 2334 700 0.003204
800 2334 700 0.003205
800 2334 700 0.003201
800 2334 700 0.003206
800 2334 700 0.003207
800 2334 700 0.003206
800 2334 700 0.003202
800 2334 700 0.003192
800 2334 700 0.003191
800 2334 700 0.003194
800 2334 700 0.003187
800 2334 700 0.003191
800 2334 700 0.003192
800 2334 700 0.003194
800 2334 700 0.003190
800 2334 700 0.003254
800 2334 700 0.003213
800 2334 700 0.003201
800 2334 700 0.003194
800 2334 700 0.003185
800 2334 700 0.003177
800 2334 700 0.003179
800 2334 700 0.003170
800 2334 700 0.003167
800 2334 700 0.003168
800 2334 700 0.003155
800 2334 700 0.003152
800 2334 700 0.003156
800 2334 700 0.003166
800 2334 700 0.003156
800 2334 700 0.003446
800 2334 700 0.003171
800 2334 700 0.003201
800 2334 700 0.003162
800 2334 700 0.003164
900 2680 804 0.006014
900 2680 804 0.006155
900 2680 804 0.005970
900 2680 804 0.005973
900 2680 804 0.005879
900 2680 804 0.006138
900 2680 804 0.005732
900 2680 804 0.005654
900 2680 804 0.005475
900 2680 804 0.005235
900 2680 804 0.004882
900 2680 804 0.004752
900 2680 804 0.004649
900 2680 804 0.004628
900 2680 804 0.004586
900 2680 804 0.004570
900 2680 804 0.004454
900 2680 804 0.004366
900 2680 804 0.004423
900 2680 804 0.004252
900 2680 804 0.004219
900 2680 804 0.004218
900 2680 804 0.004220
900 2680 804 0.004289
900 2680 804 0.004195
900 2680 804 0.004233
900 2680 804 0.004241
900 2680 804 0.004243
900 2680 804 0.004244
900 2680 804 0.004276
900 2680 804 0.004240
900 2680 804 0.004235
900 2680 804 0.004236
900 2680 804 0.004256
900 2680 804 0.004245
900 2680 804 0.004254
900 2680 804 0.004285
900 2680 804 0.004240
900 2680 804 0.004353
900 2680 804 0.004244
900 2680 804 0.004239
900 2680 804 0.004239
900 2680 804 0.004254
900 2680 804 0.004265
900 2680 804 0.004256
900 2680 804 0.004278
900 2680 804 0.004273
900 2680 804 0.004276
900 2680 804 0.004325
900 2680 804 0.004234
900 2680 804 0.004245
900 2680 804 0.004236
900 2680 804 0.004223
900 2680 804 0.004243
900 2680 804 0.004227
900 2680 804 0.004254
900 2680 804 0.004256
900 2680 804 0.004270
900 2680 804 0.004270
900 2680 804 0.004272
900 2680 804 0.004273
900 2680 804 0.004302
900 2680 804 0.004262
900 2680 804 0.004259
900 2680 804 0.004233
900 2680 804 0.004238
900 2680 804 0.004213
900 2680 804 0.004203
900 2680 804 0.004184
900 2680 804 0.004202
900 2680 804 0.004170
900 2680 804 0.004165
900 2680 804 0.004283
900 2680 804 0.004223
900 2680 804 0.004135
900 2680 804 0.004162
900 2680 804 0.004149
900 2680 804 0.004163
900 2680 804 0.004156
900 2680 804 0.004173
900 2680 804 0.004168
900 2680 804 0.004169
900 2680 804 0.004165
900 2680 804 0.004166
900 2680 804 0.004152
900 2680 804 0.004147
900 2680 804 0.004184
900 2680 804 0.004161
900 2680 804 0.004168
900 2680 804 0.004172
900 2680 804 0.004157
900 2680 804 0.004160
900 2680 804 0.004141
900 2680 804 0.004153
900 2680 804 0.004142
900 2680 804 0.004162
900 2680 804 0.004152
900 2680 804 0.004155
900 2680 804 0.004217
900 2680 804 0.004139
900 2680 804 0.004161
1000 3031 909 0.008080
1000 3031 909 0.008158
1000 3031 909 0.008062
1000 3031 909 0.008058
1000 3031 909 0.008414
1000 3031 909 0.007956
1000 3031 909 0.007777
1000 3031 909 0.007506
1000 3031 909 0.007161
1000 3031 909 0.006715
1000 3031 909 0.006485
1000 3031 909 0.006248
1000 3031 909 0.006003
1000 3031 909 0.005838
1000 3031 909 0.005928
1000 3031 909 0.005604
1000 3031 909 0.005532
1000 3031 909 0.005521
1000 3031 909 0.005506
1000 3031 909 0.005496
1000 3031 909 0.005527
1000 3031 909 0.005448
1000 3031 909 0.005323
1000 3031 909 0.005306
1000 3031 909 0.005321
1000 3031 909 0.005315
1000 3031 909 0.005322
1000 3031 909 0.005341
1000 3031 909 0.005350
1000 3031 909 0.005427
1000 3031 909 0.005350
1000 3031 909 0.005360
1000 3031 909 0.005346
1000 3031 909 0.005350
1000 3031 909 0.005344
1000 3031 909 0.005346
1000 3031 909 0.005323
1000 3031 909 0.005300
1000 3031 909 0.005292
1000 3031 909 0.005276
1000 3031 909 0.005274
1000 3031 909 0.005266
1000 3031 909 0.005268
1000 3031 909 0.005286
1000 3031 909 0.005281
1000 3031 909 0.005276
1000 3031 909 0.005283
1000 3031 909 0.005271
1000 3031 909 0.005274
1000 3031 909 0.005263
1000 3031 909 0.005255
1000 3031 909 0.005258
1000 3031 909 0.005245
1000 3031 909 0.005237
1000 3031 909 0.005242
1000 3031 909 0.005238
1000 3031 909 0.005318
1000 3031 909 0.005232
1000 3031 909 0.005271
1000 3031 909 0.005270
1000 3031 909 0.005268
1000 3031 909 0.005258
1000 3031 909 0.005269
1000 3031 909 0.005247
1000 3031 909 0.005236
1000 3031 909 0.005226
1000 3031 909 0.005234
1000 3031 909 0.005219
1000 3031 909 0.005216
1000 3031 909 0.005212
1000 3031 909 0.005221
1000 3031 909 0.005216
1000 3031 909 0.005242
1000 3031 909 0.005234
1000 3031 909 0.005234
1000 3031 909 0.005244
1000 3031 909 0.005235
1000 3031 909 0.005218
1000 3031 909 0.005217
1000 3031 909 0.005197
1000 3031 909 0.005179
1000 3031 909 0.005185
1000 3031 909 0.005195
1000 3031 909 0.005178
1000 3031 909 0.005169
1000 3031 909 0.005136
1000 3031 909 0.005139
1000 3031 909 0.005122
1000 3031 909 0.005142
1000 3031 909 0.005143
1000 3031 909 0.005156
1000 3031 909 0.005158
1000 3031 909 0.005177
1000 3031 909 0.005164
1000 3031 909 0.005182
1000 3031 909 0.005171
1000 3031 909 0.005173
1000 3031 909 0.005162
1000 3031 909 0.005152
1000 3031 909 0.005131
1000 3031 909 0.005131
2000 6760 2028 0.059401
2000 6760 2028 0.058937
2000 6760 2028 0.051873
2000 6760 2028 0.050578
2000 6760 2028 0.049718
2000 6760 2028 0.049588
2000 6760 2028 0.048760
2000 6760 2028 0.047570
2000 6760 2028 0.045714
2000 6760 2028 0.043496
2000 6760 2028 0.040192
2000 6760 2028 0.036689
2000 6760 2028 0.033543
2000 6760 2028 0.031586
2000 6760 2028 0.030637
2000 6760 2028 0.029711
2000 6760 2028 0.028669
2000 6760 2028 0.028386
2000 6760 2028 0.028146
2000 6760 2028 0.027894
2000 6760 2028 0.027547
2000 6760 2028 0.027407
2000 6760 2028 0.027336
2000 6760 2028 0.027310
2000 6760 2028 0.027310
2000 6760 2028 0.027386
2000 6760 2028 0.027362
2000 6760 2028 0.027490
2000 6760 2028 0.027577
2000 6760 2028 0.027673
2000 6760 2028 0.027691
2000 6760 2028 0.027717
2000 6760 2028 0.027676
2000 6760 2028 0.027679
2000 6760 2028 0.027787
2000 6760 2028 0.027653
2000 6760 2028 0.027600
2000 6760 2028 0.027599
2000 6760 2028 0.027534
2000 6760 2028 0.027573
2000 6760 2028 0.027545
2000 6760 2028 0.027685
2000 6760 2028 0.027609
2000 6760 2028 0.027754
2000 6760 2028 0.027770
2000 6760 2028 0.027825
2000 6760 2028 0.027829
2000 6760 2028 0.027912
2000 6760 2028 0.027909
2000 6760 2028 0.028005
2000 6760 2028 0.028027
2000 6760 2028 0.028155
2000 6760 2028 0.028107
2000 6760 2028 0.028169
2000 6760 2028 0.028113
2000 6760 2028 0.028140
2000 6760 2028 0.028060
2000 6760 2028 0.028035
2000 6760 2028 0.027925
2000 6760 2028 0.027877
2000 6760 2028 0.027779
2000 6760 2028 0.027709
2000 6760 2028 0.027654
2000 6760 2028 0.027636
2000 6760 2028 0.027558
2000 6760 2028 0.027575
2000 6760 2028 0.027509
2000 6760 2028 0.027538
2000 6760 2028 0.027480
2000 6760 2028 0.027493
2000 6760 2028 0.027307
2000 6760 2028 0.027198
2000 6760 2028 0.027073
2000 6760 2028 0.027152
2000 6760 2028 0.027120
2000 6760 2028 0.027196
2000 6760 2028 0.027178
2000 6760 2028 0.027221
2000 6760 2028 0.027253
2000 6760 2028 0.027335
2000 6760 2028 0.027458
2000 6760 2028 0.027595
2000 6760 2028 0.027619
2000 6760 2028 0.027713
2000 6760 2028 0.027713
2000 6760 2028 0.027803
2000 6760 2028 0.027758
2000 6760 2028 0.027740
2000 6760 2028 0.027659
2000 6760 2028 0.027684
2000 6760 2028 0.027624
2000 6760 2028 0.027693
2000 6760 2028 0.027663
2000 6760 2028 0.027712
2000 6760 2028 0.027701
2000 6760 2028 0.027744
2000 6760 2028 0.027745
2000 6760 2028 0.027748
2000 6760 2028 0.027696
2000 6760 2028 0.027685
2000 6760 2028 0.027590
