10 10000 5000 0.000151
10 10000 5000 0.000132
10 10000 5000 0.000132
10 10000 5000 0.000131
10 10000 5000 0.000134
10 10000 5000 0.000132
10 10000 5000 0.000132
10 10000 5000 0.000132
10 10000 5000 0.000131
10 10000 5000 0.000132
10 10000 5000 0.000131
10 10000 5000 0.000131
10 10000 5000 0.000133
10 10000 5000 0.000132
10 10000 5000 0.000133
10 10000 5000 0.000132
10 10000 5000 0.000131
10 10000 5000 0.000131
10 10000 5000 0.000133
10 10000 5000 0.000132
10 10000 5000 0.000131
50 10000 5000 0.000723
50 10000 5000 0.000698
50 10000 5000 0.000697
50 10000 5000 0.000701
50 10000 5000 0.000698
50 10000 5000 0.000698
50 10000 5000 0.000698
50 10000 5000 0.000699
50 10000 5000 0.000698
50 10000 5000 0.000695
50 10000 5000 0.000696
50 10000 5000 0.000697
50 10000 5000 0.000699
50 10000 5000 0.000696
50 10000 5000 0.000698
50 10000 5000 0.000697
50 10000 5000 0.000699
50 10000 5000 0.000699
50 10000 5000 0.000697
50 10000 5000 0.000697
50 10000 5000 0.000697
50 10000 5000 0.000697
50 10000 5000 0.000696
50 10000 5000 0.000697
50 10000 5000 0.000696
50 10000 5000 0.000698
50 10000 5000 0.000698
50 10000 5000 0.000698
50 10000 5000 0.000698
50 10000 5000 0.000696
50 10000 5000 0.000697
50 10000 5000 0.000698
50 10000 5000 0.000698
50 10000 5000 0.000697
50 10000 5000 0.000698
50 10000 5000 0.000698
50 10000 5000 0.000697
100 10000 5000 0.001418
100 10000 5000 0.001377
100 10000 5000 0.001377
100 10000 5000 0.001377
100 10000 5000 0.001376
100 10000 5000 0.001374
100 10000 5000 0.001376
100 10000 5000 0.001375
100 10000 5000 0.001374
100 10000 5000 0.001372
100 10000 5000 0.001374
100 10000 5000 0.001370
100 10000 5000 0.001372
100 10000 5000 0.001373
100 10000 5000 0.001372
100 10000 5000 0.001374
100 10000 5000 0.001371
100 10000 5000 0.001368
100 10000 5000 0.001371
100 10000 5000 0.001370
100 10000 5000 0.001371
100 10000 5000 0.001369
100 10000 5000 0.001370
100 10000 5000 0.001367
100 10000 5000 0.001372
100 10000 5000 0.001364
100 10000 5000 0.001369
100 10000 5000 0.001368
100 10000 5000 0.001368
100 10000 5000 0.001363
100 10000 5000 0.001365
100 10000 5000 0.001361
100 10000 5000 0.001363
100 10000 5000 0.001358
100 10000 5000 0.001361
100 10000 5000 0.001358
100 10000 5000 0.001357
100 10000 5000 0.001358
100 10000 5000 0.001358
100 10000 5000 0.001356
100 10000 5000 0.001362
100 10000 5000 0.001355
100 10000 5000 0.001363
100 10000 5000 0.001359
100 10000 5000 0.001364
100 10000 5000 0.001366
100 10000 5000 0.001366
100 10000 5000 0.001355
100 10000 5000 0.001359
100 10000 5000 0.001359
100 10000 5000 0.001363
100 10000 5000 0.001363
100 10000 5000 0.001363
100 10000 5000 0.001360
100 10000 5000 0.001357
100 10000 5000 0.001362
100 10000 5000 0.001362
100 10000 5000 0.001357
100 10000 5000 0.001362
100 10000 5000 0.001356
100 10000 5000 0.001366
100 10000 5000 0.001357
100 10000 5000 0.001351
100 10000 5000 0.001347
100 10000 5000 0.001349
100 10000 5000 0.001344
100 10000 5000 0.001348
100 10000 5000 0.001347
100 10000 5000 0.001352
100 10000 5000 0.001348
100 10000 5000 0.001350
100 10000 5000 0.001344
100 10000 5000 0.001349
100 10000 5000 0.001343
