100 185 55 0.000013
100 185 55 0.000001
100 185 55 0.000001
100 185 55 0.000001
100 185 55 0.000001
100 185 55 0.000001
100 185 55 0.000001
100 185 55 0.000001
100 185 55 0.000001
100 185 55 0.000001
100 185 55 0.000001
100 185 55 0.000001
100 185 55 0.000001
100 185 55 0.000001
100 185 55 0.000001
100 185 55 0.000001
100 185 55 0.000001
100 185 55 0.000001
100 185 55 0.000001
100 185 55 0.000001
100 185 55 0.000001
100 185 55 0.000001
100 185 55 0.000001
100 185 55 0.000001
100 185 55 0.000001
100 185 55 0.000001
100 185 55 0.000001
100 185 55 0.000001
100 185 55 0.000001
100 185 55 0.000001
100 185 55 0.000001
100 185 55 0.000001
100 185 55 0.000001
100 185 55 0.000001
100 185 55 0.000001
100 185 55 0.000001
100 185 55 0.000001
100 185 55 0.000001
100 185 55 0.000001
100 185 55 0.000001
100 185 55 0.000001
100 185 55 0.000001
100 185 55 0.000001
100 185 55 0.000001
100 185 55 0.000001
100 185 55 0.000001
100 185 55 0.000001
100 185 55 0.000001
100 185 55 0.000001
100 185 55 0.000001
100 185 55 0.000001
100 185 55 0.000001
100 185 55 0.000001
100 185 55 0.000001
100 185 55 0.000001
100 185 55 0.000001
100 185 55 0.000001
100 185 55 0.000001
100 185 55 0.000001
100 185 55 0.000001
100 185 55 0.000001
100 185 55 0.000001
100 185 55 0.000001
100 185 55 0.000001
100 185 55 0.000001
100 185 55 0.000001
100 185 55 0.000001
100 185 55 0.000001
100 185 55 0.000001
100 185 55 0.000001
100 185 55 0.000001
100 185 55 0.000001
100 185 55 0.000001
100 185 55 0.000001
100 185 55 0.000001
100 185 55 0.000001
100 185 55 0.000001
100 185 55 0.000001
100 185 55 0.000001
100 185 55 0.000001
100 185 55 0.000001
100 185 55 0.000001
100 185 55 0.000001
100 185 55 0.000001
100 185 55 0.000001
100 185 55 0.000001
100 185 55 0.000001
100 185 55 0.000001
100 185 55 0.000001
100 185 55 0.000001
100 185 55 0.000001
100 185 55 0.000001
100 185 55 0.000001
100 185 55 0.000001
100 185 55 0.000001
100 185 55 0.000001
100 185 55 0.000001
100 185 55 0.000001
100 185 55 0.000001
100 185 55 0.000001
100 185 55 0.000001
200 442 132 0.000045
200 442 132 0.000007
200 442 132 0.000007
200 442 132 0.000007
200 442 132 0.000007
200 442 132 0.000007
200 442 132 0.000007
200 442 132 0.000007
200 442 132 0.000007
200 442 132 0.000007
200 442 132 0.000007
200 442 132 0.000006
200 442 132 0.000007
200 442 132 0.000007
200 442 132 0.000007
200 442 132 0.000007
200 442 132 0.000007
200 442 132 0.000007
200 442 132 0.000008
200 442 132 0.000006
200 442 132 0.000007
200 442 132 0.000007
200 442 132 0.000007
200 442 132 0.000007
200 442 132 0.000007
200 442 132 0.000006
200 442 132 0.000007
200 442 132 0.000006
200 442 132 0.000007
200 442 132 0.000007
200 442 132 0.000007
200 442 132 0.000007
200 442 132 0.000007
200 442 132 0.000007
200 442 132 0.000007
200 442 132 0.000006
200 442 132 0.000007
200 442 132 0.000006
200 442 132 0.000007
200 442 132 0.000007
200 442 132 0.000007
200 442 132 0.000007
200 442 132 0.000007
200 442 132 0.000006
200 442 132 0.000007
200 442 132 0.000006
200 442 132 0.000007
200 442 132 0.000006
200 442 132 0.000007
200 442 132 0.000006
200 442 132 0.000007
200 442 132 0.000007
200 442 132 0.000007
200 442 132 0.000007
200 442 132 0.000007
200 442 132 0.000006
200 442 132 0.000007
200 442 132 0.000006
200 442 132 0.000007
200 442 132 0.000007
200 442 132 0.000007
200 442 132 0.000006
200 442 132 0.000007
200 442 132 0.000006
200 442 132 0.000007
200 442 132 0.000007
200 442 132 0.000007
200 442 132 0.000007
200 442 132 0.000007
200 442 132 0.000006
200 442 132 0.000007
200 442 132 0.000006
200 442 132 0.000007
200 442 132 0.000006
200 442 132 0.000007
200 442 132 0.000006
200 442 132 0.000007
200 442 132 0.000007
200 442 132 0.000007
200 442 132 0.000007
200 442 132 0.000007
200 442 132 0.000006
200 442 132 0.000007
200 442 132 0.000006
200 442 132 0.000007
200 442 132 0.000006
200 442 132 0.000007
200 442 132 0.000007
200 442 132 0.000007
200 442 132 0.000006
200 442 132 0.000007
200 442 132 0.000006
200 442 132 0.000006
200 442 132 0.000007
200 442 132 0.000007
200 442 132 0.000007
200 442 132 0.000007
200 442 132 0.000007
200 442 132 0.000007
200 442 132 0.000007
200 442 132 0.000007
300 726 217 0.000113
300 726 217 0.000019
300 726 217 0.000019
300 726 217 0.000019
300 726 217 0.000019
300 726 217 0.000019
300 726 217 0.000019
300 726 217 0.000018
300 726 217 0.000019
300 726 217 0.000019
300 726 217 0.000019
300 726 217 0.000018
300 726 217 0.000019
300 726 217 0.000019
300 726 217 0.000019
300 726 217 0.000021
300 726 217 0.000019
300 726 217 0.000019
300 726 217 0.000019
300 726 217 0.000019
300 726 217 0.000019
300 726 217 0.000019
300 726 217 0.000019
300 726 217 0.000019
300 726 217 0.000019
300 726 217 0.000019
300 726 217 0.000019
300 726 217 0.000019
300 726 217 0.000019
300 726 217 0.000019
300 726 217 0.000019
300 726 217 0.000019
300 726 217 0.000019
300 726 217 0.000019
300 726 217 0.000019
300 726 217 0.000019
300 726 217 0.000019
300 726 217 0.000019
300 726 217 0.000019
300 726 217 0.000019
300 726 217 0.000019
300 726 217 0.000019
300 726 217 0.000019
300 726 217 0.000019
300 726 217 0.000019
300 726 217 0.000019
300 726 217 0.000019
300 726 217 0.000019
300 726 217 0.000019
300 726 217 0.000019
300 726 217 0.000019
300 726 217 0.000021
300 726 217 0.000019
300 726 217 0.000019
300 726 217 0.000019
300 726 217 0.000019
300 726 217 0.000019
300 726 217 0.000019
300 726 217 0.000019
300 726 217 0.000019
300 726 217 0.000019
300 726 217 0.000019
300 726 217 0.000019
300 726 217 0.000019
300 726 217 0.000019
300 726 217 0.000019
300 726 217 0.000019
300 726 217 0.000018
300 726 217 0.000019
300 726 217 0.000018
300 726 217 0.000019
300 726 217 0.000018
300 726 217 0.000019
300 726 217 0.000018
300 726 217 0.000019
300 726 217 0.000019
300 726 217 0.000019
300 726 217 0.000018
300 726 217 0.000019
300 726 217 0.000019
300 726 217 0.000046
300 726 217 0.000019
300 726 217 0.000019
300 726 217 0.000019
300 726 217 0.000019
300 726 217 0.000019
300 726 217 0.000019
300 726 217 0.000019
300 726 217 0.000019
300 726 217 0.000019
300 726 217 0.000019
300 726 217 0.000019
300 726 217 0.000019
300 726 217 0.000019
300 726 217 0.000019
300 726 217 0.000019
300 726 217 0.000019
300 726 217 0.000019
300 726 217 0.000019
300 726 217 0.000019
300 726 217 0.000019
400 1026 307 0.000041
400 1026 307 0.000036
400 1026 307 0.000037
400 1026 307 0.000036
400 1026 307 0.000037
400 1026 307 0.000035
400 1026 307 0.000037
400 1026 307 0.000036
400 1026 307 0.000037
400 1026 307 0.000036
400 1026 307 0.000037
400 1026 307 0.000036
400 1026 307 0.000037
400 1026 307 0.000036
400 1026 307 0.000039
400 1026 307 0.000036
400 1026 307 0.000037
400 1026 307 0.000036
400 1026 307 0.000038
400 1026 307 0.000036
400 1026 307 0.000039
400 1026 307 0.000036
400 1026 307 0.000038
400 1026 307 0.000036
400 1026 307 0.000037
400 1026 307 0.000036
400 1026 307 0.000038
400 1026 307 0.000036
400 1026 307 0.000037
400 1026 307 0.000036
400 1026 307 0.000037
400 1026 307 0.000036
400 1026 307 0.000037
400 1026 307 0.000036
400 1026 307 0.000037
400 1026 307 0.000036
400 1026 307 0.000037
400 1026 307 0.000036
400 1026 307 0.000037
400 1026 307 0.000036
400 1026 307 0.000039
400 1026 307 0.000036
400 1026 307 0.000037
400 1026 307 0.000038
400 1026 307 0.000037
400 1026 307 0.000036
400 1026 307 0.000037
400 1026 307 0.000036
400 1026 307 0.000037
400 1026 307 0.000036
400 1026 307 0.000037
400 1026 307 0.000036
400 1026 307 0.000037
400 1026 307 0.000035
400 1026 307 0.000036
400 1026 307 0.000035
400 1026 307 0.000037
400 1026 307 0.000035
400 1026 307 0.000036
400 1026 307 0.000035
400 1026 307 0.000036
400 1026 307 0.000035
400 1026 307 0.000036
400 1026 307 0.000035
400 1026 307 0.000036
400 1026 307 0.000035
400 1026 307 0.000036
400 1026 307 0.000035
400 1026 307 0.000036
400 1026 307 0.000035
400 1026 307 0.000036
400 1026 307 0.000035
400 1026 307 0.000036
400 1026 307 0.000035
400 1026 307 0.000036
400 1026 307 0.000035
400 1026 307 0.000036
400 1026 307 0.000035
400 1026 307 0.000036
400 1026 307 0.000035
400 1026 307 0.000036
400 1026 307 0.000035
400 1026 307 0.000036
400 1026 307 0.000035
400 1026 307 0.000036
400 1026 307 0.000035
400 1026 307 0.000036
400 1026 307 0.000035
400 1026 307 0.000036
400 1026 307 0.000035
400 1026 307 0.000036
400 1026 307 0.000035
400 1026 307 0.000036
400 1026 307 0.000035
400 1026 307 0.000036
400 1026 307 0.000035
400 1026 307 0.000036
400 1026 307 0.000035
400 1026 307 0.000036
400 1026 307 0.000035
400 1026 307 0.000036
500 1340 402 0.000062
500 1340 402 0.000060
500 1340 402 0.000060
500 1340 402 0.000059
500 1340 402 0.000060
500 1340 402 0.000059
500 1340 402 0.000060
500 1340 402 0.000059
500 1340 402 0.000060
500 1340 402 0.000059
500 1340 402 0.000060
500 1340 402 0.000059
500 1340 402 0.000060
500 1340 402 0.000060
500 1340 402 0.000060
500 1340 402 0.000060
500 1340 402 0.000060
500 1340 402 0.000060
500 1340 402 0.000061
500 1340 402 0.000060
500 1340 402 0.000061
500 1340 402 0.000060
500 1340 402 0.000060
500 1340 402 0.000141
500 1340 402 0.000060
500 1340 402 0.000061
500 1340 402 0.000060
500 1340 402 0.000060
500 1340 402 0.000060
500 1340 402 0.000060
500 1340 402 0.000061
500 1340 402 0.000060
500 1340 402 0.000062
500 1340 402 0.000059
500 1340 402 0.000060
500 1340 402 0.000059
500 1340 402 0.000062
500 1340 402 0.000059
500 1340 402 0.000060
500 1340 402 0.000059
500 1340 402 0.000060
500 1340 402 0.000060
500 1340 402 0.000060
500 1340 402 0.000059
500 1340 402 0.000060
500 1340 402 0.000061
500 1340 402 0.000060
500 1340 402 0.000060
500 1340 402 0.000060
500 1340 402 0.000059
500 1340 402 0.000062
500 1340 402 0.000060
500 1340 402 0.000060
500 1340 402 0.000060
500 1340 402 0.000060
500 1340 402 0.000059
500 1340 402 0.000062
500 1340 402 0.000059
500 1340 402 0.000060
500 1340 402 0.000059
500 1340 402 0.000060
500 1340 402 0.000059
500 1340 402 0.000060
500 1340 402 0.000059
500 1340 402 0.000060
500 1340 402 0.000059
500 1340 402 0.000060
500 1340 402 0.000059
500 1340 402 0.000060
500 1340 402 0.000059
500 1340 402 0.000060
500 1340 402 0.000059
500 1340 402 0.000060
500 1340 402 0.000138
500 1340 402 0.000060
500 1340 402 0.000060
500 1340 402 0.000060
500 1340 402 0.000059
500 1340 402 0.000060
500 1340 402 0.000059
500 1340 402 0.000060
500 1340 402 0.000060
500 1340 402 0.000060
500 1340 402 0.000059
500 1340 402 0.000060
500 1340 402 0.000059
500 1340 402 0.000060
500 1340 402 0.000059
500 1340 402 0.000060
500 1340 402 0.000060
500 1340 402 0.000060
500 1340 402 0.000061
500 1340 402 0.000060
500 1340 402 0.000059
500 1340 402 0.000060
500 1340 402 0.000060
500 1340 402 0.000060
500 1340 402 0.000059
500 1340 402 0.000060
500 1340 402 0.000059
500 1340 402 0.000060
600 1663 498 0.000539
600 1663 498 0.000091
600 1663 498 0.000091
600 1663 498 0.000090
600 1663 498 0.000092
600 1663 498 0.000089
600 1663 498 0.000090
600 1663 498 0.000089
600 1663 498 0.000090
600 1663 498 0.000089
600 1663 498 0.000091
600 1663 498 0.000089
600 1663 498 0.000090
600 1663 498 0.000090
600 1663 498 0.000092
600 1663 498 0.000090
600 1663 498 0.000089
600 1663 498 0.000089
600 1663 498 0.000089
600 1663 498 0.000088
600 1663 498 0.000089
600 1663 498 0.000089
600 1663 498 0.000089
600 1663 498 0.000089
600 1663 498 0.000089
600 1663 498 0.000089
600 1663 498 0.000089
600 1663 498 0.000089
600 1663 498 0.000089
600 1663 498 0.000088
600 1663 498 0.000090
600 1663 498 0.000089
600 1663 498 0.000089
600 1663 498 0.000088
600 1663 498 0.000089
600 1663 498 0.000089
600 1663 498 0.000089
600 1663 498 0.000089
600 1663 498 0.000091
600 1663 498 0.000088
600 1663 498 0.000089
600 1663 498 0.000088
600 1663 498 0.000089
600 1663 498 0.000088
600 1663 498 0.000089
600 1663 498 0.000088
600 1663 498 0.000090
600 1663 498 0.000088
600 1663 498 0.000089
600 1663 498 0.000088
600 1663 498 0.000089
600 1663 498 0.000088
600 1663 498 0.000091
600 1663 498 0.000088
600 1663 498 0.000089
600 1663 498 0.000088
600 1663 498 0.000089
600 1663 498 0.000088
600 1663 498 0.000089
600 1663 498 0.000088
600 1663 498 0.000089
600 1663 498 0.000088
600 1663 498 0.000089
600 1663 498 0.000088
600 1663 498 0.000088
600 1663 498 0.000088
600 1663 498 0.000089
600 1663 498 0.000087
600 1663 498 0.000089
600 1663 498 0.000088
600 1663 498 0.000089
600 1663 498 0.000087
600 1663 498 0.000089
600 1663 498 0.000088
600 1663 498 0.000089
600 1663 498 0.000088
600 1663 498 0.000089
600 1663 498 0.000089
600 1663 498 0.000089
600 1663 498 0.000088
600 1663 498 0.000088
600 1663 498 0.000088
600 1663 498 0.000089
600 1663 498 0.000088
600 1663 498 0.000088
600 1663 498 0.000088
600 1663 498 0.000088
600 1663 498 0.000088
600 1663 498 0.000089
600 1663 498 0.000088
600 1663 498 0.000089
600 1663 498 0.000088
600 1663 498 0.000089
600 1663 498 0.000088
600 1663 498 0.000090
600 1663 498 0.000088
600 1663 498 0.000089
600 1663 498 0.000088
600 1663 498 0.000090
600 1663 498 0.000089
600 1663 498 0.000091
700 1995 598 0.000582
700 1995 598 0.000138
700 1995 598 0.000131
700 1995 598 0.000128
700 1995 598 0.000129
700 1995 598 0.000126
700 1995 598 0.000128
700 1995 598 0.000127
700 1995 598 0.000128
700 1995 598 0.000127
700 1995 598 0.000130
700 1995 598 0.000128
700 1995 598 0.000128
700 1995 598 0.000128
700 1995 598 0.000130
700 1995 598 0.000127
700 1995 598 0.000127
700 1995 598 0.000128
700 1995 598 0.000126
700 1995 598 0.000126
700 1995 598 0.000128
700 1995 598 0.000125
700 1995 598 0.000126
700 1995 598 0.000125
700 1995 598 0.000128
700 1995 598 0.000125
700 1995 598 0.000126
700 1995 598 0.000125
700 1995 598 0.000125
700 1995 598 0.000125
700 1995 598 0.000125
700 1995 598 0.000124
700 1995 598 0.000127
700 1995 598 0.000125
700 1995 598 0.000125
700 1995 598 0.000124
700 1995 598 0.000125
700 1995 598 0.000124
700 1995 598 0.000125
700 1995 598 0.000124
700 1995 598 0.000125
700 1995 598 0.000125
700 1995 598 0.000126
700 1995 598 0.000124
700 1995 598 0.000125
700 1995 598 0.000124
700 1995 598 0.000125
700 1995 598 0.000124
700 1995 598 0.000125
700 1995 598 0.000125
700 1995 598 0.000125
700 1995 598 0.000125
700 1995 598 0.000125
700 1995 598 0.000125
700 1995 598 0.000125
700 1995 598 0.000126
700 1995 598 0.000125
700 1995 598 0.000125
700 1995 598 0.000125
700 1995 598 0.000124
700 1995 598 0.000125
700 1995 598 0.000124
700 1995 598 0.000126
700 1995 598 0.000124
700 1995 598 0.000124
700 1995 598 0.000126
700 1995 598 0.000124
700 1995 598 0.000124
700 1995 598 0.000127
700 1995 598 0.000195
700 1995 598 0.000125
700 1995 598 0.000124
700 1995 598 0.000124
700 1995 598 0.000123
700 1995 598 0.000124
700 1995 598 0.000124
700 1995 598 0.000124
700 1995 598 0.000126
700 1995 598 0.000125
700 1995 598 0.000124
700 1995 598 0.000126
700 1995 598 0.000125
700 1995 598 0.000124
700 1995 598 0.000124
700 1995 598 0.000126
700 1995 598 0.000124
700 1995 598 0.000125
700 1995 598 0.000124
700 1995 598 0.000125
700 1995 598 0.000124
700 1995 598 0.000125
700 1995 598 0.000124
700 1995 598 0.000126
700 1995 598 0.000125
700 1995 598 0.000125
700 1995 598 0.000124
700 1995 598 0.000127
700 1995 598 0.000124
700 1995 598 0.000124
700 1995 598 0.000123
700 1995 598 0.000124
800 2334 700 0.001050
800 2334 700 0.000220
800 2334 700 0.000196
800 2334 700 0.000187
800 2334 700 0.000182
800 2334 700 0.000179
800 2334 700 0.000179
800 2334 700 0.000317
800 2334 700 0.000182
800 2334 700 0.000181
800 2334 700 0.000177
800 2334 700 0.000179
800 2334 700 0.000175
800 2334 700 0.000176
800 2334 700 0.000174
800 2334 700 0.000175
800 2334 700 0.000173
800 2334 700 0.000175
800 2334 700 0.000174
800 2334 700 0.000175
800 2334 700 0.000174
800 2334 700 0.000175
800 2334 700 0.000175
800 2334 700 0.000174
800 2334 700 0.000179
800 2334 700 0.000178
800 2334 700 0.000171
800 2334 700 0.000174
800 2334 700 0.000173
800 2334 700 0.000173
800 2334 700 0.000173
800 2334 700 0.000174
800 2334 700 0.000173
800 2334 700 0.000175
800 2334 700 0.000177
800 2334 700 0.000178
800 2334 700 0.000174
800 2334 700 0.000175
800 2334 700 0.000172
800 2334 700 0.000173
800 2334 700 0.000174
800 2334 700 0.000173
800 2334 700 0.000170
800 2334 700 0.000173
800 2334 700 0.000171
800 2334 700 0.000173
800 2334 700 0.000169
800 2334 700 0.000171
800 2334 700 0.000170
800 2334 700 0.000173
800 2334 700 0.000177
800 2334 700 0.000174
800 2334 700 0.000171
800 2334 700 0.000173
800 2334 700 0.000169
800 2334 700 0.000172
800 2334 700 0.000172
800 2334 700 0.000171
800 2334 700 0.000171
800 2334 700 0.000172
800 2334 700 0.000169
800 2334 700 0.000170
800 2334 700 0.000168
800 2334 700 0.000171
800 2334 700 0.000168
800 2334 700 0.000170
800 2334 700 0.000169
800 2334 700 0.000171
800 2334 700 0.000170
800 2334 700 0.000169
800 2334 700 0.000168
800 2334 700 0.000171
800 2334 700 0.000169
800 2334 700 0.000171
800 2334 700 0.000169
800 2334 700 0.000172
800 2334 700 0.000171
800 2334 700 0.000174
800 2334 700 0.000170
800 2334 700 0.000172
800 2334 700 0.000170
800 2334 700 0.000171
800 2334 700 0.000170
800 2334 700 0.000173
800 2334 700 0.000170
800 2334 700 0.000172
800 2334 700 0.000170
800 2334 700 0.000172
800 2334 700 0.000169
800 2334 700 0.000173
800 2334 700 0.000169
800 2334 700 0.000172
800 2334 700 0.000169
800 2334 700 0.000171
800 2334 700 0.000171
800 2334 700 0.000302
800 2334 700 0.000169
800 2334 700 0.000169
800 2334 700 0.000167
800 2334 700 0.000170
800 2334 700 0.000170
900 2680 804 0.001065
900 2680 804 0.000319
900 2680 804 0.000306
900 2680 804 0.000284
900 2680 804 0.000295
900 2680 804 0.000441
900 2680 804 0.000296
900 2680 804 0.000276
900 2680 804 0.000287
900 2680 804 0.000261
900 2680 804 0.000272
900 2680 804 0.000265
900 2680 804 0.000269
900 2680 804 0.000254
900 2680 804 0.000268
900 2680 804 0.000251
900 2680 804 0.000266
900 2680 804 0.000252
900 2680 804 0.000266
900 2680 804 0.000254
900 2680 804 0.000265
900 2680 804 0.000251
900 2680 804 0.000265
900 2680 804 0.000260
900 2680 804 0.000261
900 2680 804 0.000248
900 2680 804 0.000263
900 2680 804 0.000251
900 2680 804 0.000266
900 2680 804 0.000251
900 2680 804 0.000265
900 2680 804 0.000254
900 2680 804 0.000265
900 2680 804 0.000251
900 2680 804 0.000262
900 2680 804 0.000250
900 2680 804 0.000267
900 2680 804 0.000405
900 2680 804 0.000260
900 2680 804 0.000251
900 2680 804 0.000263
900 2680 804 0.000249
900 2680 804 0.000262
900 2680 804 0.000251
900 2680 804 0.000258
900 2680 804 0.000249
900 2680 804 0.000262
900 2680 804 0.000249
900 2680 804 0.000271
900 2680 804 0.000243
900 2680 804 0.000258
900 2680 804 0.000245
900 2680 804 0.000261
900 2680 804 0.000246
900 2680 804 0.000256
900 2680 804 0.000246
900 2680 804 0.000257
900 2680 804 0.000247
900 2680 804 0.000262
900 2680 804 0.000244
900 2680 804 0.000257
900 2680 804 0.000251
900 2680 804 0.000256
900 2680 804 0.000245
900 2680 804 0.000260
900 2680 804 0.000245
900 2680 804 0.000256
900 2680 804 0.000243
900 2680 804 0.000259
900 2680 804 0.000247
900 2680 804 0.000261
900 2680 804 0.000401
900 2680 804 0.000261
900 2680 804 0.000252
900 2680 804 0.000254
900 2680 804 0.000243
900 2680 804 0.000254
900 2680 804 0.000245
900 2680 804 0.000253
900 2680 804 0.000243
900 2680 804 0.000250
900 2680 804 0.000242
900 2680 804 0.000251
900 2680 804 0.000246
900 2680 804 0.000248
900 2680 804 0.000239
900 2680 804 0.000257
900 2680 804 0.000242
900 2680 804 0.000250
900 2680 804 0.000243
900 2680 804 0.000256
900 2680 804 0.000241
900 2680 804 0.000254
900 2680 804 0.000240
900 2680 804 0.000251
900 2680 804 0.000242
900 2680 804 0.000248
900 2680 804 0.000240
900 2680 804 0.000255
900 2680 804 0.000237
900 2680 804 0.000244
1000 3031 909 0.001238
1000 3031 909 0.000465
1000 3031 909 0.000481
1000 3031 909 0.000450
1000 3031 909 0.000480
1000 3031 909 0.000446
1000 3031 909 0.000480
1000 3031 909 0.000442
1000 3031 909 0.000466
1000 3031 909 0.000441
1000 3031 909 0.000463
1000 3031 909 0.000435
1000 3031 909 0.000446
1000 3031 909 0.000496
1000 3031 909 0.000427
1000 3031 909 0.000401
1000 3031 909 0.000425
1000 3031 909 0.000397
1000 3031 909 0.000419
1000 3031 909 0.000392
1000 3031 909 0.000495
1000 3031 909 0.000410
1000 3031 909 0.000422
1000 3031 909 0.000393
1000 3031 909 0.000419
1000 3031 909 0.000390
1000 3031 909 0.000423
1000 3031 909 0.000391
1000 3031 909 0.000416
1000 3031 909 0.000394
1000 3031 909 0.000422
1000 3031 909 0.000392
1000 3031 909 0.000417
1000 3031 909 0.000382
1000 3031 909 0.000414
1000 3031 909 0.000383
1000 3031 909 0.000415
1000 3031 909 0.000384
1000 3031 909 0.000413
1000 3031 909 0.000382
1000 3031 909 0.000413
1000 3031 909 0.000382
1000 3031 909 0.000420
1000 3031 909 0.000382
1000 3031 909 0.000430
1000 3031 909 0.000383
1000 3031 909 0.000410
1000 3031 909 0.000385
1000 3031 909 0.000408
1000 3031 909 0.000379
1000 3031 909 0.000412
1000 3031 909 0.000380
1000 3031 909 0.000403
1000 3031 909 0.000377
1000 3031 909 0.000407
1000 3031 909 0.000390
1000 3031 909 0.000413
1000 3031 909 0.000380
1000 3031 909 0.000409
1000 3031 909 0.000381
1000 3031 909 0.000410
1000 3031 909 0.000379
1000 3031 909 0.000407
1000 3031 909 0.000378
1000 3031 909 0.000410
1000 3031 909 0.000382
1000 3031 909 0.000409
1000 3031 909 0.000382
1000 3031 909 0.000403
1000 3031 909 0.000382
1000 3031 909 0.000411
1000 3031 909 0.000379
1000 3031 909 0.000401
1000 3031 909 0.000378
1000 3031 909 0.000405
1000 3031 909 0.000371
1000 3031 909 0.000400
1000 3031 909 0.000368
1000 3031 909 0.000401
1000 3031 909 0.000370
1000 3031 909 0.000390
1000 3031 909 0.000368
1000 3031 909 0.000404
1000 3031 909 0.000374
1000 3031 909 0.000401
1000 3031 909 0.000370
1000 3031 909 0.000400
1000 3031 909 0.000373
1000 3031 909 0.000397
1000 3031 909 0.000379
1000 3031 909 0.000401
1000 3031 909 0.000373
1000 3031 909 0.000396
1000 3031 909 0.000374
1000 3031 909 0.000403
1000 3031 909 0.000374
1000 3031 909 0.000403
1000 3031 909 0.000374
1000 3031 909 0.000401
1000 3031 909 0.000376
1000 3031 909 0.000404
2000 6760 2028 0.005002
2000 6760 2028 0.002652
2000 6760 2028 0.002571
2000 6760 2028 0.002493
2000 6760 2028 0.002579
2000 6760 2028 0.002637
2000 6760 2028 0.002570
2000 6760 2028 0.002473
2000 6760 2028 0.002566
2000 6760 2028 0.002456
2000 6760 2028 0.002579
2000 6760 2028 0.002461
2000 6760 2028 0.002564
2000 6760 2028 0.002466
2000 6760 2028 0.002539
2000 6760 2028 0.002454
2000 6760 2028 0.002519
2000 6760 2028 0.002438
2000 6760 2028 0.002520
2000 6760 2028 0.002612
2000 6760 2028 0.002513
2000 6760 2028 0.002441
2000 6760 2028 0.002506
2000 6760 2028 0.002437
2000 6760 2028 0.002506
2000 6760 2028 0.002431
2000 6760 2028 0.002503
2000 6760 2028 0.002440
2000 6760 2028 0.002503
2000 6760 2028 0.002432
2000 6760 2028 0.002511
2000 6760 2028 0.002440
2000 6760 2028 0.002507
2000 6760 2028 0.002430
2000 6760 2028 0.002524
2000 6760 2028 0.002439
2000 6760 2028 0.002515
2000 6760 2028 0.002451
2000 6760 2028 0.002512
2000 6760 2028 0.002435
2000 6760 2028 0.002514
2000 6760 2028 0.002427
2000 6760 2028 0.002508
2000 6760 2028 0.002438
2000 6760 2028 0.002507
2000 6760 2028 0.002419
2000 6760 2028 0.002508
2000 6760 2028 0.002445
2000 6760 2028 0.002501
2000 6760 2028 0.002441
2000 6760 2028 0.002507
2000 6760 2028 0.002429
2000 6760 2028 0.002500
2000 6760 2028 0.002437
2000 6760 2028 0.002504
2000 6760 2028 0.002425
2000 6760 2028 0.002509
2000 6760 2028 0.002428
2000 6760 2028 0.002508
2000 6760 2028 0.002438
2000 6760 2028 0.002519
2000 6760 2028 0.002428
2000 6760 2028 0.002503
2000 6760 2028 0.002430
2000 6760 2028 0.002495
2000 6760 2028 0.002415
2000 6760 2028 0.002504
2000 6760 2028 0.002421
2000 6760 2028 0.002513
2000 6760 2028 0.002425
2000 6760 2028 0.002508
2000 6760 2028 0.002431
2000 6760 2028 0.002505
2000 6760 2028 0.002426
2000 6760 2028 0.002510
2000 6760 2028 0.002430
2000 6760 2028 0.002504
2000 6760 2028 0.002427
2000 6760 2028 0.002491
2000 6760 2028 0.002421
2000 6760 2028 0.002504
2000 6760 2028 0.002428
2000 6760 2028 0.002508
2000 6760 2028 0.002429
2000 6760 2028 0.002501
2000 6760 2028 0.002425
2000 6760 2028 0.002498
2000 6760 2028 0.002430
2000 6760 2028 0.002498
2000 6760 2028 0.002431
2000 6760 2028 0.002506
2000 6760 2028 0.002429
2000 6760 2028 0.002506
2000 6760 2028 0.002436
2000 6760 2028 0.002519
2000 6760 2028 0.002424
2000 6760 2028 0.002522
2000 6760 2028 0.002421
2000 6760 2028 0.002522
2000 6760 2028 0.002423
2000 6760 2028 0.002525
100 185 55 0.000011
100 185 55 0.000001
100 185 55 0.000001
100 185 55 0.000001
100 185 55 0.000001
100 185 55 0.000001
100 185 55 0.000001
100 185 55 0.000001
100 185 55 0.000001
100 185 55 0.000001
100 185 55 0.000001
100 185 55 0.000001
100 185 55 0.000001
100 185 55 0.000001
100 185 55 0.000001
100 185 55 0.000001
100 185 55 0.000001
100 185 55 0.000001
100 185 55 0.000001
100 185 55 0.000001
100 185 55 0.000001
100 185 55 0.000001
100 185 55 0.000001
100 185 55 0.000001
100 185 55 0.000001
100 185 55 0.000001
100 185 55 0.000001
100 185 55 0.000001
100 185 55 0.000001
100 185 55 0.000001
100 185 55 0.000001
100 185 55 0.000001
100 185 55 0.000001
100 185 55 0.000001
100 185 55 0.000001
100 185 55 0.000001
100 185 55 0.000001
100 185 55 0.000001
100 185 55 0.000001
100 185 55 0.000001
100 185 55 0.000001
100 185 55 0.000001
100 185 55 0.000001
100 185 55 0.000001
100 185 55 0.000001
100 185 55 0.000001
100 185 55 0.000001
100 185 55 0.000001
100 185 55 0.000001
100 185 55 0.000001
100 185 55 0.000001
100 185 55 0.000001
100 185 55 0.000001
100 185 55 0.000001
100 185 55 0.000001
100 185 55 0.000001
100 185 55 0.000001
100 185 55 0.000001
100 185 55 0.000001
100 185 55 0.000001
100 185 55 0.000001
100 185 55 0.000001
100 185 55 0.000001
100 185 55 0.000001
100 185 55 0.000001
100 185 55 0.000001
100 185 55 0.000001
100 185 55 0.000001
100 185 55 0.000001
100 185 55 0.000001
100 185 55 0.000001
100 185 55 0.000001
100 185 55 0.000001
100 185 55 0.000001
100 185 55 0.000001
100 185 55 0.000001
100 185 55 0.000001
100 185 55 0.000001
100 185 55 0.000001
100 185 55 0.000001
100 185 55 0.000001
100 185 55 0.000001
100 185 55 0.000001
100 185 55 0.000001
100 185 55 0.000001
100 185 55 0.000001
100 185 55 0.000001
100 185 55 0.000001
100 185 55 0.000001
100 185 55 0.000001
100 185 55 0.000001
100 185 55 0.000001
100 185 55 0.000001
100 185 55 0.000001
100 185 55 0.000001
100 185 55 0.000001
100 185 55 0.000001
100 185 55 0.000001
100 185 55 0.000001
100 185 55 0.000001
100 185 55 0.000001
200 442 132 0.000044
200 442 132 0.000007
200 442 132 0.000007
200 442 132 0.000007
200 442 132 0.000007
200 442 132 0.000007
200 442 132 0.000007
200 442 132 0.000007
200 442 132 0.000007
200 442 132 0.000007
200 442 132 0.000007
200 442 132 0.000007
200 442 132 0.000007
200 442 132 0.000007
200 442 132 0.000007
200 442 132 0.000007
200 442 132 0.000007
200 442 132 0.000007
200 442 132 0.000007
200 442 132 0.000007
200 442 132 0.000007
200 442 132 0.000007
200 442 132 0.000007
200 442 132 0.000007
200 442 132 0.000007
200 442 132 0.000007
200 442 132 0.000007
200 442 132 0.000007
200 442 132 0.000007
200 442 132 0.000007
200 442 132 0.000007
200 442 132 0.000007
200 442 132 0.000007
200 442 132 0.000007
200 442 132 0.000007
200 442 132 0.000007
200 442 132 0.000007
200 442 132 0.000007
200 442 132 0.000007
200 442 132 0.000007
200 442 132 0.000007
200 442 132 0.000007
200 442 132 0.000007
200 442 132 0.000007
200 442 132 0.000007
200 442 132 0.000007
200 442 132 0.000007
200 442 132 0.000007
200 442 132 0.000007
200 442 132 0.000007
200 442 132 0.000007
200 442 132 0.000007
200 442 132 0.000007
200 442 132 0.000007
200 442 132 0.000007
200 442 132 0.000007
200 442 132 0.000007
200 442 132 0.000007
200 442 132 0.000007
200 442 132 0.000007
200 442 132 0.000007
200 442 132 0.000007
200 442 132 0.000007
200 442 132 0.000007
200 442 132 0.000007
200 442 132 0.000007
200 442 132 0.000007
200 442 132 0.000007
200 442 132 0.000007
200 442 132 0.000007
200 442 132 0.000007
200 442 132 0.000008
200 442 132 0.000007
200 442 132 0.000007
200 442 132 0.000007
200 442 132 0.000007
200 442 132 0.000007
200 442 132 0.000007
200 442 132 0.000007
200 442 132 0.000007
200 442 132 0.000007
200 442 132 0.000007
200 442 132 0.000007
200 442 132 0.000007
200 442 132 0.000007
200 442 132 0.000007
200 442 132 0.000007
200 442 132 0.000007
200 442 132 0.000007
200 442 132 0.000007
200 442 132 0.000007
200 442 132 0.000007
200 442 132 0.000007
200 442 132 0.000007
200 442 132 0.000007
200 442 132 0.000007
200 442 132 0.000007
200 442 132 0.000007
200 442 132 0.000007
200 442 132 0.000007
200 442 132 0.000007
300 726 217 0.000113
300 726 217 0.000020
300 726 217 0.000019
300 726 217 0.000021
300 726 217 0.000019
300 726 217 0.000019
300 726 217 0.000019
300 726 217 0.000019
300 726 217 0.000019
300 726 217 0.000019
300 726 217 0.000019
300 726 217 0.000019
300 726 217 0.000019
300 726 217 0.000019
300 726 217 0.000019
300 726 217 0.000019
300 726 217 0.000019
300 726 217 0.000019
300 726 217 0.000019
300 726 217 0.000018
300 726 217 0.000019
300 726 217 0.000018
300 726 217 0.000019
300 726 217 0.000018
300 726 217 0.000019
300 726 217 0.000019
300 726 217 0.000019
300 726 217 0.000018
300 726 217 0.000019
300 726 217 0.000020
300 726 217 0.000019
300 726 217 0.000018
300 726 217 0.000019
300 726 217 0.000018
300 726 217 0.000019
300 726 217 0.000019
300 726 217 0.000019
300 726 217 0.000018
300 726 217 0.000019
300 726 217 0.000018
300 726 217 0.000019
300 726 217 0.000018
300 726 217 0.000019
300 726 217 0.000018
300 726 217 0.000019
300 726 217 0.000018
300 726 217 0.000018
300 726 217 0.000018
300 726 217 0.000020
300 726 217 0.000018
300 726 217 0.000019
300 726 217 0.000018
300 726 217 0.000018
300 726 217 0.000018
300 726 217 0.000019
300 726 217 0.000018
300 726 217 0.000019
300 726 217 0.000018
300 726 217 0.000019
300 726 217 0.000018
300 726 217 0.000019
300 726 217 0.000018
300 726 217 0.000019
300 726 217 0.000018
300 726 217 0.000019
300 726 217 0.000018
300 726 217 0.000018
300 726 217 0.000018
300 726 217 0.000019
300 726 217 0.000018
300 726 217 0.000018
300 726 217 0.000018
300 726 217 0.000019
300 726 217 0.000018
300 726 217 0.000019
300 726 217 0.000018
300 726 217 0.000018
300 726 217 0.000018
300 726 217 0.000019
300 726 217 0.000018
300 726 217 0.000019
300 726 217 0.000018
300 726 217 0.000018
300 726 217 0.000018
300 726 217 0.000046
300 726 217 0.000018
300 726 217 0.000019
300 726 217 0.000018
300 726 217 0.000018
300 726 217 0.000018
300 726 217 0.000018
300 726 217 0.000018
300 726 217 0.000019
300 726 217 0.000018
300 726 217 0.000018
300 726 217 0.000018
300 726 217 0.000018
300 726 217 0.000018
300 726 217 0.000019
300 726 217 0.000018
300 726 217 0.000019
400 1026 307 0.000037
400 1026 307 0.000035
400 1026 307 0.000036
400 1026 307 0.000034
400 1026 307 0.000036
400 1026 307 0.000034
400 1026 307 0.000035
400 1026 307 0.000034
400 1026 307 0.000035
400 1026 307 0.000034
400 1026 307 0.000035
400 1026 307 0.000034
400 1026 307 0.000036
400 1026 307 0.000034
400 1026 307 0.000036
400 1026 307 0.000035
400 1026 307 0.000036
400 1026 307 0.000035
400 1026 307 0.000037
400 1026 307 0.000034
400 1026 307 0.000035
400 1026 307 0.000034
400 1026 307 0.000035
400 1026 307 0.000034
400 1026 307 0.000036
400 1026 307 0.000034
400 1026 307 0.000035
400 1026 307 0.000034
400 1026 307 0.000035
400 1026 307 0.000034
400 1026 307 0.000035
400 1026 307 0.000034
400 1026 307 0.000035
400 1026 307 0.000034
400 1026 307 0.000035
400 1026 307 0.000034
400 1026 307 0.000035
400 1026 307 0.000035
400 1026 307 0.000035
400 1026 307 0.000081
400 1026 307 0.000035
400 1026 307 0.000034
400 1026 307 0.000035
400 1026 307 0.000034
400 1026 307 0.000035
400 1026 307 0.000033
400 1026 307 0.000035
400 1026 307 0.000034
400 1026 307 0.000036
400 1026 307 0.000034
400 1026 307 0.000035
400 1026 307 0.000034
400 1026 307 0.000035
400 1026 307 0.000034
400 1026 307 0.000035
400 1026 307 0.000034
400 1026 307 0.000035
400 1026 307 0.000034
400 1026 307 0.000035
400 1026 307 0.000033
400 1026 307 0.000035
400 1026 307 0.000033
400 1026 307 0.000035
400 1026 307 0.000034
400 1026 307 0.000036
400 1026 307 0.000034
400 1026 307 0.000035
400 1026 307 0.000033
400 1026 307 0.000035
400 1026 307 0.000033
400 1026 307 0.000035
400 1026 307 0.000034
400 1026 307 0.000035
400 1026 307 0.000034
400 1026 307 0.000035
400 1026 307 0.000034
400 1026 307 0.000034
400 1026 307 0.000034
400 1026 307 0.000035
400 1026 307 0.000034
400 1026 307 0.000035
400 1026 307 0.000033
400 1026 307 0.000035
400 1026 307 0.000033
400 1026 307 0.000035
400 1026 307 0.000033
400 1026 307 0.000035
400 1026 307 0.000033
400 1026 307 0.000035
400 1026 307 0.000033
400 1026 307 0.000035
400 1026 307 0.000035
400 1026 307 0.000035
400 1026 307 0.000033
400 1026 307 0.000034
400 1026 307 0.000034
400 1026 307 0.000035
400 1026 307 0.000033
400 1026 307 0.000036
400 1026 307 0.000033
400 1026 307 0.000035
500 1340 402 0.000065
500 1340 402 0.000061
500 1340 402 0.000062
500 1340 402 0.000060
500 1340 402 0.000061
500 1340 402 0.000060
500 1340 402 0.000060
500 1340 402 0.000059
500 1340 402 0.000060
500 1340 402 0.000060
500 1340 402 0.000061
500 1340 402 0.000060
500 1340 402 0.000063
500 1340 402 0.000060
500 1340 402 0.000063
500 1340 402 0.000061
500 1340 402 0.000062
500 1340 402 0.000061
500 1340 402 0.000062
500 1340 402 0.000061
500 1340 402 0.000064
500 1340 402 0.000061
500 1340 402 0.000062
500 1340 402 0.000061
500 1340 402 0.000062
500 1340 402 0.000061
500 1340 402 0.000062
500 1340 402 0.000061
500 1340 402 0.000062
500 1340 402 0.000061
500 1340 402 0.000062
500 1340 402 0.000061
500 1340 402 0.000062
500 1340 402 0.000061
500 1340 402 0.000062
500 1340 402 0.000061
500 1340 402 0.000062
500 1340 402 0.000061
500 1340 402 0.000062
500 1340 402 0.000060
500 1340 402 0.000062
500 1340 402 0.000060
500 1340 402 0.000061
500 1340 402 0.000061
500 1340 402 0.000062
500 1340 402 0.000062
500 1340 402 0.000062
500 1340 402 0.000062
500 1340 402 0.000064
500 1340 402 0.000061
500 1340 402 0.000061
500 1340 402 0.000059
500 1340 402 0.000060
500 1340 402 0.000059
500 1340 402 0.000060
500 1340 402 0.000059
500 1340 402 0.000062
500 1340 402 0.000059
500 1340 402 0.000060
500 1340 402 0.000059
500 1340 402 0.000060
500 1340 402 0.000059
500 1340 402 0.000059
500 1340 402 0.000059
500 1340 402 0.000060
500 1340 402 0.000059
500 1340 402 0.000060
500 1340 402 0.000059
500 1340 402 0.000060
500 1340 402 0.000061
500 1340 402 0.000060
500 1340 402 0.000139
500 1340 402 0.000060
500 1340 402 0.000059
500 1340 402 0.000059
500 1340 402 0.000059
500 1340 402 0.000059
500 1340 402 0.000059
500 1340 402 0.000059
500 1340 402 0.000059
500 1340 402 0.000060
500 1340 402 0.000059
500 1340 402 0.000059
500 1340 402 0.000059
500 1340 402 0.000060
500 1340 402 0.000059
500 1340 402 0.000060
500 1340 402 0.000059
500 1340 402 0.000060
500 1340 402 0.000059
500 1340 402 0.000059
500 1340 402 0.000059
500 1340 402 0.000060
500 1340 402 0.000060
500 1340 402 0.000060
500 1340 402 0.000059
500 1340 402 0.000060
500 1340 402 0.000059
500 1340 402 0.000061
500 1340 402 0.000059
500 1340 402 0.000060
600 1663 498 0.000510
600 1663 498 0.000091
600 1663 498 0.000091
600 1663 498 0.000090
600 1663 498 0.000091
600 1663 498 0.000089
600 1663 498 0.000091
600 1663 498 0.000090
600 1663 498 0.000091
600 1663 498 0.000090
600 1663 498 0.000091
600 1663 498 0.000090
600 1663 498 0.000092
600 1663 498 0.000090
600 1663 498 0.000126
600 1663 498 0.000091
600 1663 498 0.000092
600 1663 498 0.000091
600 1663 498 0.000092
600 1663 498 0.000090
600 1663 498 0.000092
600 1663 498 0.000091
600 1663 498 0.000091
600 1663 498 0.000091
600 1663 498 0.000091
600 1663 498 0.000090
600 1663 498 0.000091
600 1663 498 0.000090
600 1663 498 0.000091
600 1663 498 0.000090
600 1663 498 0.000091
600 1663 498 0.000090
600 1663 498 0.000092
600 1663 498 0.000090
600 1663 498 0.000091
600 1663 498 0.000090
600 1663 498 0.000091
600 1663 498 0.000090
600 1663 498 0.000092
600 1663 498 0.000090
600 1663 498 0.000091
600 1663 498 0.000091
600 1663 498 0.000091
600 1663 498 0.000090
600 1663 498 0.000092
600 1663 498 0.000091
600 1663 498 0.000091
600 1663 498 0.000122
600 1663 498 0.000091
600 1663 498 0.000090
600 1663 498 0.000091
600 1663 498 0.000090
600 1663 498 0.000091
600 1663 498 0.000090
600 1663 498 0.000091
600 1663 498 0.000090
600 1663 498 0.000091
600 1663 498 0.000090
600 1663 498 0.000091
600 1663 498 0.000090
600 1663 498 0.000089
600 1663 498 0.000088
600 1663 498 0.000091
600 1663 498 0.000088
600 1663 498 0.000089
600 1663 498 0.000088
600 1663 498 0.000089
600 1663 498 0.000089
600 1663 498 0.000088
600 1663 498 0.000088
600 1663 498 0.000089
600 1663 498 0.000088
600 1663 498 0.000089
600 1663 498 0.000088
600 1663 498 0.000089
600 1663 498 0.000088
600 1663 498 0.000089
600 1663 498 0.000088
600 1663 498 0.000091
600 1663 498 0.000088
600 1663 498 0.000089
600 1663 498 0.000088
600 1663 498 0.000089
600 1663 498 0.000088
600 1663 498 0.000089
600 1663 498 0.000088
600 1663 498 0.000089
600 1663 498 0.000088
600 1663 498 0.000089
600 1663 498 0.000088
600 1663 498 0.000089
600 1663 498 0.000088
600 1663 498 0.000089
600 1663 498 0.000088
600 1663 498 0.000089
600 1663 498 0.000089
600 1663 498 0.000089
600 1663 498 0.000088
600 1663 498 0.000089
600 1663 498 0.000088
600 1663 498 0.000090
700 1995 598 0.000552
700 1995 598 0.000131
700 1995 598 0.000130
700 1995 598 0.000127
700 1995 598 0.000127
700 1995 598 0.000125
700 1995 598 0.000126
700 1995 598 0.000125
700 1995 598 0.000126
700 1995 598 0.000125
700 1995 598 0.000130
700 1995 598 0.000126
700 1995 598 0.000127
700 1995 598 0.000125
700 1995 598 0.000128
700 1995 598 0.000126
700 1995 598 0.000128
700 1995 598 0.000126
700 1995 598 0.000128
700 1995 598 0.000128
700 1995 598 0.000129
700 1995 598 0.000126
700 1995 598 0.000128
700 1995 598 0.000127
700 1995 598 0.000125
700 1995 598 0.000124
700 1995 598 0.000125
700 1995 598 0.000125
700 1995 598 0.000125
700 1995 598 0.000125
700 1995 598 0.000127
700 1995 598 0.000125
700 1995 598 0.000126
700 1995 598 0.000125
700 1995 598 0.000124
700 1995 598 0.000125
700 1995 598 0.000125
700 1995 598 0.000124
700 1995 598 0.000125
700 1995 598 0.000124
700 1995 598 0.000124
700 1995 598 0.000123
700 1995 598 0.000125
700 1995 598 0.000124
700 1995 598 0.000124
700 1995 598 0.000124
700 1995 598 0.000124
700 1995 598 0.000124
700 1995 598 0.000125
700 1995 598 0.000124
700 1995 598 0.000124
700 1995 598 0.000124
700 1995 598 0.000124
700 1995 598 0.000123
700 1995 598 0.000125
700 1995 598 0.000124
700 1995 598 0.000125
700 1995 598 0.000124
700 1995 598 0.000125
700 1995 598 0.000124
700 1995 598 0.000125
700 1995 598 0.000124
700 1995 598 0.000125
700 1995 598 0.000124
700 1995 598 0.000125
700 1995 598 0.000123
700 1995 598 0.000125
700 1995 598 0.000125
700 1995 598 0.000126
700 1995 598 0.000125
700 1995 598 0.000126
700 1995 598 0.000124
700 1995 598 0.000125
700 1995 598 0.000123
700 1995 598 0.000124
700 1995 598 0.000124
700 1995 598 0.000125
700 1995 598 0.000123
700 1995 598 0.000124
700 1995 598 0.000123
700 1995 598 0.000126
700 1995 598 0.000123
700 1995 598 0.000125
700 1995 598 0.000123
700 1995 598 0.000125
700 1995 598 0.000123
700 1995 598 0.000124
700 1995 598 0.000123
700 1995 598 0.000124
700 1995 598 0.000123
700 1995 598 0.000124
700 1995 598 0.000123
700 1995 598 0.000124
700 1995 598 0.000123
700 1995 598 0.000125
700 1995 598 0.000125
700 1995 598 0.000125
700 1995 598 0.000124
700 1995 598 0.000125
700 1995 598 0.000123
700 1995 598 0.000125
800 2334 700 0.000593
800 2334 700 0.000211
800 2334 700 0.000193
800 2334 700 0.000182
800 2334 700 0.000185
800 2334 700 0.000182
800 2334 700 0.000181
800 2334 700 0.000193
800 2334 700 0.000179
800 2334 700 0.000173
800 2334 700 0.000178
800 2334 700 0.000177
800 2334 700 0.000175
800 2334 700 0.000169
800 2334 700 0.000181
800 2334 700 0.000171
800 2334 700 0.000169
800 2334 700 0.000172
800 2334 700 0.000170
800 2334 700 0.000171
800 2334 700 0.000172
800 2334 700 0.000170
800 2334 700 0.000168
800 2334 700 0.000186
800 2334 700 0.000172
800 2334 700 0.000170
800 2334 700 0.000168
800 2334 700 0.000171
800 2334 700 0.000169
800 2334 700 0.000169
800 2334 700 0.000168
800 2334 700 0.000174
800 2334 700 0.000168
800 2334 700 0.000170
800 2334 700 0.000168
800 2334 700 0.000168
800 2334 700 0.000168
800 2334 700 0.000170
800 2334 700 0.000173
800 2334 700 0.000169
800 2334 700 0.000168
800 2334 700 0.000168
800 2334 700 0.000168
800 2334 700 0.000168
800 2334 700 0.000167
800 2334 700 0.000168
800 2334 700 0.000168
800 2334 700 0.000173
800 2334 700 0.000167
800 2334 700 0.000185
800 2334 700 0.000169
800 2334 700 0.000168
800 2334 700 0.000169
800 2334 700 0.000168
800 2334 700 0.000167
800 2334 700 0.000170
800 2334 700 0.000167
800 2334 700 0.000168
800 2334 700 0.000168
800 2334 700 0.000167
800 2334 700 0.000167
800 2334 700 0.000167
800 2334 700 0.000168
800 2334 700 0.000175
800 2334 700 0.000173
800 2334 700 0.000168
800 2334 700 0.000168
800 2334 700 0.000168
800 2334 700 0.000168
800 2334 700 0.000167
800 2334 700 0.000171
800 2334 700 0.000168
800 2334 700 0.000168
800 2334 700 0.000167
800 2334 700 0.000169
800 2334 700 0.000168
800 2334 700 0.000167
800 2334 700 0.000167
800 2334 700 0.000167
800 2334 700 0.000167
800 2334 700 0.000174
800 2334 700 0.000167
800 2334 700 0.000169
800 2334 700 0.000167
800 2334 700 0.000167
800 2334 700 0.000165
800 2334 700 0.000166
800 2334 700 0.000166
800 2334 700 0.000166
800 2334 700 0.000166
800 2334 700 0.000167
800 2334 700 0.000166
800 2334 700 0.000167
800 2334 700 0.000166
800 2334 700 0.000170
800 2334 700 0.000166
800 2334 700 0.000166
800 2334 700 0.000167
800 2334 700 0.000166
800 2334 700 0.000168
800 2334 700 0.000167
900 2680 804 0.001072
900 2680 804 0.000332
900 2680 804 0.000322
900 2680 804 0.000293
900 2680 804 0.000304
900 2680 804 0.000441
900 2680 804 0.000299
900 2680 804 0.000279
900 2680 804 0.000297
900 2680 804 0.000277
900 2680 804 0.000293
900 2680 804 0.000285
900 2680 804 0.000282
900 2680 804 0.000269
900 2680 804 0.000282
900 2680 804 0.000267
900 2680 804 0.000276
900 2680 804 0.000264
900 2680 804 0.000284
900 2680 804 0.000267
900 2680 804 0.000279
900 2680 804 0.000265
900 2680 804 0.000280
900 2680 804 0.000276
900 2680 804 0.000278
900 2680 804 0.000264
900 2680 804 0.000280
900 2680 804 0.000263
900 2680 804 0.000274
900 2680 804 0.000264
900 2680 804 0.000275
900 2680 804 0.000261
900 2680 804 0.000272
900 2680 804 0.000259
900 2680 804 0.000272
900 2680 804 0.000259
900 2680 804 0.000273
900 2680 804 0.000411
900 2680 804 0.000269
900 2680 804 0.000258
900 2680 804 0.000274
900 2680 804 0.000260
900 2680 804 0.000272
900 2680 804 0.000255
900 2680 804 0.000265
900 2680 804 0.000253
900 2680 804 0.000266
900 2680 804 0.000252
900 2680 804 0.000271
900 2680 804 0.000254
900 2680 804 0.000271
900 2680 804 0.000253
900 2680 804 0.000268
900 2680 804 0.000252
900 2680 804 0.000270
900 2680 804 0.000254
900 2680 804 0.000266
900 2680 804 0.000251
900 2680 804 0.000269
900 2680 804 0.000250
900 2680 804 0.000265
900 2680 804 0.000250
900 2680 804 0.000266
900 2680 804 0.000248
900 2680 804 0.000270
900 2680 804 0.000250
900 2680 804 0.000266
900 2680 804 0.000262
900 2680 804 0.000268
900 2680 804 0.000257
900 2680 804 0.000270
900 2680 804 0.000258
900 2680 804 0.000272
900 2680 804 0.000267
900 2680 804 0.000267
900 2680 804 0.000255
900 2680 804 0.000271
900 2680 804 0.000252
900 2680 804 0.000270
900 2680 804 0.000256
900 2680 804 0.000271
900 2680 804 0.000253
900 2680 804 0.000266
900 2680 804 0.000252
900 2680 804 0.000263
900 2680 804 0.000248
900 2680 804 0.000271
900 2680 804 0.000253
900 2680 804 0.000267
900 2680 804 0.000251
900 2680 804 0.000273
900 2680 804 0.000253
900 2680 804 0.000267
900 2680 804 0.000250
900 2680 804 0.000269
900 2680 804 0.000251
900 2680 804 0.000263
900 2680 804 0.000247
900 2680 804 0.000264
900 2680 804 0.000249
900 2680 804 0.000261
1000 3031 909 0.001208
1000 3031 909 0.000465
1000 3031 909 0.000488
1000 3031 909 0.000443
1000 3031 909 0.000482
1000 3031 909 0.000432
1000 3031 909 0.000472
1000 3031 909 0.000427
1000 3031 909 0.000466
1000 3031 909 0.000419
1000 3031 909 0.000446
1000 3031 909 0.000405
1000 3031 909 0.000430
1000 3031 909 0.000410
1000 3031 909 0.000420
1000 3031 909 0.000385
1000 3031 909 0.000408
1000 3031 909 0.000382
1000 3031 909 0.000408
1000 3031 909 0.000376
1000 3031 909 0.000403
1000 3031 909 0.000378
1000 3031 909 0.000409
1000 3031 909 0.000380
1000 3031 909 0.000409
1000 3031 909 0.000378
1000 3031 909 0.000408
1000 3031 909 0.000382
1000 3031 909 0.000407
1000 3031 909 0.000384
1000 3031 909 0.000408
1000 3031 909 0.000378
1000 3031 909 0.000403
1000 3031 909 0.000380
1000 3031 909 0.000401
1000 3031 909 0.000378
1000 3031 909 0.000409
1000 3031 909 0.000377
1000 3031 909 0.000405
1000 3031 909 0.000374
1000 3031 909 0.000401
1000 3031 909 0.000370
1000 3031 909 0.000397
1000 3031 909 0.000370
1000 3031 909 0.000399
1000 3031 909 0.000369
1000 3031 909 0.000397
1000 3031 909 0.000369
1000 3031 909 0.000400
1000 3031 909 0.000369
1000 3031 909 0.000400
1000 3031 909 0.000371
1000 3031 909 0.000392
1000 3031 909 0.000369
1000 3031 909 0.000395
1000 3031 909 0.000377
1000 3031 909 0.000395
1000 3031 909 0.000364
1000 3031 909 0.000393
1000 3031 909 0.000369
1000 3031 909 0.000402
1000 3031 909 0.000366
1000 3031 909 0.000398
1000 3031 909 0.000366
1000 3031 909 0.000392
1000 3031 909 0.000368
1000 3031 909 0.000392
1000 3031 909 0.000367
1000 3031 909 0.000387
1000 3031 909 0.000365
1000 3031 909 0.000395
1000 3031 909 0.000365
1000 3031 909 0.000397
1000 3031 909 0.000360
1000 3031 909 0.000386
1000 3031 909 0.000359
1000 3031 909 0.000387
1000 3031 909 0.000361
1000 3031 909 0.000382
1000 3031 909 0.000357
1000 3031 909 0.000386
1000 3031 909 0.000361
1000 3031 909 0.000390
1000 3031 909 0.000366
1000 3031 909 0.000387
1000 3031 909 0.000357
1000 3031 909 0.000386
1000 3031 909 0.000361
1000 3031 909 0.000386
1000 3031 909 0.000364
1000 3031 909 0.000387
1000 3031 909 0.000360
1000 3031 909 0.000385
1000 3031 909 0.000361
1000 3031 909 0.000380
1000 3031 909 0.000353
1000 3031 909 0.000377
1000 3031 909 0.000351
1000 3031 909 0.000375
1000 3031 909 0.000353
1000 3031 909 0.000383
2000 6760 2028 0.005332
2000 6760 2028 0.002470
2000 6760 2028 0.002551
2000 6760 2028 0.002396
2000 6760 2028 0.002484
2000 6760 2028 0.002457
2000 6760 2028 0.002475
2000 6760 2028 0.002388
2000 6760 2028 0.002472
2000 6760 2028 0.002385
2000 6760 2028 0.002477
2000 6760 2028 0.002381
2000 6760 2028 0.002462
2000 6760 2028 0.002393
2000 6760 2028 0.002457
2000 6760 2028 0.002360
2000 6760 2028 0.002445
2000 6760 2028 0.002359
2000 6760 2028 0.002442
2000 6760 2028 0.002405
2000 6760 2028 0.002440
2000 6760 2028 0.002350
2000 6760 2028 0.002434
2000 6760 2028 0.002356
2000 6760 2028 0.002444
2000 6760 2028 0.002349
2000 6760 2028 0.002432
2000 6760 2028 0.002351
2000 6760 2028 0.002422
2000 6760 2028 0.002344
2000 6760 2028 0.002431
2000 6760 2028 0.002352
2000 6760 2028 0.002433
2000 6760 2028 0.002347
2000 6760 2028 0.002442
2000 6760 2028 0.002408
2000 6760 2028 0.002443
2000 6760 2028 0.002350
2000 6760 2028 0.002441
2000 6760 2028 0.002355
2000 6760 2028 0.002434
2000 6760 2028 0.002357
2000 6760 2028 0.002436
2000 6760 2028 0.002355
2000 6760 2028 0.002441
2000 6760 2028 0.002346
2000 6760 2028 0.002433
2000 6760 2028 0.002358
2000 6760 2028 0.002422
2000 6760 2028 0.002349
2000 6760 2028 0.002440
2000 6760 2028 0.002347
2000 6760 2028 0.002439
2000 6760 2028 0.002349
2000 6760 2028 0.002432
2000 6760 2028 0.002347
2000 6760 2028 0.002439
2000 6760 2028 0.002349
2000 6760 2028 0.002434
2000 6760 2028 0.002351
2000 6760 2028 0.002443
2000 6760 2028 0.002354
2000 6760 2028 0.002443
2000 6760 2028 0.002345
2000 6760 2028 0.002431
2000 6760 2028 0.002351
2000 6760 2028 0.002427
2000 6760 2028 0.002350
2000 6760 2028 0.002422
2000 6760 2028 0.002343
2000 6760 2028 0.002434
2000 6760 2028 0.002356
2000 6760 2028 0.002440
2000 6760 2028 0.002354
2000 6760 2028 0.002422
2000 6760 2028 0.002344
2000 6760 2028 0.002430
2000 6760 2028 0.002347
2000 6760 2028 0.002441
2000 6760 2028 0.002355
2000 6760 2028 0.002434
2000 6760 2028 0.002347
2000 6760 2028 0.002427
2000 6760 2028 0.002346
2000 6760 2028 0.002424
2000 6760 2028 0.002347
2000 6760 2028 0.002434
2000 6760 2028 0.002351
2000 6760 2028 0.002438
2000 6760 2028 0.002356
2000 6760 2028 0.002435
2000 6760 2028 0.002347
2000 6760 2028 0.002436
2000 6760 2028 0.002382
2000 6760 2028 0.002438
2000 6760 2028 0.002344
2000 6760 2028 0.002441
2000 6760 2028 0.002349
2000 6760 2028 0.002437
2000 6760 2028 0.002351
2000 6760 2028 0.002426
