100 185 55 0.000010
100 185 55 0.000001
100 185 55 0.000001
100 185 55 0.000001
100 185 55 0.000001
100 185 55 0.000001
100 185 55 0.000001
100 185 55 0.000001
100 185 55 0.000001
100 185 55 0.000001
100 185 55 0.000001
100 185 55 0.000001
100 185 55 0.000001
100 185 55 0.000001
100 185 55 0.000001
100 185 55 0.000001
100 185 55 0.000001
100 185 55 0.000001
100 185 55 0.000001
100 185 55 0.000001
100 185 55 0.000001
100 185 55 0.000001
100 185 55 0.000001
100 185 55 0.000001
100 185 55 0.000001
100 185 55 0.000001
100 185 55 0.000001
100 185 55 0.000001
100 185 55 0.000001
100 185 55 0.000001
100 185 55 0.000001
100 185 55 0.000001
100 185 55 0.000001
100 185 55 0.000001
100 185 55 0.000001
100 185 55 0.000001
100 185 55 0.000001
100 185 55 0.000001
100 185 55 0.000001
100 185 55 0.000001
100 185 55 0.000001
100 185 55 0.000001
100 185 55 0.000001
100 185 55 0.000001
100 185 55 0.000001
100 185 55 0.000001
100 185 55 0.000001
100 185 55 0.000001
100 185 55 0.000001
100 185 55 0.000001
100 185 55 0.000001
100 185 55 0.000001
100 185 55 0.000001
100 185 55 0.000001
100 185 55 0.000001
100 185 55 0.000001
100 185 55 0.000001
100 185 55 0.000001
100 185 55 0.000001
100 185 55 0.000001
100 185 55 0.000001
100 185 55 0.000001
100 185 55 0.000001
100 185 55 0.000001
100 185 55 0.000001
100 185 55 0.000001
100 185 55 0.000001
100 185 55 0.000001
100 185 55 0.000001
100 185 55 0.000001
100 185 55 0.000001
100 185 55 0.000001
100 185 55 0.000001
100 185 55 0.000001
100 185 55 0.000001
100 185 55 0.000001
100 185 55 0.000001
100 185 55 0.000001
100 185 55 0.000001
100 185 55 0.000001
100 185 55 0.000001
100 185 55 0.000001
100 185 55 0.000001
100 185 55 0.000001
100 185 55 0.000001
100 185 55 0.000001
100 185 55 0.000001
100 185 55 0.000001
100 185 55 0.000001
100 185 55 0.000001
100 185 55 0.000001
100 185 55 0.000001
100 185 55 0.000001
100 185 55 0.000001
100 185 55 0.000001
100 185 55 0.000001
100 185 55 0.000001
100 185 55 0.000001
100 185 55 0.000001
100 185 55 0.000001
100 185 55 0.000001
200 442 132 0.000041
200 442 132 0.000007
200 442 132 0.000007
200 442 132 0.000007
200 442 132 0.000007
200 442 132 0.000007
200 442 132 0.000007
200 442 132 0.000007
200 442 132 0.000007
200 442 132 0.000007
200 442 132 0.000007
200 442 132 0.000007
200 442 132 0.000007
200 442 132 0.000007
200 442 132 0.000007
200 442 132 0.000007
200 442 132 0.000007
200 442 132 0.000007
200 442 132 0.000007
200 442 132 0.000007
200 442 132 0.000007
200 442 132 0.000007
200 442 132 0.000007
200 442 132 0.000007
200 442 132 0.000007
200 442 132 0.000007
200 442 132 0.000007
200 442 132 0.000007
200 442 132 0.000007
200 442 132 0.000007
200 442 132 0.000007
200 442 132 0.000007
200 442 132 0.000007
200 442 132 0.000007
200 442 132 0.000007
200 442 132 0.000007
200 442 132 0.000007
200 442 132 0.000007
200 442 132 0.000007
200 442 132 0.000007
200 442 132 0.000007
200 442 132 0.000007
200 442 132 0.000007
200 442 132 0.000007
200 442 132 0.000007
200 442 132 0.000007
200 442 132 0.000007
200 442 132 0.000007
200 442 132 0.000007
200 442 132 0.000007
200 442 132 0.000007
200 442 132 0.000007
200 442 132 0.000007
200 442 132 0.000007
200 442 132 0.000007
200 442 132 0.000007
200 442 132 0.000007
200 442 132 0.000007
200 442 132 0.000007
200 442 132 0.000007
200 442 132 0.000007
200 442 132 0.000007
200 442 132 0.000007
200 442 132 0.000007
200 442 132 0.000007
200 442 132 0.000007
200 442 132 0.000007
200 442 132 0.000007
200 442 132 0.000007
200 442 132 0.000007
200 442 132 0.000007
200 442 132 0.000007
200 442 132 0.000007
200 442 132 0.000007
200 442 132 0.000007
200 442 132 0.000007
200 442 132 0.000007
200 442 132 0.000007
200 442 132 0.000007
200 442 132 0.000007
200 442 132 0.000007
200 442 132 0.000007
200 442 132 0.000007
200 442 132 0.000007
200 442 132 0.000007
200 442 132 0.000007
200 442 132 0.000007
200 442 132 0.000007
200 442 132 0.000007
200 442 132 0.000007
200 442 132 0.000007
200 442 132 0.000007
200 442 132 0.000007
200 442 132 0.000007
200 442 132 0.000007
200 442 132 0.000007
200 442 132 0.000007
200 442 132 0.000007
200 442 132 0.000007
200 442 132 0.000007
200 442 132 0.000007
300 726 217 0.000082
300 726 217 0.000018
300 726 217 0.000018
300 726 217 0.000018
300 726 217 0.000018
300 726 217 0.000018
300 726 217 0.000018
300 726 217 0.000018
300 726 217 0.000018
300 726 217 0.000018
300 726 217 0.000018
300 726 217 0.000018
300 726 217 0.000018
300 726 217 0.000020
300 726 217 0.000018
300 726 217 0.000018
300 726 217 0.000019
300 726 217 0.000018
300 726 217 0.000018
300 726 217 0.000018
300 726 217 0.000018
300 726 217 0.000018
300 726 217 0.000018
300 726 217 0.000018
300 726 217 0.000018
300 726 217 0.000018
300 726 217 0.000018
300 726 217 0.000018
300 726 217 0.000018
300 726 217 0.000020
300 726 217 0.000018
300 726 217 0.000018
300 726 217 0.000018
300 726 217 0.000018
300 726 217 0.000018
300 726 217 0.000018
300 726 217 0.000018
300 726 217 0.000018
300 726 217 0.000018
300 726 217 0.000018
300 726 217 0.000018
300 726 217 0.000018
300 726 217 0.000018
300 726 217 0.000018
300 726 217 0.000018
300 726 217 0.000018
300 726 217 0.000018
300 726 217 0.000018
300 726 217 0.000018
300 726 217 0.000018
300 726 217 0.000018
300 726 217 0.000018
300 726 217 0.000018
300 726 217 0.000018
300 726 217 0.000018
300 726 217 0.000018
300 726 217 0.000018
300 726 217 0.000018
300 726 217 0.000018
300 726 217 0.000018
300 726 217 0.000018
300 726 217 0.000018
300 726 217 0.000018
300 726 217 0.000018
300 726 217 0.000018
300 726 217 0.000018
300 726 217 0.000018
300 726 217 0.000018
300 726 217 0.000018
300 726 217 0.000018
300 726 217 0.000018
300 726 217 0.000018
300 726 217 0.000018
300 726 217 0.000018
300 726 217 0.000018
300 726 217 0.000017
300 726 217 0.000018
300 726 217 0.000018
300 726 217 0.000018
300 726 217 0.000018
300 726 217 0.000018
300 726 217 0.000043
300 726 217 0.000018
300 726 217 0.000018
300 726 217 0.000018
300 726 217 0.000018
300 726 217 0.000018
300 726 217 0.000018
300 726 217 0.000018
300 726 217 0.000018
300 726 217 0.000018
300 726 217 0.000018
300 726 217 0.000018
300 726 217 0.000018
300 726 217 0.000018
300 726 217 0.000018
300 726 217 0.000018
300 726 217 0.000018
300 726 217 0.000018
300 726 217 0.000017
300 726 217 0.000018
400 1026 307 0.000198
400 1026 307 0.000035
400 1026 307 0.000036
400 1026 307 0.000034
400 1026 307 0.000035
400 1026 307 0.000034
400 1026 307 0.000035
400 1026 307 0.000034
400 1026 307 0.000035
400 1026 307 0.000034
400 1026 307 0.000035
400 1026 307 0.000034
400 1026 307 0.000036
400 1026 307 0.000034
400 1026 307 0.000036
400 1026 307 0.000034
400 1026 307 0.000036
400 1026 307 0.000034
400 1026 307 0.000036
400 1026 307 0.000034
400 1026 307 0.000036
400 1026 307 0.000035
400 1026 307 0.000036
400 1026 307 0.000034
400 1026 307 0.000035
400 1026 307 0.000034
400 1026 307 0.000035
400 1026 307 0.000034
400 1026 307 0.000035
400 1026 307 0.000034
400 1026 307 0.000036
400 1026 307 0.000034
400 1026 307 0.000035
400 1026 307 0.000034
400 1026 307 0.000035
400 1026 307 0.000034
400 1026 307 0.000035
400 1026 307 0.000034
400 1026 307 0.000036
400 1026 307 0.000034
400 1026 307 0.000084
400 1026 307 0.000034
400 1026 307 0.000035
400 1026 307 0.000034
400 1026 307 0.000036
400 1026 307 0.000034
400 1026 307 0.000036
400 1026 307 0.000034
400 1026 307 0.000035
400 1026 307 0.000034
400 1026 307 0.000036
400 1026 307 0.000034
400 1026 307 0.000036
400 1026 307 0.000034
400 1026 307 0.000035
400 1026 307 0.000034
400 1026 307 0.000035
400 1026 307 0.000034
400 1026 307 0.000035
400 1026 307 0.000034
400 1026 307 0.000035
400 1026 307 0.000034
400 1026 307 0.000036
400 1026 307 0.000034
400 1026 307 0.000035
400 1026 307 0.000034
400 1026 307 0.000037
400 1026 307 0.000034
400 1026 307 0.000035
400 1026 307 0.000036
400 1026 307 0.000035
400 1026 307 0.000036
400 1026 307 0.000036
400 1026 307 0.000034
400 1026 307 0.000035
400 1026 307 0.000034
400 1026 307 0.000035
400 1026 307 0.000034
400 1026 307 0.000035
400 1026 307 0.000034
400 1026 307 0.000035
400 1026 307 0.000034
400 1026 307 0.000035
400 1026 307 0.000034
400 1026 307 0.000036
400 1026 307 0.000034
400 1026 307 0.000035
400 1026 307 0.000034
400 1026 307 0.000035
400 1026 307 0.000034
400 1026 307 0.000035
400 1026 307 0.000034
400 1026 307 0.000035
400 1026 307 0.000034
400 1026 307 0.000035
400 1026 307 0.000034
400 1026 307 0.000035
400 1026 307 0.000034
400 1026 307 0.000035
400 1026 307 0.000034
400 1026 307 0.000035
500 1340 402 0.000061
500 1340 402 0.000058
500 1340 402 0.000059
500 1340 402 0.000058
500 1340 402 0.000058
500 1340 402 0.000058
500 1340 402 0.000058
500 1340 402 0.000057
500 1340 402 0.000059
500 1340 402 0.000058
500 1340 402 0.000059
500 1340 402 0.000058
500 1340 402 0.000059
500 1340 402 0.000058
500 1340 402 0.000059
500 1340 402 0.000058
500 1340 402 0.000059
500 1340 402 0.000058
500 1340 402 0.000059
500 1340 402 0.000058
500 1340 402 0.000059
500 1340 402 0.000058
500 1340 402 0.000059
500 1340 402 0.000137
500 1340 402 0.000061
500 1340 402 0.000058
500 1340 402 0.000059
500 1340 402 0.000058
500 1340 402 0.000060
500 1340 402 0.000058
500 1340 402 0.000059
500 1340 402 0.000058
500 1340 402 0.000059
500 1340 402 0.000058
500 1340 402 0.000059
500 1340 402 0.000058
500 1340 402 0.000059
500 1340 402 0.000058
500 1340 402 0.000059
500 1340 402 0.000058
500 1340 402 0.000059
500 1340 402 0.000058
500 1340 402 0.000058
500 1340 402 0.000058
500 1340 402 0.000059
500 1340 402 0.000058
500 1340 402 0.000059
500 1340 402 0.000058
500 1340 402 0.000059
500 1340 402 0.000057
500 1340 402 0.000058
500 1340 402 0.000058
500 1340 402 0.000059
500 1340 402 0.000057
500 1340 402 0.000058
500 1340 402 0.000057
500 1340 402 0.000058
500 1340 402 0.000058
500 1340 402 0.000059
500 1340 402 0.000058
500 1340 402 0.000058
500 1340 402 0.000058
500 1340 402 0.000059
500 1340 402 0.000058
500 1340 402 0.000058
500 1340 402 0.000058
500 1340 402 0.000059
500 1340 402 0.000058
500 1340 402 0.000058
500 1340 402 0.000058
500 1340 402 0.000058
500 1340 402 0.000058
500 1340 402 0.000059
500 1340 402 0.000136
500 1340 402 0.000059
500 1340 402 0.000059
500 1340 402 0.000058
500 1340 402 0.000057
500 1340 402 0.000059
500 1340 402 0.000057
500 1340 402 0.000058
500 1340 402 0.000058
500 1340 402 0.000058
500 1340 402 0.000057
500 1340 402 0.000058
500 1340 402 0.000057
500 1340 402 0.000060
500 1340 402 0.000057
500 1340 402 0.000058
500 1340 402 0.000059
500 1340 402 0.000059
500 1340 402 0.000058
500 1340 402 0.000058
500 1340 402 0.000058
500 1340 402 0.000060
500 1340 402 0.000057
500 1340 402 0.000058
500 1340 402 0.000059
500 1340 402 0.000059
500 1340 402 0.000058
500 1340 402 0.000058
600 1663 498 0.000494
600 1663 498 0.000086
600 1663 498 0.000087
600 1663 498 0.000085
600 1663 498 0.000086
600 1663 498 0.000086
600 1663 498 0.000087
600 1663 498 0.000085
600 1663 498 0.000086
600 1663 498 0.000085
600 1663 498 0.000086
600 1663 498 0.000085
600 1663 498 0.000086
600 1663 498 0.000097
600 1663 498 0.000089
600 1663 498 0.000085
600 1663 498 0.000086
600 1663 498 0.000086
600 1663 498 0.000087
600 1663 498 0.000088
600 1663 498 0.000087
600 1663 498 0.000086
600 1663 498 0.000087
600 1663 498 0.000086
600 1663 498 0.000087
600 1663 498 0.000087
600 1663 498 0.000087
600 1663 498 0.000086
600 1663 498 0.000087
600 1663 498 0.000086
600 1663 498 0.000087
600 1663 498 0.000088
600 1663 498 0.000087
600 1663 498 0.000086
600 1663 498 0.000087
600 1663 498 0.000086
600 1663 498 0.000087
600 1663 498 0.000086
600 1663 498 0.000087
600 1663 498 0.000086
600 1663 498 0.000087
600 1663 498 0.000086
600 1663 498 0.000087
600 1663 498 0.000086
600 1663 498 0.000087
600 1663 498 0.000086
600 1663 498 0.000087
600 1663 498 0.000086
600 1663 498 0.000087
600 1663 498 0.000088
600 1663 498 0.000087
600 1663 498 0.000086
600 1663 498 0.000087
600 1663 498 0.000086
600 1663 498 0.000087
600 1663 498 0.000086
600 1663 498 0.000087
600 1663 498 0.000086
600 1663 498 0.000086
600 1663 498 0.000086
600 1663 498 0.000087
600 1663 498 0.000087
600 1663 498 0.000087
600 1663 498 0.000086
600 1663 498 0.000087
600 1663 498 0.000086
600 1663 498 0.000087
600 1663 498 0.000086
600 1663 498 0.000087
600 1663 498 0.000086
600 1663 498 0.000086
600 1663 498 0.000087
600 1663 498 0.000087
600 1663 498 0.000086
600 1663 498 0.000086
600 1663 498 0.000085
600 1663 498 0.000086
600 1663 498 0.000086
600 1663 498 0.000087
600 1663 498 0.000086
600 1663 498 0.000087
600 1663 498 0.000086
600 1663 498 0.000087
600 1663 498 0.000086
600 1663 498 0.000087
600 1663 498 0.000086
600 1663 498 0.000086
600 1663 498 0.000085
600 1663 498 0.000088
600 1663 498 0.000085
600 1663 498 0.000086
600 1663 498 0.000085
600 1663 498 0.000087
600 1663 498 0.000086
600 1663 498 0.000087
600 1663 498 0.000086
600 1663 498 0.000087
600 1663 498 0.000086
600 1663 498 0.000086
600 1663 498 0.000116
600 1663 498 0.000086
700 1995 598 0.000550
700 1995 598 0.000127
700 1995 598 0.000123
700 1995 598 0.000121
700 1995 598 0.000124
700 1995 598 0.000121
700 1995 598 0.000122
700 1995 598 0.000122
700 1995 598 0.000122
700 1995 598 0.000122
700 1995 598 0.000124
700 1995 598 0.000121
700 1995 598 0.000122
700 1995 598 0.000122
700 1995 598 0.000122
700 1995 598 0.000122
700 1995 598 0.000122
700 1995 598 0.000121
700 1995 598 0.000122
700 1995 598 0.000123
700 1995 598 0.000135
700 1995 598 0.000123
700 1995 598 0.000122
700 1995 598 0.000121
700 1995 598 0.000122
700 1995 598 0.000121
700 1995 598 0.000122
700 1995 598 0.000121
700 1995 598 0.000122
700 1995 598 0.000121
700 1995 598 0.000122
700 1995 598 0.000121
700 1995 598 0.000124
700 1995 598 0.000121
700 1995 598 0.000122
700 1995 598 0.000121
700 1995 598 0.000122
700 1995 598 0.000121
700 1995 598 0.000121
700 1995 598 0.000120
700 1995 598 0.000122
700 1995 598 0.000123
700 1995 598 0.000123
700 1995 598 0.000124
700 1995 598 0.000122
700 1995 598 0.000121
700 1995 598 0.000122
700 1995 598 0.000121
700 1995 598 0.000121
700 1995 598 0.000121
700 1995 598 0.000122
700 1995 598 0.000121
700 1995 598 0.000121
700 1995 598 0.000121
700 1995 598 0.000122
700 1995 598 0.000121
700 1995 598 0.000122
700 1995 598 0.000122
700 1995 598 0.000122
700 1995 598 0.000121
700 1995 598 0.000122
700 1995 598 0.000121
700 1995 598 0.000121
700 1995 598 0.000121
700 1995 598 0.000121
700 1995 598 0.000121
700 1995 598 0.000124
700 1995 598 0.000121
700 1995 598 0.000122
700 1995 598 0.000189
700 1995 598 0.000122
700 1995 598 0.000120
700 1995 598 0.000121
700 1995 598 0.000120
700 1995 598 0.000121
700 1995 598 0.000120
700 1995 598 0.000120
700 1995 598 0.000120
700 1995 598 0.000121
700 1995 598 0.000120
700 1995 598 0.000120
700 1995 598 0.000119
700 1995 598 0.000122
700 1995 598 0.000120
700 1995 598 0.000121
700 1995 598 0.000120
700 1995 598 0.000121
700 1995 598 0.000121
700 1995 598 0.000124
700 1995 598 0.000122
700 1995 598 0.000122
700 1995 598 0.000122
700 1995 598 0.000121
700 1995 598 0.000120
700 1995 598 0.000121
700 1995 598 0.000120
700 1995 598 0.000121
700 1995 598 0.000120
700 1995 598 0.000122
700 1995 598 0.000121
700 1995 598 0.000121
800 2334 700 0.000992
800 2334 700 0.000206
800 2334 700 0.000193
800 2334 700 0.000183
800 2334 700 0.000186
800 2334 700 0.000177
800 2334 700 0.000181
800 2334 700 0.000300
800 2334 700 0.000180
800 2334 700 0.000172
800 2334 700 0.000179
800 2334 700 0.000175
800 2334 700 0.000175
800 2334 700 0.000170
800 2334 700 0.000171
800 2334 700 0.000174
800 2334 700 0.000171
800 2334 700 0.000169
800 2334 700 0.000171
800 2334 700 0.000169
800 2334 700 0.000172
800 2334 700 0.000170
800 2334 700 0.000169
800 2334 700 0.000168
800 2334 700 0.000176
800 2334 700 0.000171
800 2334 700 0.000171
800 2334 700 0.000171
800 2334 700 0.000170
800 2334 700 0.000168
800 2334 700 0.000168
800 2334 700 0.000175
800 2334 700 0.000169
800 2334 700 0.000169
800 2334 700 0.000168
800 2334 700 0.000167
800 2334 700 0.000173
800 2334 700 0.000167
800 2334 700 0.000168
800 2334 700 0.000169
800 2334 700 0.000169
800 2334 700 0.000166
800 2334 700 0.000169
800 2334 700 0.000168
800 2334 700 0.000169
800 2334 700 0.000170
800 2334 700 0.000168
800 2334 700 0.000167
800 2334 700 0.000174
800 2334 700 0.000167
800 2334 700 0.000174
800 2334 700 0.000169
800 2334 700 0.000167
800 2334 700 0.000170
800 2334 700 0.000168
800 2334 700 0.000167
800 2334 700 0.000167
800 2334 700 0.000166
800 2334 700 0.000166
800 2334 700 0.000167
800 2334 700 0.000168
800 2334 700 0.000166
800 2334 700 0.000166
800 2334 700 0.000165
800 2334 700 0.000176
800 2334 700 0.000294
800 2334 700 0.000169
800 2334 700 0.000163
800 2334 700 0.000163
800 2334 700 0.000164
800 2334 700 0.000163
800 2334 700 0.000163
800 2334 700 0.000162
800 2334 700 0.000163
800 2334 700 0.000163
800 2334 700 0.000162
800 2334 700 0.000162
800 2334 700 0.000162
800 2334 700 0.000165
800 2334 700 0.000165
800 2334 700 0.000161
800 2334 700 0.000165
800 2334 700 0.000164
800 2334 700 0.000162
800 2334 700 0.000160
800 2334 700 0.000183
800 2334 700 0.000168
800 2334 700 0.000163
800 2334 700 0.000162
800 2334 700 0.000161
800 2334 700 0.000162
800 2334 700 0.000163
800 2334 700 0.000163
800 2334 700 0.000164
800 2334 700 0.000165
800 2334 700 0.000168
800 2334 700 0.000164
800 2334 700 0.000169
800 2334 700 0.000164
800 2334 700 0.000163
800 2334 700 0.000162
900 2680 804 0.001053
900 2680 804 0.000324
900 2680 804 0.000308
900 2680 804 0.000279
900 2680 804 0.000294
900 2680 804 0.000433
900 2680 804 0.000290
900 2680 804 0.000270
900 2680 804 0.000283
900 2680 804 0.000263
900 2680 804 0.000272
900 2680 804 0.000257
900 2680 804 0.000272
900 2680 804 0.000258
900 2680 804 0.000265
900 2680 804 0.000255
900 2680 804 0.000268
900 2680 804 0.000256
900 2680 804 0.000271
900 2680 804 0.000255
900 2680 804 0.000265
900 2680 804 0.000255
900 2680 804 0.000263
900 2680 804 0.000252
900 2680 804 0.000264
900 2680 804 0.000251
900 2680 804 0.000262
900 2680 804 0.000252
900 2680 804 0.000260
900 2680 804 0.000251
900 2680 804 0.000260
900 2680 804 0.000250
900 2680 804 0.000259
900 2680 804 0.000248
900 2680 804 0.000257
900 2680 804 0.000248
900 2680 804 0.000257
900 2680 804 0.000248
900 2680 804 0.000261
900 2680 804 0.000249
900 2680 804 0.000257
900 2680 804 0.000248
900 2680 804 0.000262
900 2680 804 0.000250
900 2680 804 0.000259
900 2680 804 0.000248
900 2680 804 0.000290
900 2680 804 0.000275
900 2680 804 0.000258
900 2680 804 0.000242
900 2680 804 0.000255
900 2680 804 0.000242
900 2680 804 0.000251
900 2680 804 0.000240
900 2680 804 0.000249
900 2680 804 0.000242
900 2680 804 0.000254
900 2680 804 0.000242
900 2680 804 0.000249
900 2680 804 0.000241
900 2680 804 0.000248
900 2680 804 0.000239
900 2680 804 0.000248
900 2680 804 0.000238
900 2680 804 0.000249
900 2680 804 0.000241
900 2680 804 0.000254
900 2680 804 0.000242
900 2680 804 0.000254
900 2680 804 0.000242
900 2680 804 0.000253
900 2680 804 0.000242
900 2680 804 0.000256
900 2680 804 0.000239
900 2680 804 0.000246
900 2680 804 0.000238
900 2680 804 0.000251
900 2680 804 0.000245
900 2680 804 0.000253
900 2680 804 0.000237
900 2680 804 0.000251
900 2680 804 0.000243
900 2680 804 0.000252
900 2680 804 0.000240
900 2680 804 0.000250
900 2680 804 0.000239
900 2680 804 0.000253
900 2680 804 0.000240
900 2680 804 0.000246
900 2680 804 0.000239
900 2680 804 0.000250
900 2680 804 0.000241
900 2680 804 0.000253
900 2680 804 0.000242
900 2680 804 0.000249
900 2680 804 0.000241
900 2680 804 0.000252
900 2680 804 0.000239
900 2680 804 0.000246
900 2680 804 0.000237
900 2680 804 0.000247
1000 3031 909 0.001163
1000 3031 909 0.000460
1000 3031 909 0.000480
1000 3031 909 0.000439
1000 3031 909 0.000484
1000 3031 909 0.000432
1000 3031 909 0.000467
1000 3031 909 0.000425
1000 3031 909 0.000456
1000 3031 909 0.000411
1000 3031 909 0.000440
1000 3031 909 0.000399
1000 3031 909 0.000422
1000 3031 909 0.000387
1000 3031 909 0.000414
1000 3031 909 0.000376
1000 3031 909 0.000404
1000 3031 909 0.000376
1000 3031 909 0.000413
1000 3031 909 0.000378
1000 3031 909 0.000406
1000 3031 909 0.000379
1000 3031 909 0.000406
1000 3031 909 0.000375
1000 3031 909 0.000408
1000 3031 909 0.000378
1000 3031 909 0.000405
1000 3031 909 0.000379
1000 3031 909 0.000415
1000 3031 909 0.000454
1000 3031 909 0.000404
1000 3031 909 0.000377
1000 3031 909 0.000402
1000 3031 909 0.000372
1000 3031 909 0.000401
1000 3031 909 0.000369
1000 3031 909 0.000400
1000 3031 909 0.000376
1000 3031 909 0.000407
1000 3031 909 0.000377
1000 3031 909 0.000402
1000 3031 909 0.000371
1000 3031 909 0.000397
1000 3031 909 0.000375
1000 3031 909 0.000400
1000 3031 909 0.000371
1000 3031 909 0.000402
1000 3031 909 0.000367
1000 3031 909 0.000399
1000 3031 909 0.000373
1000 3031 909 0.000399
1000 3031 909 0.000370
1000 3031 909 0.000394
1000 3031 909 0.000369
1000 3031 909 0.000395
1000 3031 909 0.000367
1000 3031 909 0.000403
1000 3031 909 0.000382
1000 3031 909 0.000396
1000 3031 909 0.000366
1000 3031 909 0.000394
1000 3031 909 0.000364
1000 3031 909 0.000399
1000 3031 909 0.000371
1000 3031 909 0.000399
1000 3031 909 0.000369
1000 3031 909 0.000399
1000 3031 909 0.000373
1000 3031 909 0.000394
1000 3031 909 0.000358
1000 3031 909 0.000387
1000 3031 909 0.000358
1000 3031 909 0.000386
1000 3031 909 0.000360
1000 3031 909 0.000388
1000 3031 909 0.000361
1000 3031 909 0.000385
1000 3031 909 0.000363
1000 3031 909 0.000386
1000 3031 909 0.000361
1000 3031 909 0.000390
1000 3031 909 0.000359
1000 3031 909 0.000388
1000 3031 909 0.000365
1000 3031 909 0.000393
1000 3031 909 0.000365
1000 3031 909 0.000405
1000 3031 909 0.000363
1000 3031 909 0.000384
1000 3031 909 0.000358
1000 3031 909 0.000382
1000 3031 909 0.000360
1000 3031 909 0.000388
1000 3031 909 0.000360
1000 3031 909 0.000389
1000 3031 909 0.000362
1000 3031 909 0.000409
1000 3031 909 0.000367
1000 3031 909 0.000389
1000 3031 909 0.000359
1000 3031 909 0.000388
2000 6760 2028 0.005421
2000 6760 2028 0.002501
2000 6760 2028 0.002562
2000 6760 2028 0.002435
2000 6760 2028 0.002483
2000 6760 2028 0.002484
2000 6760 2028 0.002476
2000 6760 2028 0.002424
2000 6760 2028 0.002485
2000 6760 2028 0.002414
2000 6760 2028 0.002546
2000 6760 2028 0.002418
2000 6760 2028 0.002454
2000 6760 2028 0.002395
2000 6760 2028 0.002446
2000 6760 2028 0.002380
2000 6760 2028 0.002443
2000 6760 2028 0.002381
2000 6760 2028 0.002442
2000 6760 2028 0.002436
2000 6760 2028 0.002441
2000 6760 2028 0.002367
2000 6760 2028 0.002433
2000 6760 2028 0.002377
2000 6760 2028 0.002430
2000 6760 2028 0.002390
2000 6760 2028 0.002441
2000 6760 2028 0.002384
2000 6760 2028 0.002452
2000 6760 2028 0.002387
2000 6760 2028 0.002438
2000 6760 2028 0.002376
2000 6760 2028 0.002434
2000 6760 2028 0.002403
2000 6760 2028 0.002443
2000 6760 2028 0.002388
2000 6760 2028 0.002436
2000 6760 2028 0.002381
2000 6760 2028 0.002433
2000 6760 2028 0.002381
2000 6760 2028 0.002445
2000 6760 2028 0.002380
2000 6760 2028 0.002444
2000 6760 2028 0.002392
2000 6760 2028 0.002440
2000 6760 2028 0.002386
2000 6760 2028 0.002443
2000 6760 2028 0.002391
2000 6760 2028 0.002450
2000 6760 2028 0.002385
2000 6760 2028 0.002437
2000 6760 2028 0.002378
2000 6760 2028 0.002446
2000 6760 2028 0.002393
2000 6760 2028 0.002436
2000 6760 2028 0.002376
2000 6760 2028 0.002433
2000 6760 2028 0.002385
2000 6760 2028 0.002428
2000 6760 2028 0.002391
2000 6760 2028 0.002458
2000 6760 2028 0.002392
2000 6760 2028 0.002447
2000 6760 2028 0.002386
2000 6760 2028 0.002441
2000 6760 2028 0.002388
2000 6760 2028 0.002437
2000 6760 2028 0.002385
2000 6760 2028 0.002443
2000 6760 2028 0.002370
2000 6760 2028 0.002445
2000 6760 2028 0.002383
2000 6760 2028 0.002449
2000 6760 2028 0.002374
2000 6760 2028 0.002443
2000 6760 2028 0.002389
2000 6760 2028 0.002452
2000 6760 2028 0.002384
2000 6760 2028 0.002436
2000 6760 2028 0.002404
2000 6760 2028 0.002443
2000 6760 2028 0.002363
2000 6760 2028 0.002440
2000 6760 2028 0.002376
2000 6760 2028 0.002429
2000 6760 2028 0.002380
2000 6760 2028 0.002434
2000 6760 2028 0.002387
2000 6760 2028 0.002436
2000 6760 2028 0.002385
2000 6760 2028 0.002437
2000 6760 2028 0.002385
2000 6760 2028 0.002430
2000 6760 2028 0.002382
2000 6760 2028 0.002434
2000 6760 2028 0.002388
2000 6760 2028 0.002447
2000 6760 2028 0.002379
2000 6760 2028 0.002438
2000 6760 2028 0.002385
2000 6760 2028 0.002453
100 185 55 0.000010
100 185 55 0.000001
100 185 55 0.000001
100 185 55 0.000001
100 185 55 0.000001
100 185 55 0.000001
100 185 55 0.000001
100 185 55 0.000001
100 185 55 0.000001
100 185 55 0.000001
100 185 55 0.000001
100 185 55 0.000001
100 185 55 0.000001
100 185 55 0.000001
100 185 55 0.000001
100 185 55 0.000001
100 185 55 0.000001
100 185 55 0.000001
100 185 55 0.000001
100 185 55 0.000001
100 185 55 0.000001
100 185 55 0.000001
100 185 55 0.000001
100 185 55 0.000001
100 185 55 0.000001
100 185 55 0.000001
100 185 55 0.000001
100 185 55 0.000001
100 185 55 0.000001
100 185 55 0.000001
100 185 55 0.000001
100 185 55 0.000001
100 185 55 0.000001
100 185 55 0.000001
100 185 55 0.000001
100 185 55 0.000001
100 185 55 0.000001
100 185 55 0.000001
100 185 55 0.000001
100 185 55 0.000001
100 185 55 0.000001
100 185 55 0.000001
100 185 55 0.000001
100 185 55 0.000001
100 185 55 0.000001
100 185 55 0.000001
100 185 55 0.000001
100 185 55 0.000001
100 185 55 0.000001
100 185 55 0.000001
100 185 55 0.000001
100 185 55 0.000001
100 185 55 0.000001
100 185 55 0.000001
100 185 55 0.000001
100 185 55 0.000001
100 185 55 0.000001
100 185 55 0.000001
100 185 55 0.000001
100 185 55 0.000001
100 185 55 0.000001
100 185 55 0.000001
100 185 55 0.000001
100 185 55 0.000001
100 185 55 0.000001
100 185 55 0.000001
100 185 55 0.000001
100 185 55 0.000001
100 185 55 0.000001
100 185 55 0.000001
100 185 55 0.000001
100 185 55 0.000001
100 185 55 0.000001
100 185 55 0.000001
100 185 55 0.000001
100 185 55 0.000001
100 185 55 0.000001
100 185 55 0.000001
100 185 55 0.000001
100 185 55 0.000001
100 185 55 0.000001
100 185 55 0.000001
100 185 55 0.000001
100 185 55 0.000001
100 185 55 0.000001
100 185 55 0.000001
100 185 55 0.000001
100 185 55 0.000001
100 185 55 0.000001
100 185 55 0.000001
100 185 55 0.000001
100 185 55 0.000001
100 185 55 0.000001
100 185 55 0.000001
100 185 55 0.000001
100 185 55 0.000001
100 185 55 0.000001
100 185 55 0.000001
100 185 55 0.000001
100 185 55 0.000001
100 185 55 0.000001
200 442 132 0.000046
200 442 132 0.000007
200 442 132 0.000009
200 442 132 0.000007
200 442 132 0.000007
200 442 132 0.000007
200 442 132 0.000007
200 442 132 0.000007
200 442 132 0.000007
200 442 132 0.000007
200 442 132 0.000007
200 442 132 0.000007
200 442 132 0.000007
200 442 132 0.000007
200 442 132 0.000007
200 442 132 0.000006
200 442 132 0.000007
200 442 132 0.000006
200 442 132 0.000007
200 442 132 0.000007
200 442 132 0.000007
200 442 132 0.000007
200 442 132 0.000007
200 442 132 0.000007
200 442 132 0.000007
200 442 132 0.000006
200 442 132 0.000007
200 442 132 0.000007
200 442 132 0.000007
200 442 132 0.000007
200 442 132 0.000007
200 442 132 0.000007
200 442 132 0.000007
200 442 132 0.000006
200 442 132 0.000007
200 442 132 0.000006
200 442 132 0.000007
200 442 132 0.000007
200 442 132 0.000007
200 442 132 0.000007
200 442 132 0.000007
200 442 132 0.000006
200 442 132 0.000007
200 442 132 0.000007
200 442 132 0.000007
200 442 132 0.000007
200 442 132 0.000007
200 442 132 0.000006
200 442 132 0.000007
200 442 132 0.000006
200 442 132 0.000007
200 442 132 0.000006
200 442 132 0.000007
200 442 132 0.000006
200 442 132 0.000007
200 442 132 0.000006
200 442 132 0.000007
200 442 132 0.000007
200 442 132 0.000007
200 442 132 0.000007
200 442 132 0.000007
200 442 132 0.000006
200 442 132 0.000007
200 442 132 0.000007
200 442 132 0.000007
200 442 132 0.000006
200 442 132 0.000007
200 442 132 0.000006
200 442 132 0.000007
200 442 132 0.000007
200 442 132 0.000007
200 442 132 0.000006
200 442 132 0.000007
200 442 132 0.000007
200 442 132 0.000007
200 442 132 0.000006
200 442 132 0.000007
200 442 132 0.000007
200 442 132 0.000007
200 442 132 0.000007
200 442 132 0.000007
200 442 132 0.000007
200 442 132 0.000007
200 442 132 0.000007
200 442 132 0.000007
200 442 132 0.000006
200 442 132 0.000007
200 442 132 0.000006
200 442 132 0.000007
200 442 132 0.000006
200 442 132 0.000007
200 442 132 0.000007
200 442 132 0.000007
200 442 132 0.000007
200 442 132 0.000007
200 442 132 0.000006
200 442 132 0.000007
200 442 132 0.000007
200 442 132 0.000007
200 442 132 0.000007
200 442 132 0.000007
300 726 217 0.000105
300 726 217 0.000018
300 726 217 0.000018
300 726 217 0.000018
300 726 217 0.000018
300 726 217 0.000018
300 726 217 0.000018
300 726 217 0.000018
300 726 217 0.000018
300 726 217 0.000018
300 726 217 0.000018
300 726 217 0.000020
300 726 217 0.000018
300 726 217 0.000018
300 726 217 0.000018
300 726 217 0.000018
300 726 217 0.000018
300 726 217 0.000018
300 726 217 0.000018
300 726 217 0.000018
300 726 217 0.000018
300 726 217 0.000018
300 726 217 0.000018
300 726 217 0.000018
300 726 217 0.000018
300 726 217 0.000018
300 726 217 0.000018
300 726 217 0.000018
300 726 217 0.000018
300 726 217 0.000018
300 726 217 0.000018
300 726 217 0.000018
300 726 217 0.000018
300 726 217 0.000018
300 726 217 0.000018
300 726 217 0.000018
300 726 217 0.000018
300 726 217 0.000018
300 726 217 0.000018
300 726 217 0.000018
300 726 217 0.000018
300 726 217 0.000018
300 726 217 0.000018
300 726 217 0.000018
300 726 217 0.000018
300 726 217 0.000018
300 726 217 0.000018
300 726 217 0.000018
300 726 217 0.000018
300 726 217 0.000018
300 726 217 0.000018
300 726 217 0.000018
300 726 217 0.000020
300 726 217 0.000018
300 726 217 0.000018
300 726 217 0.000018
300 726 217 0.000018
300 726 217 0.000018
300 726 217 0.000018
300 726 217 0.000018
300 726 217 0.000018
300 726 217 0.000018
300 726 217 0.000018
300 726 217 0.000018
300 726 217 0.000018
300 726 217 0.000018
300 726 217 0.000018
300 726 217 0.000018
300 726 217 0.000018
300 726 217 0.000018
300 726 217 0.000018
300 726 217 0.000018
300 726 217 0.000018
300 726 217 0.000018
300 726 217 0.000018
300 726 217 0.000018
300 726 217 0.000018
300 726 217 0.000018
300 726 217 0.000018
300 726 217 0.000018
300 726 217 0.000018
300 726 217 0.000018
300 726 217 0.000044
300 726 217 0.000018
300 726 217 0.000018
300 726 217 0.000020
300 726 217 0.000018
300 726 217 0.000018
300 726 217 0.000018
300 726 217 0.000018
300 726 217 0.000018
300 726 217 0.000018
300 726 217 0.000018
300 726 217 0.000018
300 726 217 0.000018
300 726 217 0.000018
300 726 217 0.000018
300 726 217 0.000018
300 726 217 0.000018
300 726 217 0.000018
300 726 217 0.000018
400 1026 307 0.000167
400 1026 307 0.000035
400 1026 307 0.000036
400 1026 307 0.000034
400 1026 307 0.000036
400 1026 307 0.000035
400 1026 307 0.000035
400 1026 307 0.000034
400 1026 307 0.000035
400 1026 307 0.000034
400 1026 307 0.000036
400 1026 307 0.000034
400 1026 307 0.000037
400 1026 307 0.000034
400 1026 307 0.000036
400 1026 307 0.000034
400 1026 307 0.000036
400 1026 307 0.000034
400 1026 307 0.000035
400 1026 307 0.000034
400 1026 307 0.000036
400 1026 307 0.000034
400 1026 307 0.000036
400 1026 307 0.000034
400 1026 307 0.000036
400 1026 307 0.000035
400 1026 307 0.000036
400 1026 307 0.000034
400 1026 307 0.000035
400 1026 307 0.000035
400 1026 307 0.000035
400 1026 307 0.000034
400 1026 307 0.000036
400 1026 307 0.000034
400 1026 307 0.000036
400 1026 307 0.000036
400 1026 307 0.000035
400 1026 307 0.000034
400 1026 307 0.000036
400 1026 307 0.000034
400 1026 307 0.000084
400 1026 307 0.000034
400 1026 307 0.000036
400 1026 307 0.000034
400 1026 307 0.000035
400 1026 307 0.000034
400 1026 307 0.000036
400 1026 307 0.000034
400 1026 307 0.000035
400 1026 307 0.000034
400 1026 307 0.000035
400 1026 307 0.000034
400 1026 307 0.000036
400 1026 307 0.000034
400 1026 307 0.000035
400 1026 307 0.000034
400 1026 307 0.000035
400 1026 307 0.000034
400 1026 307 0.000035
400 1026 307 0.000034
400 1026 307 0.000035
400 1026 307 0.000034
400 1026 307 0.000035
400 1026 307 0.000034
400 1026 307 0.000035
400 1026 307 0.000034
400 1026 307 0.000035
400 1026 307 0.000034
400 1026 307 0.000035
400 1026 307 0.000034
400 1026 307 0.000035
400 1026 307 0.000034
400 1026 307 0.000036
400 1026 307 0.000034
400 1026 307 0.000035
400 1026 307 0.000034
400 1026 307 0.000035
400 1026 307 0.000034
400 1026 307 0.000035
400 1026 307 0.000034
400 1026 307 0.000035
400 1026 307 0.000034
400 1026 307 0.000035
400 1026 307 0.000034
400 1026 307 0.000035
400 1026 307 0.000034
400 1026 307 0.000035
400 1026 307 0.000034
400 1026 307 0.000035
400 1026 307 0.000034
400 1026 307 0.000035
400 1026 307 0.000034
400 1026 307 0.000035
400 1026 307 0.000034
400 1026 307 0.000035
400 1026 307 0.000034
400 1026 307 0.000035
400 1026 307 0.000034
400 1026 307 0.000035
400 1026 307 0.000034
400 1026 307 0.000035
500 1340 402 0.000061
500 1340 402 0.000058
500 1340 402 0.000058
500 1340 402 0.000057
500 1340 402 0.000058
500 1340 402 0.000057
500 1340 402 0.000058
500 1340 402 0.000057
500 1340 402 0.000058
500 1340 402 0.000057
500 1340 402 0.000060
500 1340 402 0.000058
500 1340 402 0.000059
500 1340 402 0.000059
500 1340 402 0.000058
500 1340 402 0.000058
500 1340 402 0.000059
500 1340 402 0.000058
500 1340 402 0.000059
500 1340 402 0.000058
500 1340 402 0.000060
500 1340 402 0.000058
500 1340 402 0.000059
500 1340 402 0.000138
500 1340 402 0.000058
500 1340 402 0.000058
500 1340 402 0.000058
500 1340 402 0.000058
500 1340 402 0.000059
500 1340 402 0.000058
500 1340 402 0.000060
500 1340 402 0.000058
500 1340 402 0.000059
500 1340 402 0.000058
500 1340 402 0.000058
500 1340 402 0.000058
500 1340 402 0.000059
500 1340 402 0.000058
500 1340 402 0.000059
500 1340 402 0.000057
500 1340 402 0.000058
500 1340 402 0.000058
500 1340 402 0.000058
500 1340 402 0.000058
500 1340 402 0.000058
500 1340 402 0.000058
500 1340 402 0.000059
500 1340 402 0.000058
500 1340 402 0.000058
500 1340 402 0.000058
500 1340 402 0.000058
500 1340 402 0.000058
500 1340 402 0.000058
500 1340 402 0.000057
500 1340 402 0.000058
500 1340 402 0.000057
500 1340 402 0.000058
500 1340 402 0.000057
500 1340 402 0.000058
500 1340 402 0.000057
500 1340 402 0.000058
500 1340 402 0.000057
500 1340 402 0.000058
500 1340 402 0.000057
500 1340 402 0.000058
500 1340 402 0.000058
500 1340 402 0.000059
500 1340 402 0.000058
500 1340 402 0.000058
500 1340 402 0.000058
500 1340 402 0.000058
500 1340 402 0.000057
500 1340 402 0.000060
500 1340 402 0.000057
500 1340 402 0.000058
500 1340 402 0.000058
500 1340 402 0.000058
500 1340 402 0.000057
500 1340 402 0.000058
500 1340 402 0.000057
500 1340 402 0.000058
500 1340 402 0.000057
500 1340 402 0.000058
500 1340 402 0.000057
500 1340 402 0.000059
500 1340 402 0.000059
500 1340 402 0.000059
500 1340 402 0.000057
500 1340 402 0.000058
500 1340 402 0.000059
500 1340 402 0.000058
500 1340 402 0.000058
500 1340 402 0.000058
500 1340 402 0.000058
500 1340 402 0.000058
500 1340 402 0.000058
500 1340 402 0.000058
500 1340 402 0.000057
500 1340 402 0.000058
500 1340 402 0.000057
500 1340 402 0.000058
600 1663 498 0.000090
600 1663 498 0.000086
600 1663 498 0.000087
600 1663 498 0.000086
600 1663 498 0.000088
600 1663 498 0.000086
600 1663 498 0.000086
600 1663 498 0.000087
600 1663 498 0.000087
600 1663 498 0.000086
600 1663 498 0.000086
600 1663 498 0.000086
600 1663 498 0.000089
600 1663 498 0.000086
600 1663 498 0.000087
600 1663 498 0.000200
600 1663 498 0.000087
600 1663 498 0.000086
600 1663 498 0.000087
600 1663 498 0.000086
600 1663 498 0.000089
600 1663 498 0.000086
600 1663 498 0.000087
600 1663 498 0.000087
600 1663 498 0.000087
600 1663 498 0.000087
600 1663 498 0.000089
600 1663 498 0.000086
600 1663 498 0.000087
600 1663 498 0.000087
600 1663 498 0.000089
600 1663 498 0.000088
600 1663 498 0.000087
600 1663 498 0.000086
600 1663 498 0.000087
600 1663 498 0.000086
600 1663 498 0.000089
600 1663 498 0.000086
600 1663 498 0.000087
600 1663 498 0.000086
600 1663 498 0.000087
600 1663 498 0.000086
600 1663 498 0.000087
600 1663 498 0.000086
600 1663 498 0.000087
600 1663 498 0.000086
600 1663 498 0.000087
600 1663 498 0.000199
600 1663 498 0.000087
600 1663 498 0.000086
600 1663 498 0.000087
600 1663 498 0.000086
600 1663 498 0.000086
600 1663 498 0.000087
600 1663 498 0.000086
600 1663 498 0.000086
600 1663 498 0.000086
600 1663 498 0.000087
600 1663 498 0.000086
600 1663 498 0.000085
600 1663 498 0.000088
600 1663 498 0.000085
600 1663 498 0.000086
600 1663 498 0.000085
600 1663 498 0.000086
600 1663 498 0.000085
600 1663 498 0.000086
600 1663 498 0.000085
600 1663 498 0.000086
600 1663 498 0.000085
600 1663 498 0.000086
600 1663 498 0.000085
600 1663 498 0.000086
600 1663 498 0.000085
600 1663 498 0.000086
600 1663 498 0.000085
600 1663 498 0.000086
600 1663 498 0.000085
600 1663 498 0.000086
600 1663 498 0.000085
600 1663 498 0.000086
600 1663 498 0.000086
600 1663 498 0.000086
600 1663 498 0.000085
600 1663 498 0.000086
600 1663 498 0.000086
600 1663 498 0.000087
600 1663 498 0.000086
600 1663 498 0.000087
600 1663 498 0.000085
600 1663 498 0.000087
600 1663 498 0.000086
600 1663 498 0.000086
600 1663 498 0.000087
600 1663 498 0.000086
600 1663 498 0.000086
600 1663 498 0.000086
600 1663 498 0.000087
600 1663 498 0.000087
600 1663 498 0.000086
600 1663 498 0.000087
700 1995 598 0.000553
700 1995 598 0.000126
700 1995 598 0.000122
700 1995 598 0.000121
700 1995 598 0.000121
700 1995 598 0.000123
700 1995 598 0.000122
700 1995 598 0.000120
700 1995 598 0.000121
700 1995 598 0.000121
700 1995 598 0.000123
700 1995 598 0.000121
700 1995 598 0.000122
700 1995 598 0.000121
700 1995 598 0.000124
700 1995 598 0.000122
700 1995 598 0.000122
700 1995 598 0.000121
700 1995 598 0.000122
700 1995 598 0.000121
700 1995 598 0.000125
700 1995 598 0.000122
700 1995 598 0.000122
700 1995 598 0.000121
700 1995 598 0.000121
700 1995 598 0.000121
700 1995 598 0.000124
700 1995 598 0.000121
700 1995 598 0.000122
700 1995 598 0.000121
700 1995 598 0.000122
700 1995 598 0.000121
700 1995 598 0.000123
700 1995 598 0.000121
700 1995 598 0.000124
700 1995 598 0.000123
700 1995 598 0.000122
700 1995 598 0.000121
700 1995 598 0.000123
700 1995 598 0.000121
700 1995 598 0.000122
700 1995 598 0.000121
700 1995 598 0.000121
700 1995 598 0.000122
700 1995 598 0.000122
700 1995 598 0.000121
700 1995 598 0.000121
700 1995 598 0.000121
700 1995 598 0.000122
700 1995 598 0.000120
700 1995 598 0.000121
700 1995 598 0.000121
700 1995 598 0.000122
700 1995 598 0.000121
700 1995 598 0.000122
700 1995 598 0.000121
700 1995 598 0.000122
700 1995 598 0.000121
700 1995 598 0.000121
700 1995 598 0.000121
700 1995 598 0.000121
700 1995 598 0.000120
700 1995 598 0.000121
700 1995 598 0.000120
700 1995 598 0.000122
700 1995 598 0.000121
700 1995 598 0.000122
700 1995 598 0.000121
700 1995 598 0.000121
700 1995 598 0.000189
700 1995 598 0.000121
700 1995 598 0.000121
700 1995 598 0.000121
700 1995 598 0.000121
700 1995 598 0.000121
700 1995 598 0.000120
700 1995 598 0.000121
700 1995 598 0.000120
700 1995 598 0.000121
700 1995 598 0.000122
700 1995 598 0.000121
700 1995 598 0.000122
700 1995 598 0.000121
700 1995 598 0.000120
700 1995 598 0.000121
700 1995 598 0.000122
700 1995 598 0.000121
700 1995 598 0.000121
700 1995 598 0.000121
700 1995 598 0.000122
700 1995 598 0.000122
700 1995 598 0.000121
700 1995 598 0.000123
700 1995 598 0.000120
700 1995 598 0.000121
700 1995 598 0.000120
700 1995 598 0.000121
700 1995 598 0.000120
700 1995 598 0.000121
700 1995 598 0.000120
700 1995 598 0.000121
800 2334 700 0.001008
800 2334 700 0.000209
800 2334 700 0.000188
800 2334 700 0.000184
800 2334 700 0.000181
800 2334 700 0.000187
800 2334 700 0.000182
800 2334 700 0.000305
800 2334 700 0.000177
800 2334 700 0.000172
800 2334 700 0.000174
800 2334 700 0.000173
800 2334 700 0.000170
800 2334 700 0.000172
800 2334 700 0.000183
800 2334 700 0.000172
800 2334 700 0.000171
800 2334 700 0.000173
800 2334 700 0.000168
800 2334 700 0.000170
800 2334 700 0.000173
800 2334 700 0.000173
800 2334 700 0.000169
800 2334 700 0.000297
800 2334 700 0.000171
800 2334 700 0.000170
800 2334 700 0.000171
800 2334 700 0.000171
800 2334 700 0.000169
800 2334 700 0.000172
800 2334 700 0.000170
800 2334 700 0.000182
800 2334 700 0.000170
800 2334 700 0.000170
800 2334 700 0.000170
800 2334 700 0.000169
800 2334 700 0.000169
800 2334 700 0.000169
800 2334 700 0.000169
800 2334 700 0.000169
800 2334 700 0.000167
800 2334 700 0.000167
800 2334 700 0.000169
800 2334 700 0.000168
800 2334 700 0.000170
800 2334 700 0.000170
800 2334 700 0.000168
800 2334 700 0.000177
800 2334 700 0.000167
800 2334 700 0.000167
800 2334 700 0.000175
800 2334 700 0.000171
800 2334 700 0.000168
800 2334 700 0.000168
800 2334 700 0.000167
800 2334 700 0.000169
800 2334 700 0.000169
800 2334 700 0.000168
800 2334 700 0.000170
800 2334 700 0.000168
800 2334 700 0.000168
800 2334 700 0.000169
800 2334 700 0.000169
800 2334 700 0.000170
800 2334 700 0.000182
800 2334 700 0.000171
800 2334 700 0.000169
800 2334 700 0.000169
800 2334 700 0.000168
800 2334 700 0.000169
800 2334 700 0.000170
800 2334 700 0.000169
800 2334 700 0.000169
800 2334 700 0.000171
800 2334 700 0.000169
800 2334 700 0.000168
800 2334 700 0.000167
800 2334 700 0.000168
800 2334 700 0.000165
800 2334 700 0.000168
800 2334 700 0.000166
800 2334 700 0.000185
800 2334 700 0.000171
800 2334 700 0.000168
800 2334 700 0.000169
800 2334 700 0.000168
800 2334 700 0.000168
800 2334 700 0.000169
800 2334 700 0.000168
800 2334 700 0.000170
800 2334 700 0.000171
800 2334 700 0.000171
800 2334 700 0.000169
800 2334 700 0.000169
800 2334 700 0.000168
800 2334 700 0.000168
800 2334 700 0.000173
800 2334 700 0.000168
800 2334 700 0.000183
800 2334 700 0.000169
800 2334 700 0.000170
900 2680 804 0.001019
900 2680 804 0.000325
900 2680 804 0.000307
900 2680 804 0.000285
900 2680 804 0.000291
900 2680 804 0.000433
900 2680 804 0.000292
900 2680 804 0.000274
900 2680 804 0.000283
900 2680 804 0.000269
900 2680 804 0.000279
900 2680 804 0.000274
900 2680 804 0.000270
900 2680 804 0.000253
900 2680 804 0.000260
900 2680 804 0.000252
900 2680 804 0.000262
900 2680 804 0.000254
900 2680 804 0.000271
900 2680 804 0.000254
900 2680 804 0.000271
900 2680 804 0.000258
900 2680 804 0.000267
900 2680 804 0.000272
900 2680 804 0.000269
900 2680 804 0.000251
900 2680 804 0.000267
900 2680 804 0.000255
900 2680 804 0.000266
900 2680 804 0.000259
900 2680 804 0.000270
900 2680 804 0.000251
900 2680 804 0.000266
900 2680 804 0.000255
900 2680 804 0.000266
900 2680 804 0.000255
900 2680 804 0.000279
900 2680 804 0.000253
900 2680 804 0.000272
900 2680 804 0.000252
900 2680 804 0.000269
900 2680 804 0.000252
900 2680 804 0.000265
900 2680 804 0.000251
900 2680 804 0.000264
900 2680 804 0.000249
900 2680 804 0.000260
900 2680 804 0.000246
900 2680 804 0.000278
900 2680 804 0.000247
900 2680 804 0.000263
900 2680 804 0.000247
900 2680 804 0.000260
900 2680 804 0.000247
900 2680 804 0.000258
900 2680 804 0.000243
900 2680 804 0.000254
900 2680 804 0.000245
900 2680 804 0.000253
900 2680 804 0.000242
900 2680 804 0.000253
900 2680 804 0.000251
900 2680 804 0.000253
900 2680 804 0.000244
900 2680 804 0.000255
900 2680 804 0.000247
900 2680 804 0.000259
900 2680 804 0.000244
900 2680 804 0.000258
900 2680 804 0.000246
900 2680 804 0.000260
900 2680 804 0.000247
900 2680 804 0.000262
900 2680 804 0.000260
900 2680 804 0.000259
900 2680 804 0.000246
900 2680 804 0.000256
900 2680 804 0.000246
900 2680 804 0.000256
900 2680 804 0.000246
900 2680 804 0.000253
900 2680 804 0.000242
900 2680 804 0.000254
900 2680 804 0.000244
900 2680 804 0.000254
900 2680 804 0.000241
900 2680 804 0.000263
900 2680 804 0.000242
900 2680 804 0.000251
900 2680 804 0.000241
900 2680 804 0.000254
900 2680 804 0.000242
900 2680 804 0.000254
900 2680 804 0.000245
900 2680 804 0.000252
900 2680 804 0.000246
900 2680 804 0.000255
900 2680 804 0.000244
900 2680 804 0.000269
900 2680 804 0.000242
900 2680 804 0.000253
1000 3031 909 0.001161
1000 3031 909 0.000457
1000 3031 909 0.000477
1000 3031 909 0.000435
1000 3031 909 0.000484
1000 3031 909 0.000431
1000 3031 909 0.000471
1000 3031 909 0.000427
1000 3031 909 0.000468
1000 3031 909 0.000414
1000 3031 909 0.000448
1000 3031 909 0.000399
1000 3031 909 0.000430
1000 3031 909 0.000384
1000 3031 909 0.000429
1000 3031 909 0.000383
1000 3031 909 0.000419
1000 3031 909 0.000382
1000 3031 909 0.000422
1000 3031 909 0.000379
1000 3031 909 0.000422
1000 3031 909 0.000446
1000 3031 909 0.000424
1000 3031 909 0.000388
1000 3031 909 0.000412
1000 3031 909 0.000378
1000 3031 909 0.000408
1000 3031 909 0.000378
1000 3031 909 0.000408
1000 3031 909 0.000382
1000 3031 909 0.000408
1000 3031 909 0.000378
1000 3031 909 0.000407
1000 3031 909 0.000373
1000 3031 909 0.000409
1000 3031 909 0.000369
1000 3031 909 0.000407
1000 3031 909 0.000370
1000 3031 909 0.000406
1000 3031 909 0.000367
1000 3031 909 0.000407
1000 3031 909 0.000370
1000 3031 909 0.000413
1000 3031 909 0.000372
1000 3031 909 0.000411
1000 3031 909 0.000371
1000 3031 909 0.000412
1000 3031 909 0.000373
1000 3031 909 0.000404
1000 3031 909 0.000366
1000 3031 909 0.000395
1000 3031 909 0.000367
1000 3031 909 0.000399
1000 3031 909 0.000367
1000 3031 909 0.000402
1000 3031 909 0.000369
1000 3031 909 0.000409
1000 3031 909 0.000366
1000 3031 909 0.000400
1000 3031 909 0.000363
1000 3031 909 0.000400
1000 3031 909 0.000367
1000 3031 909 0.000403
1000 3031 909 0.000364
1000 3031 909 0.000398
1000 3031 909 0.000363
1000 3031 909 0.000405
1000 3031 909 0.000363
1000 3031 909 0.000393
1000 3031 909 0.000363
1000 3031 909 0.000397
1000 3031 909 0.000359
1000 3031 909 0.000396
1000 3031 909 0.000361
1000 3031 909 0.000393
1000 3031 909 0.000360
1000 3031 909 0.000392
1000 3031 909 0.000362
1000 3031 909 0.000393
1000 3031 909 0.000363
1000 3031 909 0.000393
1000 3031 909 0.000363
1000 3031 909 0.000399
1000 3031 909 0.000364
1000 3031 909 0.000395
1000 3031 909 0.000360
1000 3031 909 0.000391
1000 3031 909 0.000356
1000 3031 909 0.000391
1000 3031 909 0.000359
1000 3031 909 0.000384
1000 3031 909 0.000351
1000 3031 909 0.000379
1000 3031 909 0.000349
1000 3031 909 0.000384
1000 3031 909 0.000353
1000 3031 909 0.000380
1000 3031 909 0.000358
1000 3031 909 0.000392
1000 3031 909 0.000364
1000 3031 909 0.000395
2000 6760 2028 0.005500
2000 6760 2028 0.002528
2000 6760 2028 0.002521
2000 6760 2028 0.002491
2000 6760 2028 0.002505
2000 6760 2028 0.002432
2000 6760 2028 0.002512
2000 6760 2028 0.002411
2000 6760 2028 0.002499
2000 6760 2028 0.002394
2000 6760 2028 0.002501
2000 6760 2028 0.002409
2000 6760 2028 0.002489
2000 6760 2028 0.002384
2000 6760 2028 0.002476
2000 6760 2028 0.002379
2000 6760 2028 0.002458
2000 6760 2028 0.002385
2000 6760 2028 0.002463
2000 6760 2028 0.002392
2000 6760 2028 0.002454
2000 6760 2028 0.002378
2000 6760 2028 0.002453
2000 6760 2028 0.002378
2000 6760 2028 0.002460
2000 6760 2028 0.002381
2000 6760 2028 0.002463
2000 6760 2028 0.002369
2000 6760 2028 0.002457
2000 6760 2028 0.002380
2000 6760 2028 0.002470
2000 6760 2028 0.002386
2000 6760 2028 0.002465
2000 6760 2028 0.002371
2000 6760 2028 0.002488
2000 6760 2028 0.002387
2000 6760 2028 0.002469
2000 6760 2028 0.002369
2000 6760 2028 0.002459
2000 6760 2028 0.002372
2000 6760 2028 0.002452
2000 6760 2028 0.002371
2000 6760 2028 0.002462
2000 6760 2028 0.002374
2000 6760 2028 0.002456
2000 6760 2028 0.002366
2000 6760 2028 0.002471
2000 6760 2028 0.002383
2000 6760 2028 0.002468
2000 6760 2028 0.002374
2000 6760 2028 0.002466
2000 6760 2028 0.002372
2000 6760 2028 0.002548
2000 6760 2028 0.002377
2000 6760 2028 0.002468
2000 6760 2028 0.002365
2000 6760 2028 0.002461
2000 6760 2028 0.002370
2000 6760 2028 0.002460
2000 6760 2028 0.002379
2000 6760 2028 0.002465
2000 6760 2028 0.002371
2000 6760 2028 0.002463
2000 6760 2028 0.002372
2000 6760 2028 0.002462
2000 6760 2028 0.002375
2000 6760 2028 0.002456
2000 6760 2028 0.002390
2000 6760 2028 0.002469
2000 6760 2028 0.002381
2000 6760 2028 0.002458
2000 6760 2028 0.002379
2000 6760 2028 0.002466
2000 6760 2028 0.002371
2000 6760 2028 0.002454
2000 6760 2028 0.002374
2000 6760 2028 0.002464
2000 6760 2028 0.002373
2000 6760 2028 0.002455
2000 6760 2028 0.002369
2000 6760 2028 0.002470
2000 6760 2028 0.002369
2000 6760 2028 0.002466
2000 6760 2028 0.002366
2000 6760 2028 0.002463
2000 6760 2028 0.002364
2000 6760 2028 0.002465
2000 6760 2028 0.002373
2000 6760 2028 0.002469
2000 6760 2028 0.002374
2000 6760 2028 0.002466
2000 6760 2028 0.002366
2000 6760 2028 0.002458
2000 6760 2028 0.002375
2000 6760 2028 0.002468
2000 6760 2028 0.002370
2000 6760 2028 0.002459
2000 6760 2028 0.002369
2000 6760 2028 0.002468
2000 6760 2028 0.002367
2000 6760 2028 0.002470
