100 185 55 0.000007
100 185 55 0.000001
100 185 55 0.000001
100 185 55 0.000001
100 185 55 0.000001
100 185 55 0.000001
100 185 55 0.000001
100 185 55 0.000001
100 185 55 0.000001
100 185 55 0.000001
100 185 55 0.000001
100 185 55 0.000001
100 185 55 0.000001
100 185 55 0.000001
100 185 55 0.000001
100 185 55 0.000001
100 185 55 0.000001
100 185 55 0.000001
100 185 55 0.000001
100 185 55 0.000001
100 185 55 0.000001
100 185 55 0.000001
100 185 55 0.000001
100 185 55 0.000001
100 185 55 0.000001
100 185 55 0.000001
100 185 55 0.000001
100 185 55 0.000001
100 185 55 0.000001
100 185 55 0.000001
100 185 55 0.000001
100 185 55 0.000001
100 185 55 0.000001
100 185 55 0.000001
100 185 55 0.000001
100 185 55 0.000001
100 185 55 0.000001
100 185 55 0.000001
100 185 55 0.000001
100 185 55 0.000001
100 185 55 0.000001
100 185 55 0.000001
100 185 55 0.000001
100 185 55 0.000001
100 185 55 0.000001
100 185 55 0.000001
100 185 55 0.000001
100 185 55 0.000001
100 185 55 0.000001
100 185 55 0.000001
100 185 55 0.000001
100 185 55 0.000001
100 185 55 0.000001
100 185 55 0.000001
100 185 55 0.000001
100 185 55 0.000001
100 185 55 0.000001
100 185 55 0.000001
100 185 55 0.000001
100 185 55 0.000001
100 185 55 0.000001
100 185 55 0.000001
100 185 55 0.000001
100 185 55 0.000001
100 185 55 0.000001
100 185 55 0.000001
100 185 55 0.000001
100 185 55 0.000001
100 185 55 0.000001
100 185 55 0.000001
100 185 55 0.000001
100 185 55 0.000001
100 185 55 0.000001
100 185 55 0.000001
100 185 55 0.000001
100 185 55 0.000001
100 185 55 0.000001
100 185 55 0.000001
100 185 55 0.000001
100 185 55 0.000001
100 185 55 0.000001
100 185 55 0.000001
100 185 55 0.000001
100 185 55 0.000001
100 185 55 0.000001
100 185 55 0.000001
100 185 55 0.000001
100 185 55 0.000001
100 185 55 0.000001
100 185 55 0.000001
100 185 55 0.000001
100 185 55 0.000001
100 185 55 0.000001
100 185 55 0.000001
100 185 55 0.000001
100 185 55 0.000001
100 185 55 0.000001
100 185 55 0.000001
100 185 55 0.000001
100 185 55 0.000001
100 185 55 0.000001
200 442 132 0.000038
200 442 132 0.000007
200 442 132 0.000007
200 442 132 0.000007
200 442 132 0.000007
200 442 132 0.000007
200 442 132 0.000007
200 442 132 0.000007
200 442 132 0.000007
200 442 132 0.000007
200 442 132 0.000007
200 442 132 0.000007
200 442 132 0.000007
200 442 132 0.000007
200 442 132 0.000007
200 442 132 0.000007
200 442 132 0.000007
200 442 132 0.000007
200 442 132 0.000007
200 442 132 0.000007
200 442 132 0.000007
200 442 132 0.000007
200 442 132 0.000007
200 442 132 0.000007
200 442 132 0.000007
200 442 132 0.000007
200 442 132 0.000007
200 442 132 0.000007
200 442 132 0.000007
200 442 132 0.000007
200 442 132 0.000007
200 442 132 0.000007
200 442 132 0.000007
200 442 132 0.000007
200 442 132 0.000007
200 442 132 0.000007
200 442 132 0.000007
200 442 132 0.000007
200 442 132 0.000007
200 442 132 0.000007
200 442 132 0.000007
200 442 132 0.000007
200 442 132 0.000007
200 442 132 0.000006
200 442 132 0.000007
200 442 132 0.000007
200 442 132 0.000007
200 442 132 0.000007
200 442 132 0.000007
200 442 132 0.000007
200 442 132 0.000007
200 442 132 0.000007
200 442 132 0.000007
200 442 132 0.000007
200 442 132 0.000007
200 442 132 0.000007
200 442 132 0.000007
200 442 132 0.000007
200 442 132 0.000007
200 442 132 0.000006
200 442 132 0.000007
200 442 132 0.000006
200 442 132 0.000007
200 442 132 0.000006
200 442 132 0.000007
200 442 132 0.000006
200 442 132 0.000007
200 442 132 0.000007
200 442 132 0.000007
200 442 132 0.000007
200 442 132 0.000007
200 442 132 0.000007
200 442 132 0.000007
200 442 132 0.000006
200 442 132 0.000007
200 442 132 0.000006
200 442 132 0.000007
200 442 132 0.000006
200 442 132 0.000007
200 442 132 0.000007
200 442 132 0.000007
200 442 132 0.000007
200 442 132 0.000007
200 442 132 0.000007
200 442 132 0.000007
200 442 132 0.000007
200 442 132 0.000007
200 442 132 0.000007
200 442 132 0.000007
200 442 132 0.000006
200 442 132 0.000007
200 442 132 0.000007
200 442 132 0.000007
200 442 132 0.000006
200 442 132 0.000007
200 442 132 0.000007
200 442 132 0.000007
200 442 132 0.000007
200 442 132 0.000007
200 442 132 0.000006
200 442 132 0.000007
300 726 217 0.000098
300 726 217 0.000018
300 726 217 0.000018
300 726 217 0.000018
300 726 217 0.000018
300 726 217 0.000018
300 726 217 0.000018
300 726 217 0.000018
300 726 217 0.000018
300 726 217 0.000018
300 726 217 0.000018
300 726 217 0.000018
300 726 217 0.000018
300 726 217 0.000018
300 726 217 0.000018
300 726 217 0.000018
300 726 217 0.000018
300 726 217 0.000018
300 726 217 0.000019
300 726 217 0.000018
300 726 217 0.000018
300 726 217 0.000018
300 726 217 0.000019
300 726 217 0.000018
300 726 217 0.000018
300 726 217 0.000018
300 726 217 0.000019
300 726 217 0.000018
300 726 217 0.000018
300 726 217 0.000018
300 726 217 0.000018
300 726 217 0.000018
300 726 217 0.000018
300 726 217 0.000018
300 726 217 0.000018
300 726 217 0.000018
300 726 217 0.000018
300 726 217 0.000018
300 726 217 0.000018
300 726 217 0.000018
300 726 217 0.000018
300 726 217 0.000018
300 726 217 0.000018
300 726 217 0.000018
300 726 217 0.000018
300 726 217 0.000018
300 726 217 0.000018
300 726 217 0.000018
300 726 217 0.000018
300 726 217 0.000018
300 726 217 0.000018
300 726 217 0.000018
300 726 217 0.000018
300 726 217 0.000018
300 726 217 0.000018
300 726 217 0.000018
300 726 217 0.000018
300 726 217 0.000018
300 726 217 0.000018
300 726 217 0.000018
300 726 217 0.000018
300 726 217 0.000018
300 726 217 0.000018
300 726 217 0.000018
300 726 217 0.000018
300 726 217 0.000018
300 726 217 0.000018
300 726 217 0.000018
300 726 217 0.000018
300 726 217 0.000018
300 726 217 0.000018
300 726 217 0.000018
300 726 217 0.000018
300 726 217 0.000018
300 726 217 0.000018
300 726 217 0.000018
300 726 217 0.000018
300 726 217 0.000018
300 726 217 0.000018
300 726 217 0.000018
300 726 217 0.000018
300 726 217 0.000018
300 726 217 0.000018
300 726 217 0.000018
300 726 217 0.000018
300 726 217 0.000045
300 726 217 0.000018
300 726 217 0.000018
300 726 217 0.000018
300 726 217 0.000018
300 726 217 0.000018
300 726 217 0.000018
300 726 217 0.000018
300 726 217 0.000018
300 726 217 0.000018
300 726 217 0.000018
300 726 217 0.000018
300 726 217 0.000018
300 726 217 0.000018
300 726 217 0.000018
300 726 217 0.000018
400 1026 307 0.000192
400 1026 307 0.000034
400 1026 307 0.000035
400 1026 307 0.000034
400 1026 307 0.000035
400 1026 307 0.000034
400 1026 307 0.000036
400 1026 307 0.000034
400 1026 307 0.000036
400 1026 307 0.000034
400 1026 307 0.000036
400 1026 307 0.000034
400 1026 307 0.000036
400 1026 307 0.000034
400 1026 307 0.000036
400 1026 307 0.000034
400 1026 307 0.000036
400 1026 307 0.000034
400 1026 307 0.000035
400 1026 307 0.000034
400 1026 307 0.000035
400 1026 307 0.000034
400 1026 307 0.000035
400 1026 307 0.000034
400 1026 307 0.000036
400 1026 307 0.000034
400 1026 307 0.000035
400 1026 307 0.000034
400 1026 307 0.000035
400 1026 307 0.000034
400 1026 307 0.000035
400 1026 307 0.000034
400 1026 307 0.000035
400 1026 307 0.000034
400 1026 307 0.000035
400 1026 307 0.000034
400 1026 307 0.000035
400 1026 307 0.000034
400 1026 307 0.000035
400 1026 307 0.000034
400 1026 307 0.000036
400 1026 307 0.000081
400 1026 307 0.000036
400 1026 307 0.000034
400 1026 307 0.000035
400 1026 307 0.000034
400 1026 307 0.000035
400 1026 307 0.000034
400 1026 307 0.000035
400 1026 307 0.000034
400 1026 307 0.000035
400 1026 307 0.000034
400 1026 307 0.000035
400 1026 307 0.000034
400 1026 307 0.000035
400 1026 307 0.000034
400 1026 307 0.000035
400 1026 307 0.000034
400 1026 307 0.000037
400 1026 307 0.000034
400 1026 307 0.000035
400 1026 307 0.000034
400 1026 307 0.000035
400 1026 307 0.000034
400 1026 307 0.000035
400 1026 307 0.000034
400 1026 307 0.000035
400 1026 307 0.000034
400 1026 307 0.000035
400 1026 307 0.000034
400 1026 307 0.000035
400 1026 307 0.000034
400 1026 307 0.000035
400 1026 307 0.000036
400 1026 307 0.000035
400 1026 307 0.000034
400 1026 307 0.000035
400 1026 307 0.000034
400 1026 307 0.000035
400 1026 307 0.000034
400 1026 307 0.000035
400 1026 307 0.000034
400 1026 307 0.000035
400 1026 307 0.000034
400 1026 307 0.000037
400 1026 307 0.000034
400 1026 307 0.000035
400 1026 307 0.000034
400 1026 307 0.000035
400 1026 307 0.000034
400 1026 307 0.000035
400 1026 307 0.000034
400 1026 307 0.000035
400 1026 307 0.000034
400 1026 307 0.000035
400 1026 307 0.000034
400 1026 307 0.000035
400 1026 307 0.000034
400 1026 307 0.000035
400 1026 307 0.000034
400 1026 307 0.000035
500 1340 402 0.000061
500 1340 402 0.000058
500 1340 402 0.000058
500 1340 402 0.000058
500 1340 402 0.000058
500 1340 402 0.000057
500 1340 402 0.000058
500 1340 402 0.000057
500 1340 402 0.000060
500 1340 402 0.000059
500 1340 402 0.000058
500 1340 402 0.000058
500 1340 402 0.000059
500 1340 402 0.000058
500 1340 402 0.000059
500 1340 402 0.000058
500 1340 402 0.000058
500 1340 402 0.000058
500 1340 402 0.000058
500 1340 402 0.000058
500 1340 402 0.000058
500 1340 402 0.000060
500 1340 402 0.000058
500 1340 402 0.000134
500 1340 402 0.000058
500 1340 402 0.000058
500 1340 402 0.000058
500 1340 402 0.000058
500 1340 402 0.000059
500 1340 402 0.000058
500 1340 402 0.000058
500 1340 402 0.000057
500 1340 402 0.000058
500 1340 402 0.000058
500 1340 402 0.000058
500 1340 402 0.000057
500 1340 402 0.000058
500 1340 402 0.000058
500 1340 402 0.000059
500 1340 402 0.000058
500 1340 402 0.000058
500 1340 402 0.000058
500 1340 402 0.000058
500 1340 402 0.000061
500 1340 402 0.000058
500 1340 402 0.000057
500 1340 402 0.000059
500 1340 402 0.000057
500 1340 402 0.000058
500 1340 402 0.000057
500 1340 402 0.000058
500 1340 402 0.000058
500 1340 402 0.000058
500 1340 402 0.000059
500 1340 402 0.000058
500 1340 402 0.000057
500 1340 402 0.000058
500 1340 402 0.000057
500 1340 402 0.000058
500 1340 402 0.000057
500 1340 402 0.000060
500 1340 402 0.000057
500 1340 402 0.000058
500 1340 402 0.000057
500 1340 402 0.000058
500 1340 402 0.000058
500 1340 402 0.000058
500 1340 402 0.000057
500 1340 402 0.000060
500 1340 402 0.000057
500 1340 402 0.000058
500 1340 402 0.000057
500 1340 402 0.000058
500 1340 402 0.000057
500 1340 402 0.000058
500 1340 402 0.000059
500 1340 402 0.000058
500 1340 402 0.000057
500 1340 402 0.000058
500 1340 402 0.000057
500 1340 402 0.000058
500 1340 402 0.000057
500 1340 402 0.000058
500 1340 402 0.000058
500 1340 402 0.000058
500 1340 402 0.000058
500 1340 402 0.000058
500 1340 402 0.000057
500 1340 402 0.000058
500 1340 402 0.000057
500 1340 402 0.000058
500 1340 402 0.000057
500 1340 402 0.000058
500 1340 402 0.000057
500 1340 402 0.000058
500 1340 402 0.000057
500 1340 402 0.000058
500 1340 402 0.000057
500 1340 402 0.000058
500 1340 402 0.000057
500 1340 402 0.000058
600 1663 498 0.000090
600 1663 498 0.000087
600 1663 498 0.000091
600 1663 498 0.000086
600 1663 498 0.000087
600 1663 498 0.000086
600 1663 498 0.000086
600 1663 498 0.000086
600 1663 498 0.000086
600 1663 498 0.000086
600 1663 498 0.000087
600 1663 498 0.000086
600 1663 498 0.000087
600 1663 498 0.000086
600 1663 498 0.000087
600 1663 498 0.000086
600 1663 498 0.000087
600 1663 498 0.000086
600 1663 498 0.000087
600 1663 498 0.000087
600 1663 498 0.000087
600 1663 498 0.000086
600 1663 498 0.000087
600 1663 498 0.000086
600 1663 498 0.000087
600 1663 498 0.000086
600 1663 498 0.000087
600 1663 498 0.000086
600 1663 498 0.000087
600 1663 498 0.000086
600 1663 498 0.000087
600 1663 498 0.000086
600 1663 498 0.000087
600 1663 498 0.000086
600 1663 498 0.000087
600 1663 498 0.000086
600 1663 498 0.000087
600 1663 498 0.000086
600 1663 498 0.000087
600 1663 498 0.000086
600 1663 498 0.000087
600 1663 498 0.000086
600 1663 498 0.000087
600 1663 498 0.000087
600 1663 498 0.000087
600 1663 498 0.000086
600 1663 498 0.000087
600 1663 498 0.000087
600 1663 498 0.000087
600 1663 498 0.000086
600 1663 498 0.000087
600 1663 498 0.000087
600 1663 498 0.000087
600 1663 498 0.000088
600 1663 498 0.000087
600 1663 498 0.000086
600 1663 498 0.000087
600 1663 498 0.000088
600 1663 498 0.000087
600 1663 498 0.000086
600 1663 498 0.000087
600 1663 498 0.000086
600 1663 498 0.000087
600 1663 498 0.000086
600 1663 498 0.000087
600 1663 498 0.000087
600 1663 498 0.000087
600 1663 498 0.000086
600 1663 498 0.000088
600 1663 498 0.000086
600 1663 498 0.000087
600 1663 498 0.000086
600 1663 498 0.000087
600 1663 498 0.000088
600 1663 498 0.000087
600 1663 498 0.000086
600 1663 498 0.000087
600 1663 498 0.000086
600 1663 498 0.000087
600 1663 498 0.000086
600 1663 498 0.000087
600 1663 498 0.000086
600 1663 498 0.000087
600 1663 498 0.000086
600 1663 498 0.000087
600 1663 498 0.000085
600 1663 498 0.000086
600 1663 498 0.000086
600 1663 498 0.000087
600 1663 498 0.000086
600 1663 498 0.000089
600 1663 498 0.000086
600 1663 498 0.000087
600 1663 498 0.000086
600 1663 498 0.000087
600 1663 498 0.000086
600 1663 498 0.000087
600 1663 498 0.000086
600 1663 498 0.000087
600 1663 498 0.000086
600 1663 498 0.000087
700 1995 598 0.000567
700 1995 598 0.000129
700 1995 598 0.000124
700 1995 598 0.000124
700 1995 598 0.000123
700 1995 598 0.000122
700 1995 598 0.000124
700 1995 598 0.000123
700 1995 598 0.000122
700 1995 598 0.000121
700 1995 598 0.000126
700 1995 598 0.000121
700 1995 598 0.000122
700 1995 598 0.000121
700 1995 598 0.000122
700 1995 598 0.000122
700 1995 598 0.000123
700 1995 598 0.000122
700 1995 598 0.000123
700 1995 598 0.000122
700 1995 598 0.000123
700 1995 598 0.000122
700 1995 598 0.000123
700 1995 598 0.000122
700 1995 598 0.000122
700 1995 598 0.000121
700 1995 598 0.000123
700 1995 598 0.000122
700 1995 598 0.000123
700 1995 598 0.000122
700 1995 598 0.000122
700 1995 598 0.000124
700 1995 598 0.000124
700 1995 598 0.000121
700 1995 598 0.000123
700 1995 598 0.000122
700 1995 598 0.000123
700 1995 598 0.000122
700 1995 598 0.000123
700 1995 598 0.000123
700 1995 598 0.000122
700 1995 598 0.000121
700 1995 598 0.000122
700 1995 598 0.000124
700 1995 598 0.000122
700 1995 598 0.000121
700 1995 598 0.000122
700 1995 598 0.000122
700 1995 598 0.000122
700 1995 598 0.000122
700 1995 598 0.000122
700 1995 598 0.000121
700 1995 598 0.000124
700 1995 598 0.000122
700 1995 598 0.000216
700 1995 598 0.000136
700 1995 598 0.000122
700 1995 598 0.000121
700 1995 598 0.000124
700 1995 598 0.000120
700 1995 598 0.000122
700 1995 598 0.000121
700 1995 598 0.000122
700 1995 598 0.000121
700 1995 598 0.000121
700 1995 598 0.000121
700 1995 598 0.000123
700 1995 598 0.000120
700 1995 598 0.000122
700 1995 598 0.000121
700 1995 598 0.000121
700 1995 598 0.000120
700 1995 598 0.000122
700 1995 598 0.000120
700 1995 598 0.000121
700 1995 598 0.000120
700 1995 598 0.000121
700 1995 598 0.000120
700 1995 598 0.000121
700 1995 598 0.000120
700 1995 598 0.000121
700 1995 598 0.000120
700 1995 598 0.000121
700 1995 598 0.000119
700 1995 598 0.000121
700 1995 598 0.000120
700 1995 598 0.000121
700 1995 598 0.000121
700 1995 598 0.000121
700 1995 598 0.000120
700 1995 598 0.000121
700 1995 598 0.000121
700 1995 598 0.000122
700 1995 598 0.000121
700 1995 598 0.000121
700 1995 598 0.000120
700 1995 598 0.000121
700 1995 598 0.000120
700 1995 598 0.000121
700 1995 598 0.000122
700 1995 598 0.000123
800 2334 700 0.000622
800 2334 700 0.000212
800 2334 700 0.000189
800 2334 700 0.000179
800 2334 700 0.000180
800 2334 700 0.000174
800 2334 700 0.000180
800 2334 700 0.000193
800 2334 700 0.000179
800 2334 700 0.000174
800 2334 700 0.000177
800 2334 700 0.000173
800 2334 700 0.000175
800 2334 700 0.000172
800 2334 700 0.000169
800 2334 700 0.000167
800 2334 700 0.000169
800 2334 700 0.000168
800 2334 700 0.000168
800 2334 700 0.000167
800 2334 700 0.000169
800 2334 700 0.000167
800 2334 700 0.000167
800 2334 700 0.000173
800 2334 700 0.000169
800 2334 700 0.000169
800 2334 700 0.000168
800 2334 700 0.000167
800 2334 700 0.000168
800 2334 700 0.000166
800 2334 700 0.000168
800 2334 700 0.000165
800 2334 700 0.000169
800 2334 700 0.000167
800 2334 700 0.000166
800 2334 700 0.000166
800 2334 700 0.000166
800 2334 700 0.000166
800 2334 700 0.000168
800 2334 700 0.000166
800 2334 700 0.000168
800 2334 700 0.000168
800 2334 700 0.000166
800 2334 700 0.000167
800 2334 700 0.000164
800 2334 700 0.000166
800 2334 700 0.000165
800 2334 700 0.000165
800 2334 700 0.000167
800 2334 700 0.000167
800 2334 700 0.000170
800 2334 700 0.000169
800 2334 700 0.000166
800 2334 700 0.000166
800 2334 700 0.000165
800 2334 700 0.000167
800 2334 700 0.000166
800 2334 700 0.000168
800 2334 700 0.000165
800 2334 700 0.000167
800 2334 700 0.000165
800 2334 700 0.000166
800 2334 700 0.000164
800 2334 700 0.000165
800 2334 700 0.000163
800 2334 700 0.000165
800 2334 700 0.000165
800 2334 700 0.000164
800 2334 700 0.000165
800 2334 700 0.000165
800 2334 700 0.000167
800 2334 700 0.000167
800 2334 700 0.000165
800 2334 700 0.000164
800 2334 700 0.000165
800 2334 700 0.000166
800 2334 700 0.000164
800 2334 700 0.000165
800 2334 700 0.000163
800 2334 700 0.000164
800 2334 700 0.000165
800 2334 700 0.000163
800 2334 700 0.000164
800 2334 700 0.000165
800 2334 700 0.000164
800 2334 700 0.000165
800 2334 700 0.000164
800 2334 700 0.000163
800 2334 700 0.000165
800 2334 700 0.000164
800 2334 700 0.000164
800 2334 700 0.000165
800 2334 700 0.000163
800 2334 700 0.000164
800 2334 700 0.000169
800 2334 700 0.000163
800 2334 700 0.000163
800 2334 700 0.000164
800 2334 700 0.000163
800 2334 700 0.000162
800 2334 700 0.000170
900 2680 804 0.001046
900 2680 804 0.000329
900 2680 804 0.000317
900 2680 804 0.000286
900 2680 804 0.000306
900 2680 804 0.000437
900 2680 804 0.000307
900 2680 804 0.000276
900 2680 804 0.000295
900 2680 804 0.000265
900 2680 804 0.000279
900 2680 804 0.000268
900 2680 804 0.000278
900 2680 804 0.000257
900 2680 804 0.000277
900 2680 804 0.000259
900 2680 804 0.000277
900 2680 804 0.000257
900 2680 804 0.000283
900 2680 804 0.000256
900 2680 804 0.000275
900 2680 804 0.000255
900 2680 804 0.000277
900 2680 804 0.000272
900 2680 804 0.000273
900 2680 804 0.000253
900 2680 804 0.000275
900 2680 804 0.000252
900 2680 804 0.000273
900 2680 804 0.000251
900 2680 804 0.000271
900 2680 804 0.000252
900 2680 804 0.000270
900 2680 804 0.000248
900 2680 804 0.000266
900 2680 804 0.000249
900 2680 804 0.000277
900 2680 804 0.000397
900 2680 804 0.000266
900 2680 804 0.000252
900 2680 804 0.000267
900 2680 804 0.000248
900 2680 804 0.000268
900 2680 804 0.000249
900 2680 804 0.000262
900 2680 804 0.000246
900 2680 804 0.000263
900 2680 804 0.000251
900 2680 804 0.000281
900 2680 804 0.000247
900 2680 804 0.000265
900 2680 804 0.000248
900 2680 804 0.000263
900 2680 804 0.000248
900 2680 804 0.000265
900 2680 804 0.000250
900 2680 804 0.000264
900 2680 804 0.000245
900 2680 804 0.000262
900 2680 804 0.000245
900 2680 804 0.000282
900 2680 804 0.000244
900 2680 804 0.000262
900 2680 804 0.000244
900 2680 804 0.000258
900 2680 804 0.000248
900 2680 804 0.000262
900 2680 804 0.000245
900 2680 804 0.000263
900 2680 804 0.000245
900 2680 804 0.000263
900 2680 804 0.000392
900 2680 804 0.000264
900 2680 804 0.000255
900 2680 804 0.000261
900 2680 804 0.000248
900 2680 804 0.000261
900 2680 804 0.000246
900 2680 804 0.000261
900 2680 804 0.000246
900 2680 804 0.000263
900 2680 804 0.000246
900 2680 804 0.000261
900 2680 804 0.000248
900 2680 804 0.000260
900 2680 804 0.000260
900 2680 804 0.000258
900 2680 804 0.000242
900 2680 804 0.000254
900 2680 804 0.000238
900 2680 804 0.000255
900 2680 804 0.000243
900 2680 804 0.000255
900 2680 804 0.000239
900 2680 804 0.000251
900 2680 804 0.000238
900 2680 804 0.000248
900 2680 804 0.000237
900 2680 804 0.000268
900 2680 804 0.000234
900 2680 804 0.000251
1000 3031 909 0.001230
1000 3031 909 0.000464
1000 3031 909 0.000476
1000 3031 909 0.000434
1000 3031 909 0.000483
1000 3031 909 0.000438
1000 3031 909 0.000475
1000 3031 909 0.000427
1000 3031 909 0.000450
1000 3031 909 0.000408
1000 3031 909 0.000430
1000 3031 909 0.000396
1000 3031 909 0.000416
1000 3031 909 0.000388
1000 3031 909 0.000421
1000 3031 909 0.000389
1000 3031 909 0.000423
1000 3031 909 0.000384
1000 3031 909 0.000411
1000 3031 909 0.000379
1000 3031 909 0.000411
1000 3031 909 0.000381
1000 3031 909 0.000408
1000 3031 909 0.000383
1000 3031 909 0.000414
1000 3031 909 0.000380
1000 3031 909 0.000415
1000 3031 909 0.000385
1000 3031 909 0.000416
1000 3031 909 0.000570
1000 3031 909 0.000413
1000 3031 909 0.000379
1000 3031 909 0.000409
1000 3031 909 0.000378
1000 3031 909 0.000402
1000 3031 909 0.000374
1000 3031 909 0.000399
1000 3031 909 0.000375
1000 3031 909 0.000400
1000 3031 909 0.000371
1000 3031 909 0.000405
1000 3031 909 0.000370
1000 3031 909 0.000401
1000 3031 909 0.000371
1000 3031 909 0.000404
1000 3031 909 0.000374
1000 3031 909 0.000403
1000 3031 909 0.000376
1000 3031 909 0.000403
1000 3031 909 0.000373
1000 3031 909 0.000410
1000 3031 909 0.000379
1000 3031 909 0.000404
1000 3031 909 0.000372
1000 3031 909 0.000404
1000 3031 909 0.000379
1000 3031 909 0.000409
1000 3031 909 0.000375
1000 3031 909 0.000399
1000 3031 909 0.000372
1000 3031 909 0.000406
1000 3031 909 0.000372
1000 3031 909 0.000406
1000 3031 909 0.000375
1000 3031 909 0.000399
1000 3031 909 0.000375
1000 3031 909 0.000399
1000 3031 909 0.000368
1000 3031 909 0.000396
1000 3031 909 0.000364
1000 3031 909 0.000393
1000 3031 909 0.000369
1000 3031 909 0.000388
1000 3031 909 0.000364
1000 3031 909 0.000389
1000 3031 909 0.000365
1000 3031 909 0.000390
1000 3031 909 0.000363
1000 3031 909 0.000396
1000 3031 909 0.000374
1000 3031 909 0.000399
1000 3031 909 0.000372
1000 3031 909 0.000401
1000 3031 909 0.000370
1000 3031 909 0.000400
1000 3031 909 0.000367
1000 3031 909 0.000393
1000 3031 909 0.000370
1000 3031 909 0.000396
1000 3031 909 0.000374
1000 3031 909 0.000398
1000 3031 909 0.000369
1000 3031 909 0.000395
1000 3031 909 0.000363
1000 3031 909 0.000397
1000 3031 909 0.000367
1000 3031 909 0.000393
1000 3031 909 0.000369
1000 3031 909 0.000394
1000 3031 909 0.000369
1000 3031 909 0.000395
2000 6760 2028 0.005017
2000 6760 2028 0.002597
2000 6760 2028 0.002512
2000 6760 2028 0.002589
2000 6760 2028 0.002504
2000 6760 2028 0.002591
2000 6760 2028 0.002505
2000 6760 2028 0.002432
2000 6760 2028 0.002503
2000 6760 2028 0.002442
2000 6760 2028 0.002665
2000 6760 2028 0.002434
2000 6760 2028 0.002478
2000 6760 2028 0.002398
2000 6760 2028 0.002462
2000 6760 2028 0.002389
2000 6760 2028 0.002457
2000 6760 2028 0.002383
2000 6760 2028 0.002460
2000 6760 2028 0.002518
2000 6760 2028 0.002459
2000 6760 2028 0.002374
2000 6760 2028 0.002453
2000 6760 2028 0.002372
2000 6760 2028 0.002469
2000 6760 2028 0.002377
2000 6760 2028 0.002440
2000 6760 2028 0.002447
2000 6760 2028 0.002448
2000 6760 2028 0.002385
2000 6760 2028 0.002460
2000 6760 2028 0.002379
2000 6760 2028 0.002451
2000 6760 2028 0.002390
2000 6760 2028 0.002449
2000 6760 2028 0.002402
2000 6760 2028 0.002460
2000 6760 2028 0.002376
2000 6760 2028 0.002456
2000 6760 2028 0.002385
2000 6760 2028 0.002449
2000 6760 2028 0.002391
2000 6760 2028 0.002450
2000 6760 2028 0.002382
2000 6760 2028 0.002454
2000 6760 2028 0.002392
2000 6760 2028 0.002463
2000 6760 2028 0.002382
2000 6760 2028 0.002457
2000 6760 2028 0.002383
2000 6760 2028 0.002464
2000 6760 2028 0.002384
2000 6760 2028 0.002462
2000 6760 2028 0.002383
2000 6760 2028 0.002469
2000 6760 2028 0.002392
2000 6760 2028 0.002473
2000 6760 2028 0.002389
2000 6760 2028 0.002469
2000 6760 2028 0.002383
2000 6760 2028 0.002481
2000 6760 2028 0.002397
2000 6760 2028 0.002468
2000 6760 2028 0.002393
2000 6760 2028 0.002476
2000 6760 2028 0.002396
2000 6760 2028 0.002472
2000 6760 2028 0.002393
2000 6760 2028 0.002460
2000 6760 2028 0.002384
2000 6760 2028 0.002469
2000 6760 2028 0.002384
2000 6760 2028 0.002459
2000 6760 2028 0.002388
2000 6760 2028 0.002469
2000 6760 2028 0.002389
2000 6760 2028 0.002474
2000 6760 2028 0.002396
2000 6760 2028 0.002459
2000 6760 2028 0.002379
2000 6760 2028 0.002465
2000 6760 2028 0.002391
2000 6760 2028 0.002454
2000 6760 2028 0.002381
2000 6760 2028 0.002468
2000 6760 2028 0.002375
2000 6760 2028 0.002457
2000 6760 2028 0.002377
2000 6760 2028 0.002464
2000 6760 2028 0.002388
2000 6760 2028 0.002465
2000 6760 2028 0.002383
2000 6760 2028 0.002457
2000 6760 2028 0.002394
2000 6760 2028 0.002457
2000 6760 2028 0.002380
2000 6760 2028 0.002453
2000 6760 2028 0.002394
2000 6760 2028 0.002463
2000 6760 2028 0.002384
2000 6760 2028 0.002468
100 185 55 0.000011
100 185 55 0.000001
100 185 55 0.000001
100 185 55 0.000001
100 185 55 0.000001
100 185 55 0.000001
100 185 55 0.000001
100 185 55 0.000001
100 185 55 0.000001
100 185 55 0.000001
100 185 55 0.000001
100 185 55 0.000001
100 185 55 0.000001
100 185 55 0.000001
100 185 55 0.000001
100 185 55 0.000001
100 185 55 0.000001
100 185 55 0.000001
100 185 55 0.000001
100 185 55 0.000001
100 185 55 0.000001
100 185 55 0.000001
100 185 55 0.000001
100 185 55 0.000001
100 185 55 0.000001
100 185 55 0.000001
100 185 55 0.000001
100 185 55 0.000001
100 185 55 0.000001
100 185 55 0.000001
100 185 55 0.000001
100 185 55 0.000001
100 185 55 0.000001
100 185 55 0.000001
100 185 55 0.000001
100 185 55 0.000001
100 185 55 0.000001
100 185 55 0.000001
100 185 55 0.000001
100 185 55 0.000001
100 185 55 0.000001
100 185 55 0.000001
100 185 55 0.000001
100 185 55 0.000001
100 185 55 0.000001
100 185 55 0.000001
100 185 55 0.000001
100 185 55 0.000001
100 185 55 0.000001
100 185 55 0.000001
100 185 55 0.000001
100 185 55 0.000001
100 185 55 0.000001
100 185 55 0.000001
100 185 55 0.000001
100 185 55 0.000001
100 185 55 0.000001
100 185 55 0.000001
100 185 55 0.000001
100 185 55 0.000001
100 185 55 0.000001
100 185 55 0.000001
100 185 55 0.000001
100 185 55 0.000001
100 185 55 0.000001
100 185 55 0.000001
100 185 55 0.000001
100 185 55 0.000001
100 185 55 0.000001
100 185 55 0.000001
100 185 55 0.000001
100 185 55 0.000001
100 185 55 0.000001
100 185 55 0.000001
100 185 55 0.000001
100 185 55 0.000001
100 185 55 0.000001
100 185 55 0.000001
100 185 55 0.000001
100 185 55 0.000001
100 185 55 0.000001
100 185 55 0.000001
100 185 55 0.000001
100 185 55 0.000001
100 185 55 0.000001
100 185 55 0.000001
100 185 55 0.000001
100 185 55 0.000001
100 185 55 0.000001
100 185 55 0.000001
100 185 55 0.000001
100 185 55 0.000001
100 185 55 0.000001
100 185 55 0.000001
100 185 55 0.000001
100 185 55 0.000001
100 185 55 0.000001
100 185 55 0.000001
100 185 55 0.000001
100 185 55 0.000001
100 185 55 0.000001
200 442 132 0.000046
200 442 132 0.000007
200 442 132 0.000007
200 442 132 0.000007
200 442 132 0.000007
200 442 132 0.000007
200 442 132 0.000007
200 442 132 0.000007
200 442 132 0.000007
200 442 132 0.000007
200 442 132 0.000007
200 442 132 0.000007
200 442 132 0.000007
200 442 132 0.000007
200 442 132 0.000007
200 442 132 0.000007
200 442 132 0.000007
200 442 132 0.000007
200 442 132 0.000007
200 442 132 0.000007
200 442 132 0.000007
200 442 132 0.000007
200 442 132 0.000007
200 442 132 0.000007
200 442 132 0.000007
200 442 132 0.000007
200 442 132 0.000007
200 442 132 0.000007
200 442 132 0.000007
200 442 132 0.000007
200 442 132 0.000007
200 442 132 0.000007
200 442 132 0.000007
200 442 132 0.000007
200 442 132 0.000007
200 442 132 0.000007
200 442 132 0.000007
200 442 132 0.000007
200 442 132 0.000007
200 442 132 0.000007
200 442 132 0.000007
200 442 132 0.000007
200 442 132 0.000007
200 442 132 0.000007
200 442 132 0.000007
200 442 132 0.000007
200 442 132 0.000007
200 442 132 0.000006
200 442 132 0.000007
200 442 132 0.000006
200 442 132 0.000007
200 442 132 0.000007
200 442 132 0.000007
200 442 132 0.000007
200 442 132 0.000007
200 442 132 0.000006
200 442 132 0.000007
200 442 132 0.000007
200 442 132 0.000007
200 442 132 0.000006
200 442 132 0.000007
200 442 132 0.000007
200 442 132 0.000007
200 442 132 0.000007
200 442 132 0.000007
200 442 132 0.000006
200 442 132 0.000007
200 442 132 0.000006
200 442 132 0.000007
200 442 132 0.000006
200 442 132 0.000007
200 442 132 0.000007
200 442 132 0.000007
200 442 132 0.000006
200 442 132 0.000007
200 442 132 0.000006
200 442 132 0.000007
200 442 132 0.000006
200 442 132 0.000007
200 442 132 0.000006
200 442 132 0.000007
200 442 132 0.000006
200 442 132 0.000007
200 442 132 0.000007
200 442 132 0.000008
200 442 132 0.000006
200 442 132 0.000007
200 442 132 0.000007
200 442 132 0.000007
200 442 132 0.000006
200 442 132 0.000007
200 442 132 0.000006
200 442 132 0.000007
200 442 132 0.000007
200 442 132 0.000007
200 442 132 0.000007
200 442 132 0.000007
200 442 132 0.000006
200 442 132 0.000007
200 442 132 0.000007
200 442 132 0.000007
300 726 217 0.000103
300 726 217 0.000018
300 726 217 0.000018
300 726 217 0.000018
300 726 217 0.000018
300 726 217 0.000018
300 726 217 0.000018
300 726 217 0.000018
300 726 217 0.000018
300 726 217 0.000018
300 726 217 0.000018
300 726 217 0.000018
300 726 217 0.000018
300 726 217 0.000018
300 726 217 0.000018
300 726 217 0.000018
300 726 217 0.000018
300 726 217 0.000018
300 726 217 0.000018
300 726 217 0.000018
300 726 217 0.000018
300 726 217 0.000018
300 726 217 0.000018
300 726 217 0.000018
300 726 217 0.000018
300 726 217 0.000018
300 726 217 0.000018
300 726 217 0.000018
300 726 217 0.000018
300 726 217 0.000018
300 726 217 0.000018
300 726 217 0.000018
300 726 217 0.000018
300 726 217 0.000018
300 726 217 0.000018
300 726 217 0.000018
300 726 217 0.000018
300 726 217 0.000018
300 726 217 0.000018
300 726 217 0.000018
300 726 217 0.000018
300 726 217 0.000019
300 726 217 0.000018
300 726 217 0.000018
300 726 217 0.000018
300 726 217 0.000018
300 726 217 0.000018
300 726 217 0.000018
300 726 217 0.000018
300 726 217 0.000018
300 726 217 0.000018
300 726 217 0.000018
300 726 217 0.000018
300 726 217 0.000018
300 726 217 0.000018
300 726 217 0.000018
300 726 217 0.000018
300 726 217 0.000018
300 726 217 0.000018
300 726 217 0.000018
300 726 217 0.000018
300 726 217 0.000018
300 726 217 0.000018
300 726 217 0.000018
300 726 217 0.000018
300 726 217 0.000018
300 726 217 0.000018
300 726 217 0.000018
300 726 217 0.000018
300 726 217 0.000018
300 726 217 0.000018
300 726 217 0.000018
300 726 217 0.000018
300 726 217 0.000018
300 726 217 0.000018
300 726 217 0.000018
300 726 217 0.000018
300 726 217 0.000018
300 726 217 0.000018
300 726 217 0.000018
300 726 217 0.000018
300 726 217 0.000018
300 726 217 0.000018
300 726 217 0.000018
300 726 217 0.000044
300 726 217 0.000018
300 726 217 0.000018
300 726 217 0.000018
300 726 217 0.000018
300 726 217 0.000018
300 726 217 0.000018
300 726 217 0.000018
300 726 217 0.000018
300 726 217 0.000018
300 726 217 0.000020
300 726 217 0.000018
300 726 217 0.000018
300 726 217 0.000018
300 726 217 0.000018
300 726 217 0.000018
300 726 217 0.000018
400 1026 307 0.000037
400 1026 307 0.000034
400 1026 307 0.000035
400 1026 307 0.000034
400 1026 307 0.000035
400 1026 307 0.000034
400 1026 307 0.000035
400 1026 307 0.000034
400 1026 307 0.000035
400 1026 307 0.000034
400 1026 307 0.000035
400 1026 307 0.000034
400 1026 307 0.000035
400 1026 307 0.000034
400 1026 307 0.000035
400 1026 307 0.000034
400 1026 307 0.000036
400 1026 307 0.000034
400 1026 307 0.000035
400 1026 307 0.000034
400 1026 307 0.000035
400 1026 307 0.000034
400 1026 307 0.000035
400 1026 307 0.000034
400 1026 307 0.000035
400 1026 307 0.000034
400 1026 307 0.000035
400 1026 307 0.000034
400 1026 307 0.000035
400 1026 307 0.000034
400 1026 307 0.000035
400 1026 307 0.000034
400 1026 307 0.000036
400 1026 307 0.000034
400 1026 307 0.000036
400 1026 307 0.000034
400 1026 307 0.000035
400 1026 307 0.000034
400 1026 307 0.000035
400 1026 307 0.000034
400 1026 307 0.000035
400 1026 307 0.000034
400 1026 307 0.000035
400 1026 307 0.000034
400 1026 307 0.000035
400 1026 307 0.000034
400 1026 307 0.000035
400 1026 307 0.000034
400 1026 307 0.000035
400 1026 307 0.000034
400 1026 307 0.000035
400 1026 307 0.000034
400 1026 307 0.000035
400 1026 307 0.000034
400 1026 307 0.000035
400 1026 307 0.000034
400 1026 307 0.000035
400 1026 307 0.000034
400 1026 307 0.000035
400 1026 307 0.000034
400 1026 307 0.000035
400 1026 307 0.000034
400 1026 307 0.000035
400 1026 307 0.000034
400 1026 307 0.000037
400 1026 307 0.000034
400 1026 307 0.000035
400 1026 307 0.000034
400 1026 307 0.000035
400 1026 307 0.000034
400 1026 307 0.000035
400 1026 307 0.000034
400 1026 307 0.000035
400 1026 307 0.000034
400 1026 307 0.000035
400 1026 307 0.000034
400 1026 307 0.000035
400 1026 307 0.000034
400 1026 307 0.000035
400 1026 307 0.000034
400 1026 307 0.000035
400 1026 307 0.000034
400 1026 307 0.000035
400 1026 307 0.000034
400 1026 307 0.000035
400 1026 307 0.000034
400 1026 307 0.000035
400 1026 307 0.000034
400 1026 307 0.000035
400 1026 307 0.000034
400 1026 307 0.000035
400 1026 307 0.000034
400 1026 307 0.000035
400 1026 307 0.000034
400 1026 307 0.000035
400 1026 307 0.000036
400 1026 307 0.000035
400 1026 307 0.000034
400 1026 307 0.000035
400 1026 307 0.000034
400 1026 307 0.000035
500 1340 402 0.000061
500 1340 402 0.000059
500 1340 402 0.000059
500 1340 402 0.000058
500 1340 402 0.000058
500 1340 402 0.000058
500 1340 402 0.000059
500 1340 402 0.000058
500 1340 402 0.000060
500 1340 402 0.000058
500 1340 402 0.000059
500 1340 402 0.000058
500 1340 402 0.000059
500 1340 402 0.000059
500 1340 402 0.000059
500 1340 402 0.000058
500 1340 402 0.000059
500 1340 402 0.000058
500 1340 402 0.000059
500 1340 402 0.000058
500 1340 402 0.000059
500 1340 402 0.000058
500 1340 402 0.000059
500 1340 402 0.000137
500 1340 402 0.000059
500 1340 402 0.000058
500 1340 402 0.000059
500 1340 402 0.000058
500 1340 402 0.000059
500 1340 402 0.000060
500 1340 402 0.000061
500 1340 402 0.000058
500 1340 402 0.000059
500 1340 402 0.000058
500 1340 402 0.000059
500 1340 402 0.000058
500 1340 402 0.000059
500 1340 402 0.000058
500 1340 402 0.000059
500 1340 402 0.000058
500 1340 402 0.000059
500 1340 402 0.000058
500 1340 402 0.000059
500 1340 402 0.000058
500 1340 402 0.000059
500 1340 402 0.000058
500 1340 402 0.000059
500 1340 402 0.000058
500 1340 402 0.000059
500 1340 402 0.000058
500 1340 402 0.000059
500 1340 402 0.000058
500 1340 402 0.000059
500 1340 402 0.000058
500 1340 402 0.000059
500 1340 402 0.000058
500 1340 402 0.000059
500 1340 402 0.000058
500 1340 402 0.000059
500 1340 402 0.000058
500 1340 402 0.000059
500 1340 402 0.000058
500 1340 402 0.000059
500 1340 402 0.000058
500 1340 402 0.000058
500 1340 402 0.000058
500 1340 402 0.000059
500 1340 402 0.000057
500 1340 402 0.000058
500 1340 402 0.000058
500 1340 402 0.000059
500 1340 402 0.000057
500 1340 402 0.000058
500 1340 402 0.000135
500 1340 402 0.000059
500 1340 402 0.000058
500 1340 402 0.000058
500 1340 402 0.000057
500 1340 402 0.000058
500 1340 402 0.000058
500 1340 402 0.000058
500 1340 402 0.000057
500 1340 402 0.000058
500 1340 402 0.000057
500 1340 402 0.000058
500 1340 402 0.000057
500 1340 402 0.000058
500 1340 402 0.000057
500 1340 402 0.000058
500 1340 402 0.000059
500 1340 402 0.000058
500 1340 402 0.000058
500 1340 402 0.000059
500 1340 402 0.000058
500 1340 402 0.000059
500 1340 402 0.000058
500 1340 402 0.000059
500 1340 402 0.000057
500 1340 402 0.000059
500 1340 402 0.000058
500 1340 402 0.000058
600 1663 498 0.000090
600 1663 498 0.000086
600 1663 498 0.000087
600 1663 498 0.000086
600 1663 498 0.000086
600 1663 498 0.000086
600 1663 498 0.000087
600 1663 498 0.000086
600 1663 498 0.000087
600 1663 498 0.000086
600 1663 498 0.000088
600 1663 498 0.000087
600 1663 498 0.000087
600 1663 498 0.000088
600 1663 498 0.000087
600 1663 498 0.000202
600 1663 498 0.000087
600 1663 498 0.000087
600 1663 498 0.000087
600 1663 498 0.000086
600 1663 498 0.000088
600 1663 498 0.000087
600 1663 498 0.000088
600 1663 498 0.000087
600 1663 498 0.000088
600 1663 498 0.000087
600 1663 498 0.000088
600 1663 498 0.000087
600 1663 498 0.000088
600 1663 498 0.000087
600 1663 498 0.000087
600 1663 498 0.000086
600 1663 498 0.000087
600 1663 498 0.000086
600 1663 498 0.000087
600 1663 498 0.000086
600 1663 498 0.000087
600 1663 498 0.000086
600 1663 498 0.000089
600 1663 498 0.000086
600 1663 498 0.000088
600 1663 498 0.000086
600 1663 498 0.000087
600 1663 498 0.000086
600 1663 498 0.000087
600 1663 498 0.000086
600 1663 498 0.000087
600 1663 498 0.000201
600 1663 498 0.000087
600 1663 498 0.000086
600 1663 498 0.000087
600 1663 498 0.000086
600 1663 498 0.000087
600 1663 498 0.000088
600 1663 498 0.000087
600 1663 498 0.000088
600 1663 498 0.000087
600 1663 498 0.000086
600 1663 498 0.000087
600 1663 498 0.000086
600 1663 498 0.000087
600 1663 498 0.000086
600 1663 498 0.000087
600 1663 498 0.000086
600 1663 498 0.000087
600 1663 498 0.000086
600 1663 498 0.000087
600 1663 498 0.000086
600 1663 498 0.000087
600 1663 498 0.000086
600 1663 498 0.000087
600 1663 498 0.000086
600 1663 498 0.000087
600 1663 498 0.000086
600 1663 498 0.000087
600 1663 498 0.000086
600 1663 498 0.000088
600 1663 498 0.000086
600 1663 498 0.000087
600 1663 498 0.000086
600 1663 498 0.000087
600 1663 498 0.000086
600 1663 498 0.000087
600 1663 498 0.000086
600 1663 498 0.000087
600 1663 498 0.000086
600 1663 498 0.000087
600 1663 498 0.000086
600 1663 498 0.000087
600 1663 498 0.000086
600 1663 498 0.000087
600 1663 498 0.000085
600 1663 498 0.000086
600 1663 498 0.000087
600 1663 498 0.000086
600 1663 498 0.000086
600 1663 498 0.000087
600 1663 498 0.000086
600 1663 498 0.000087
600 1663 498 0.000199
600 1663 498 0.000087
700 1995 598 0.000538
700 1995 598 0.000130
700 1995 598 0.000124
700 1995 598 0.000122
700 1995 598 0.000125
700 1995 598 0.000122
700 1995 598 0.000121
700 1995 598 0.000121
700 1995 598 0.000124
700 1995 598 0.000122
700 1995 598 0.000125
700 1995 598 0.000123
700 1995 598 0.000123
700 1995 598 0.000122
700 1995 598 0.000123
700 1995 598 0.000122
700 1995 598 0.000123
700 1995 598 0.000123
700 1995 598 0.000123
700 1995 598 0.000121
700 1995 598 0.000123
700 1995 598 0.000122
700 1995 598 0.000122
700 1995 598 0.000121
700 1995 598 0.000122
700 1995 598 0.000122
700 1995 598 0.000123
700 1995 598 0.000121
700 1995 598 0.000122
700 1995 598 0.000121
700 1995 598 0.000122
700 1995 598 0.000121
700 1995 598 0.000124
700 1995 598 0.000121
700 1995 598 0.000122
700 1995 598 0.000121
700 1995 598 0.000122
700 1995 598 0.000120
700 1995 598 0.000122
700 1995 598 0.000121
700 1995 598 0.000122
700 1995 598 0.000121
700 1995 598 0.000122
700 1995 598 0.000122
700 1995 598 0.000122
700 1995 598 0.000121
700 1995 598 0.000122
700 1995 598 0.000122
700 1995 598 0.000122
700 1995 598 0.000121
700 1995 598 0.000122
700 1995 598 0.000121
700 1995 598 0.000122
700 1995 598 0.000123
700 1995 598 0.000122
700 1995 598 0.000121
700 1995 598 0.000122
700 1995 598 0.000121
700 1995 598 0.000124
700 1995 598 0.000121
700 1995 598 0.000122
700 1995 598 0.000120
700 1995 598 0.000121
700 1995 598 0.000122
700 1995 598 0.000122
700 1995 598 0.000121
700 1995 598 0.000122
700 1995 598 0.000121
700 1995 598 0.000124
700 1995 598 0.000121
700 1995 598 0.000122
700 1995 598 0.000121
700 1995 598 0.000124
700 1995 598 0.000121
700 1995 598 0.000122
700 1995 598 0.000123
700 1995 598 0.000123
700 1995 598 0.000121
700 1995 598 0.000122
700 1995 598 0.000121
700 1995 598 0.000122
700 1995 598 0.000122
700 1995 598 0.000122
700 1995 598 0.000121
700 1995 598 0.000122
700 1995 598 0.000121
700 1995 598 0.000124
700 1995 598 0.000122
700 1995 598 0.000122
700 1995 598 0.000120
700 1995 598 0.000122
700 1995 598 0.000121
700 1995 598 0.000121
700 1995 598 0.000120
700 1995 598 0.000121
700 1995 598 0.000120
700 1995 598 0.000122
700 1995 598 0.000120
700 1995 598 0.000122
700 1995 598 0.000120
700 1995 598 0.000123
800 2334 700 0.001005
800 2334 700 0.000215
800 2334 700 0.000184
800 2334 700 0.000186
800 2334 700 0.000181
800 2334 700 0.000185
800 2334 700 0.000181
800 2334 700 0.000316
800 2334 700 0.000178
800 2334 700 0.000179
800 2334 700 0.000173
800 2334 700 0.000178
800 2334 700 0.000172
800 2334 700 0.000175
800 2334 700 0.000172
800 2334 700 0.000172
800 2334 700 0.000170
800 2334 700 0.000171
800 2334 700 0.000170
800 2334 700 0.000170
800 2334 700 0.000167
800 2334 700 0.000172
800 2334 700 0.000168
800 2334 700 0.000172
800 2334 700 0.000175
800 2334 700 0.000173
800 2334 700 0.000169
800 2334 700 0.000171
800 2334 700 0.000169
800 2334 700 0.000170
800 2334 700 0.000175
800 2334 700 0.000172
800 2334 700 0.000168
800 2334 700 0.000170
800 2334 700 0.000169
800 2334 700 0.000170
800 2334 700 0.000169
800 2334 700 0.000168
800 2334 700 0.000169
800 2334 700 0.000171
800 2334 700 0.000168
800 2334 700 0.000169
800 2334 700 0.000170
800 2334 700 0.000168
800 2334 700 0.000169
800 2334 700 0.000170
800 2334 700 0.000171
800 2334 700 0.000169
800 2334 700 0.000168
800 2334 700 0.000169
800 2334 700 0.000176
800 2334 700 0.000171
800 2334 700 0.000170
800 2334 700 0.000170
800 2334 700 0.000169
800 2334 700 0.000171
800 2334 700 0.000167
800 2334 700 0.000168
800 2334 700 0.000167
800 2334 700 0.000169
800 2334 700 0.000168
800 2334 700 0.000172
800 2334 700 0.000166
800 2334 700 0.000170
800 2334 700 0.000167
800 2334 700 0.000169
800 2334 700 0.000169
800 2334 700 0.000168
800 2334 700 0.000168
800 2334 700 0.000168
800 2334 700 0.000169
800 2334 700 0.000168
800 2334 700 0.000167
800 2334 700 0.000168
800 2334 700 0.000168
800 2334 700 0.000168
800 2334 700 0.000168
800 2334 700 0.000169
800 2334 700 0.000169
800 2334 700 0.000168
800 2334 700 0.000167
800 2334 700 0.000171
800 2334 700 0.000166
800 2334 700 0.000167
800 2334 700 0.000167
800 2334 700 0.000170
800 2334 700 0.000166
800 2334 700 0.000166
800 2334 700 0.000168
800 2334 700 0.000169
800 2334 700 0.000167
800 2334 700 0.000168
800 2334 700 0.000167
800 2334 700 0.000169
800 2334 700 0.000169
800 2334 700 0.000296
800 2334 700 0.000171
800 2334 700 0.000168
800 2334 700 0.000167
800 2334 700 0.000168
800 2334 700 0.000169
900 2680 804 0.000673
900 2680 804 0.000320
900 2680 804 0.000306
900 2680 804 0.000278
900 2680 804 0.000290
900 2680 804 0.000344
900 2680 804 0.000287
900 2680 804 0.000267
900 2680 804 0.000280
900 2680 804 0.000259
900 2680 804 0.000269
900 2680 804 0.000267
900 2680 804 0.000269
900 2680 804 0.000255
900 2680 804 0.000267
900 2680 804 0.000251
900 2680 804 0.000260
900 2680 804 0.000310
900 2680 804 0.000257
900 2680 804 0.000245
900 2680 804 0.000262
900 2680 804 0.000250
900 2680 804 0.000266
900 2680 804 0.000266
900 2680 804 0.000263
900 2680 804 0.000253
900 2680 804 0.000263
900 2680 804 0.000251
900 2680 804 0.000265
900 2680 804 0.000253
900 2680 804 0.000266
900 2680 804 0.000254
900 2680 804 0.000261
900 2680 804 0.000249
900 2680 804 0.000263
900 2680 804 0.000264
900 2680 804 0.000265
900 2680 804 0.000314
900 2680 804 0.000261
900 2680 804 0.000249
900 2680 804 0.000264
900 2680 804 0.000245
900 2680 804 0.000257
900 2680 804 0.000245
900 2680 804 0.000256
900 2680 804 0.000245
900 2680 804 0.000255
900 2680 804 0.000246
900 2680 804 0.000269
900 2680 804 0.000248
900 2680 804 0.000256
900 2680 804 0.000245
900 2680 804 0.000257
900 2680 804 0.000242
900 2680 804 0.000255
900 2680 804 0.000244
900 2680 804 0.000256
900 2680 804 0.000245
900 2680 804 0.000254
900 2680 804 0.000245
900 2680 804 0.000269
900 2680 804 0.000243
900 2680 804 0.000252
900 2680 804 0.000243
900 2680 804 0.000250
900 2680 804 0.000245
900 2680 804 0.000252
900 2680 804 0.000242
900 2680 804 0.000249
900 2680 804 0.000241
900 2680 804 0.000250
900 2680 804 0.000305
900 2680 804 0.000253
900 2680 804 0.000245
900 2680 804 0.000253
900 2680 804 0.000244
900 2680 804 0.000256
900 2680 804 0.000245
900 2680 804 0.000254
900 2680 804 0.000247
900 2680 804 0.000263
900 2680 804 0.000248
900 2680 804 0.000255
900 2680 804 0.000241
900 2680 804 0.000251
900 2680 804 0.000240
900 2680 804 0.000253
900 2680 804 0.000241
900 2680 804 0.000248
900 2680 804 0.000241
900 2680 804 0.000248
900 2680 804 0.000242
900 2680 804 0.000249
900 2680 804 0.000244
900 2680 804 0.000253
900 2680 804 0.000241
900 2680 804 0.000249
900 2680 804 0.000240
900 2680 804 0.000262
900 2680 804 0.000238
900 2680 804 0.000247
1000 3031 909 0.001198
1000 3031 909 0.000465
1000 3031 909 0.000489
1000 3031 909 0.000442
1000 3031 909 0.000491
1000 3031 909 0.000442
1000 3031 909 0.000467
1000 3031 909 0.000434
1000 3031 909 0.000461
1000 3031 909 0.000425
1000 3031 909 0.000443
1000 3031 909 0.000403
1000 3031 909 0.000427
1000 3031 909 0.000397
1000 3031 909 0.000418
1000 3031 909 0.000392
1000 3031 909 0.000418
1000 3031 909 0.000391
1000 3031 909 0.000406
1000 3031 909 0.000387
1000 3031 909 0.000410
1000 3031 909 0.000385
1000 3031 909 0.000411
1000 3031 909 0.000384
1000 3031 909 0.000401
1000 3031 909 0.000385
1000 3031 909 0.000407
1000 3031 909 0.000383
1000 3031 909 0.000402
1000 3031 909 0.000461
1000 3031 909 0.000403
1000 3031 909 0.000386
1000 3031 909 0.000400
1000 3031 909 0.000380
1000 3031 909 0.000404
1000 3031 909 0.000379
1000 3031 909 0.000406
1000 3031 909 0.000385
1000 3031 909 0.000410
1000 3031 909 0.000389
1000 3031 909 0.000407
1000 3031 909 0.000387
1000 3031 909 0.000405
1000 3031 909 0.000382
1000 3031 909 0.000406
1000 3031 909 0.000383
1000 3031 909 0.000404
1000 3031 909 0.000381
1000 3031 909 0.000402
1000 3031 909 0.000372
1000 3031 909 0.000399
1000 3031 909 0.000380
1000 3031 909 0.000399
1000 3031 909 0.000376
1000 3031 909 0.000398
1000 3031 909 0.000378
1000 3031 909 0.000405
1000 3031 909 0.000378
1000 3031 909 0.000398
1000 3031 909 0.000372
1000 3031 909 0.000401
1000 3031 909 0.000380
1000 3031 909 0.000397
1000 3031 909 0.000370
1000 3031 909 0.000394
1000 3031 909 0.000370
1000 3031 909 0.000393
1000 3031 909 0.000369
1000 3031 909 0.000389
1000 3031 909 0.000374
1000 3031 909 0.000399
1000 3031 909 0.000375
1000 3031 909 0.000397
1000 3031 909 0.000369
1000 3031 909 0.000394
1000 3031 909 0.000377
1000 3031 909 0.000396
1000 3031 909 0.000374
1000 3031 909 0.000400
1000 3031 909 0.000371
1000 3031 909 0.000396
1000 3031 909 0.000375
1000 3031 909 0.000395
1000 3031 909 0.000378
1000 3031 909 0.000401
1000 3031 909 0.000379
1000 3031 909 0.000395
1000 3031 909 0.000374
1000 3031 909 0.000397
1000 3031 909 0.000374
1000 3031 909 0.000393
1000 3031 909 0.000369
1000 3031 909 0.000397
1000 3031 909 0.000376
1000 3031 909 0.000397
1000 3031 909 0.000374
1000 3031 909 0.000400
1000 3031 909 0.000372
1000 3031 909 0.000394
1000 3031 909 0.000375
1000 3031 909 0.000392
2000 6760 2028 0.005340
2000 6760 2028 0.002482
2000 6760 2028 0.002501
2000 6760 2028 0.002475
2000 6760 2028 0.002496
2000 6760 2028 0.002475
2000 6760 2028 0.002504
2000 6760 2028 0.002462
2000 6760 2028 0.002505
2000 6760 2028 0.002409
2000 6760 2028 0.002522
2000 6760 2028 0.002400
2000 6760 2028 0.002503
2000 6760 2028 0.002392
2000 6760 2028 0.002494
2000 6760 2028 0.002381
2000 6760 2028 0.002480
2000 6760 2028 0.002379
2000 6760 2028 0.002472
2000 6760 2028 0.002383
2000 6760 2028 0.002457
2000 6760 2028 0.002372
2000 6760 2028 0.002438
2000 6760 2028 0.002378
2000 6760 2028 0.002436
2000 6760 2028 0.002376
2000 6760 2028 0.002448
2000 6760 2028 0.002370
2000 6760 2028 0.002442
2000 6760 2028 0.002371
2000 6760 2028 0.002451
2000 6760 2028 0.002369
2000 6760 2028 0.002437
2000 6760 2028 0.002377
2000 6760 2028 0.002460
2000 6760 2028 0.002371
2000 6760 2028 0.002448
2000 6760 2028 0.002375
2000 6760 2028 0.002442
2000 6760 2028 0.002368
2000 6760 2028 0.002437
2000 6760 2028 0.002380
2000 6760 2028 0.002450
2000 6760 2028 0.002374
2000 6760 2028 0.002453
2000 6760 2028 0.002369
2000 6760 2028 0.002441
2000 6760 2028 0.002375
2000 6760 2028 0.002449
2000 6760 2028 0.002367
2000 6760 2028 0.002443
2000 6760 2028 0.002370
2000 6760 2028 0.002443
2000 6760 2028 0.002367
2000 6760 2028 0.002439
2000 6760 2028 0.002361
2000 6760 2028 0.002451
2000 6760 2028 0.002373
2000 6760 2028 0.002453
2000 6760 2028 0.002370
2000 6760 2028 0.002464
2000 6760 2028 0.002372
2000 6760 2028 0.002435
2000 6760 2028 0.002366
2000 6760 2028 0.002439
2000 6760 2028 0.002363
2000 6760 2028 0.002440
2000 6760 2028 0.002367
2000 6760 2028 0.002457
2000 6760 2028 0.002367
2000 6760 2028 0.002457
2000 6760 2028 0.002376
2000 6760 2028 0.002440
2000 6760 2028 0.002374
2000 6760 2028 0.002443
2000 6760 2028 0.002364
2000 6760 2028 0.002444
2000 6760 2028 0.002367
2000 6760 2028 0.002462
2000 6760 2028 0.002366
2000 6760 2028 0.002458
2000 6760 2028 0.002359
2000 6760 2028 0.002453
2000 6760 2028 0.002358
2000 6760 2028 0.002445
2000 6760 2028 0.002359
2000 6760 2028 0.002437
2000 6760 2028 0.002366
2000 6760 2028 0.002451
2000 6760 2028 0.002364
2000 6760 2028 0.002440
2000 6760 2028 0.002362
2000 6760 2028 0.002455
2000 6760 2028 0.002363
2000 6760 2028 0.002440
2000 6760 2028 0.002368
2000 6760 2028 0.002435
2000 6760 2028 0.002373
2000 6760 2028 0.002443
2000 6760 2028 0.002360
2000 6760 2028 0.002441
