100 185 55 0.000024
100 185 55 0.000011
100 185 55 0.000011
100 185 55 0.000011
100 185 55 0.000010
100 185 55 0.000010
100 185 55 0.000011
100 185 55 0.000011
100 185 55 0.000010
100 185 55 0.000011
100 185 55 0.000010
100 185 55 0.000010
100 185 55 0.000010
100 185 55 0.000010
100 185 55 0.000010
100 185 55 0.000011
100 185 55 0.000010
100 185 55 0.000010
100 185 55 0.000010
100 185 55 0.000010
100 185 55 0.000010
100 185 55 0.000010
100 185 55 0.000010
100 185 55 0.000010
100 185 55 0.000010
100 185 55 0.000010
100 185 55 0.000010
100 185 55 0.000010
100 185 55 0.000010
100 185 55 0.000010
100 185 55 0.000010
100 185 55 0.000010
100 185 55 0.000010
100 185 55 0.000010
100 185 55 0.000010
100 185 55 0.000010
100 185 55 0.000010
100 185 55 0.000010
100 185 55 0.000010
100 185 55 0.000010
100 185 55 0.000010
100 185 55 0.000010
100 185 55 0.000010
100 185 55 0.000010
100 185 55 0.000009
100 185 55 0.000010
100 185 55 0.000010
100 185 55 0.000010
100 185 55 0.000010
100 185 55 0.000010
100 185 55 0.000009
100 185 55 0.000009
100 185 55 0.000009
100 185 55 0.000009
100 185 55 0.000010
100 185 55 0.000010
100 185 55 0.000009
100 185 55 0.000009
100 185 55 0.000009
100 185 55 0.000009
100 185 55 0.000010
100 185 55 0.000010
100 185 55 0.000009
100 185 55 0.000010
100 185 55 0.000010
100 185 55 0.000009
100 185 55 0.000009
100 185 55 0.000009
100 185 55 0.000009
100 185 55 0.000009
100 185 55 0.000010
100 185 55 0.000010
100 185 55 0.000009
100 185 55 0.000009
100 185 55 0.000009
100 185 55 0.000009
100 185 55 0.000009
100 185 55 0.000010
100 185 55 0.000010
100 185 55 0.000010
100 185 55 0.000009
100 185 55 0.000009
100 185 55 0.000009
100 185 55 0.000009
100 185 55 0.000009
100 185 55 0.000008
100 185 55 0.000008
100 185 55 0.000008
100 185 55 0.000008
100 185 55 0.000012
100 185 55 0.000009
100 185 55 0.000009
100 185 55 0.000009
100 185 55 0.000009
100 185 55 0.000009
100 185 55 0.000009
100 185 55 0.000009
100 185 55 0.000009
100 185 55 0.000009
100 185 55 0.000008
100 185 55 0.000008
200 442 132 0.000038
200 442 132 0.000026
200 442 132 0.000025
200 442 132 0.000025
200 442 132 0.000025
200 442 132 0.000024
200 442 132 0.000024
200 442 132 0.000024
200 442 132 0.000025
200 442 132 0.000025
200 442 132 0.000025
200 442 132 0.000025
200 442 132 0.000025
200 442 132 0.000024
200 442 132 0.000024
200 442 132 0.000025
200 442 132 0.000024
200 442 132 0.000024
200 442 132 0.000025
200 442 132 0.000025
200 442 132 0.000025
200 442 132 0.000024
200 442 132 0.000024
200 442 132 0.000025
200 442 132 0.000025
200 442 132 0.000024
200 442 132 0.000024
200 442 132 0.000024
200 442 132 0.000024
200 442 132 0.000026
200 442 132 0.000024
200 442 132 0.000024
200 442 132 0.000024
200 442 132 0.000024
200 442 132 0.000025
200 442 132 0.000024
200 442 132 0.000024
200 442 132 0.000024
200 442 132 0.000024
200 442 132 0.000026
200 442 132 0.000025
200 442 132 0.000024
200 442 132 0.000024
200 442 132 0.000024
200 442 132 0.000025
200 442 132 0.000024
200 442 132 0.000025
200 442 132 0.000024
200 442 132 0.000024
200 442 132 0.000025
200 442 132 0.000025
200 442 132 0.000025
200 442 132 0.000024
200 442 132 0.000024
200 442 132 0.000024
200 442 132 0.000024
200 442 132 0.000024
200 442 132 0.000024
200 442 132 0.000024
200 442 132 0.000025
200 442 132 0.000024
200 442 132 0.000024
200 442 132 0.000025
200 442 132 0.000024
200 442 132 0.000024
200 442 132 0.000024
200 442 132 0.000024
200 442 132 0.000024
200 442 132 0.000024
200 442 132 0.000024
200 442 132 0.000024
200 442 132 0.000024
200 442 132 0.000024
200 442 132 0.000024
200 442 132 0.000024
200 442 132 0.000024
200 442 132 0.000024
200 442 132 0.000024
200 442 132 0.000024
200 442 132 0.000024
200 442 132 0.000024
200 442 132 0.000024
200 442 132 0.000024
200 442 132 0.000024
200 442 132 0.000024
200 442 132 0.000023
200 442 132 0.000024
200 442 132 0.000024
200 442 132 0.000024
200 442 132 0.000024
200 442 132 0.000025
200 442 132 0.000024
200 442 132 0.000024
200 442 132 0.000024
200 442 132 0.000024
200 442 132 0.000024
200 442 132 0.000024
200 442 132 0.000023
200 442 132 0.000023
200 442 132 0.000023
200 442 132 0.000023
300 726 217 0.000058
300 726 217 0.000043
300 726 217 0.000042
300 726 217 0.000041
300 726 217 0.000042
300 726 217 0.000042
300 726 217 0.000042
300 726 217 0.000042
300 726 217 0.000042
300 726 217 0.000041
300 726 217 0.000041
300 726 217 0.000042
300 726 217 0.000042
300 726 217 0.000042
300 726 217 0.000042
300 726 217 0.000041
300 726 217 0.000041
300 726 217 0.000041
300 726 217 0.000041
300 726 217 0.000042
300 726 217 0.000041
300 726 217 0.000041
300 726 217 0.000041
300 726 217 0.000042
300 726 217 0.000041
300 726 217 0.000041
300 726 217 0.000042
300 726 217 0.000041
300 726 217 0.000041
300 726 217 0.000041
300 726 217 0.000041
300 726 217 0.000043
300 726 217 0.000041
300 726 217 0.000042
300 726 217 0.000041
300 726 217 0.000043
300 726 217 0.000042
300 726 217 0.000041
300 726 217 0.000042
300 726 217 0.000042
300 726 217 0.000042
300 726 217 0.000042
300 726 217 0.000044
300 726 217 0.000041
300 726 217 0.000041
300 726 217 0.000041
300 726 217 0.000042
300 726 217 0.000041
300 726 217 0.000042
300 726 217 0.000041
300 726 217 0.000042
300 726 217 0.000042
300 726 217 0.000043
300 726 217 0.000041
300 726 217 0.000041
300 726 217 0.000041
300 726 217 0.000041
300 726 217 0.000041
300 726 217 0.000042
300 726 217 0.000041
300 726 217 0.000041
300 726 217 0.000041
300 726 217 0.000041
300 726 217 0.000041
300 726 217 0.000042
300 726 217 0.000041
300 726 217 0.000041
300 726 217 0.000041
300 726 217 0.000040
300 726 217 0.000041
300 726 217 0.000041
300 726 217 0.000041
300 726 217 0.000041
300 726 217 0.000040
300 726 217 0.000040
300 726 217 0.000042
300 726 217 0.000040
300 726 217 0.000040
300 726 217 0.000041
300 726 217 0.000041
300 726 217 0.000041
300 726 217 0.000041
300 726 217 0.000043
300 726 217 0.000041
300 726 217 0.000041
300 726 217 0.000041
300 726 217 0.000041
300 726 217 0.000041
300 726 217 0.000041
300 726 217 0.000041
300 726 217 0.000041
300 726 217 0.000041
300 726 217 0.000041
300 726 217 0.000041
300 726 217 0.000040
300 726 217 0.000041
300 726 217 0.000040
300 726 217 0.000041
300 726 217 0.000041
300 726 217 0.000041
300 726 217 0.000041
400 1026 307 0.000081
400 1026 307 0.000060
400 1026 307 0.000059
400 1026 307 0.000058
400 1026 307 0.000059
400 1026 307 0.000059
400 1026 307 0.000059
400 1026 307 0.000058
400 1026 307 0.000058
400 1026 307 0.000058
400 1026 307 0.000058
400 1026 307 0.000059
400 1026 307 0.000059
400 1026 307 0.000059
400 1026 307 0.000059
400 1026 307 0.000058
400 1026 307 0.000059
400 1026 307 0.000059
400 1026 307 0.000058
400 1026 307 0.000058
400 1026 307 0.000059
400 1026 307 0.000058
400 1026 307 0.000058
400 1026 307 0.000059
400 1026 307 0.000058
400 1026 307 0.000060
400 1026 307 0.000058
400 1026 307 0.000059
400 1026 307 0.000058
400 1026 307 0.000058
400 1026 307 0.000058
400 1026 307 0.000059
400 1026 307 0.000058
400 1026 307 0.000059
400 1026 307 0.000058
400 1026 307 0.000059
400 1026 307 0.000058
400 1026 307 0.000059
400 1026 307 0.000061
400 1026 307 0.000059
400 1026 307 0.000058
400 1026 307 0.000058
400 1026 307 0.000059
400 1026 307 0.000059
400 1026 307 0.000058
400 1026 307 0.000058
400 1026 307 0.000058
400 1026 307 0.000058
400 1026 307 0.000058
400 1026 307 0.000058
400 1026 307 0.000058
400 1026 307 0.000058
400 1026 307 0.000060
400 1026 307 0.000058
400 1026 307 0.000058
400 1026 307 0.000059
400 1026 307 0.000058
400 1026 307 0.000058
400 1026 307 0.000058
400 1026 307 0.000058
400 1026 307 0.000058
400 1026 307 0.000058
400 1026 307 0.000058
400 1026 307 0.000058
400 1026 307 0.000058
400 1026 307 0.000060
400 1026 307 0.000058
400 1026 307 0.000058
400 1026 307 0.000058
400 1026 307 0.000058
400 1026 307 0.000058
400 1026 307 0.000059
400 1026 307 0.000059
400 1026 307 0.000058
400 1026 307 0.000058
400 1026 307 0.000058
400 1026 307 0.000058
400 1026 307 0.000058
400 1026 307 0.000058
400 1026 307 0.000058
400 1026 307 0.000058
400 1026 307 0.000060
400 1026 307 0.000059
400 1026 307 0.000059
400 1026 307 0.000058
400 1026 307 0.000058
400 1026 307 0.000058
400 1026 307 0.000058
400 1026 307 0.000058
400 1026 307 0.000058
400 1026 307 0.000058
400 1026 307 0.000058
400 1026 307 0.000058
400 1026 307 0.000058
400 1026 307 0.000057
400 1026 307 0.000058
400 1026 307 0.000057
400 1026 307 0.000060
400 1026 307 0.000058
400 1026 307 0.000058
400 1026 307 0.000058
500 1340 402 0.000108
500 1340 402 0.000079
500 1340 402 0.000079
500 1340 402 0.000078
500 1340 402 0.000079
500 1340 402 0.000078
500 1340 402 0.000079
500 1340 402 0.000079
500 1340 402 0.000077
500 1340 402 0.000078
500 1340 402 0.000078
500 1340 402 0.000077
500 1340 402 0.000078
500 1340 402 0.000078
500 1340 402 0.000078
500 1340 402 0.000079
500 1340 402 0.000079
500 1340 402 0.000078
500 1340 402 0.000079
500 1340 402 0.000079
500 1340 402 0.000078
500 1340 402 0.000081
500 1340 402 0.000078
500 1340 402 0.000079
500 1340 402 0.000080
500 1340 402 0.000078
500 1340 402 0.000080
500 1340 402 0.000079
500 1340 402 0.000078
500 1340 402 0.000078
500 1340 402 0.000080
500 1340 402 0.000078
500 1340 402 0.000078
500 1340 402 0.000079
500 1340 402 0.000079
500 1340 402 0.000079
500 1340 402 0.000081
500 1340 402 0.000079
500 1340 402 0.000079
500 1340 402 0.000078
500 1340 402 0.000077
500 1340 402 0.000077
500 1340 402 0.000078
500 1340 402 0.000079
500 1340 402 0.000079
500 1340 402 0.000079
500 1340 402 0.000078
500 1340 402 0.000078
500 1340 402 0.000077
500 1340 402 0.000079
500 1340 402 0.000078
500 1340 402 0.000078
500 1340 402 0.000077
500 1340 402 0.000078
500 1340 402 0.000077
500 1340 402 0.000078
500 1340 402 0.000078
500 1340 402 0.000080
500 1340 402 0.000078
500 1340 402 0.000078
500 1340 402 0.000078
500 1340 402 0.000077
500 1340 402 0.000078
500 1340 402 0.000078
500 1340 402 0.000078
500 1340 402 0.000078
500 1340 402 0.000078
500 1340 402 0.000078
500 1340 402 0.000078
500 1340 402 0.000078
500 1340 402 0.000078
500 1340 402 0.000079
500 1340 402 0.000078
500 1340 402 0.000078
500 1340 402 0.000078
500 1340 402 0.000079
500 1340 402 0.000078
500 1340 402 0.000078
500 1340 402 0.000078
500 1340 402 0.000079
500 1340 402 0.000078
500 1340 402 0.000078
500 1340 402 0.000079
500 1340 402 0.000077
500 1340 402 0.000078
500 1340 402 0.000078
500 1340 402 0.000078
500 1340 402 0.000077
500 1340 402 0.000077
500 1340 402 0.000077
500 1340 402 0.000078
500 1340 402 0.000079
500 1340 402 0.000077
500 1340 402 0.000078
500 1340 402 0.000078
500 1340 402 0.000079
500 1340 402 0.000078
500 1340 402 0.000079
500 1340 402 0.000079
500 1340 402 0.000077
500 1340 402 0.000077
600 1663 498 0.000130
600 1663 498 0.000098
600 1663 498 0.000097
600 1663 498 0.000096
600 1663 498 0.000097
600 1663 498 0.000096
600 1663 498 0.000097
600 1663 498 0.000096
600 1663 498 0.000097
600 1663 498 0.000097
600 1663 498 0.000098
600 1663 498 0.000096
600 1663 498 0.000096
600 1663 498 0.000096
600 1663 498 0.000097
600 1663 498 0.000103
600 1663 498 0.000096
600 1663 498 0.000096
600 1663 498 0.000096
600 1663 498 0.000097
600 1663 498 0.000096
600 1663 498 0.000096
600 1663 498 0.000096
600 1663 498 0.000097
600 1663 498 0.000096
600 1663 498 0.000097
600 1663 498 0.000097
600 1663 498 0.000097
600 1663 498 0.000097
600 1663 498 0.000096
600 1663 498 0.000097
600 1663 498 0.000096
600 1663 498 0.000097
600 1663 498 0.000096
600 1663 498 0.000096
600 1663 498 0.000097
600 1663 498 0.000096
600 1663 498 0.000096
600 1663 498 0.000096
600 1663 498 0.000098
600 1663 498 0.000096
600 1663 498 0.000096
600 1663 498 0.000097
600 1663 498 0.000096
600 1663 498 0.000096
600 1663 498 0.000097
600 1663 498 0.000096
600 1663 498 0.000097
600 1663 498 0.000097
600 1663 498 0.000096
600 1663 498 0.000096
600 1663 498 0.000097
600 1663 498 0.000096
600 1663 498 0.000096
600 1663 498 0.000096
600 1663 498 0.000096
600 1663 498 0.000097
600 1663 498 0.000096
600 1663 498 0.000096
600 1663 498 0.000096
600 1663 498 0.000095
600 1663 498 0.000095
600 1663 498 0.000096
600 1663 498 0.000095
600 1663 498 0.000095
600 1663 498 0.000097
600 1663 498 0.000096
600 1663 498 0.000096
600 1663 498 0.000096
600 1663 498 0.000097
600 1663 498 0.000096
600 1663 498 0.000096
600 1663 498 0.000097
600 1663 498 0.000095
600 1663 498 0.000095
600 1663 498 0.000095
600 1663 498 0.000096
600 1663 498 0.000096
600 1663 498 0.000095
600 1663 498 0.000095
600 1663 498 0.000095
600 1663 498 0.000095
600 1663 498 0.000096
600 1663 498 0.000096
600 1663 498 0.000094
600 1663 498 0.000095
600 1663 498 0.000095
600 1663 498 0.000096
600 1663 498 0.000095
600 1663 498 0.000095
600 1663 498 0.000096
600 1663 498 0.000095
600 1663 498 0.000097
600 1663 498 0.000097
600 1663 498 0.000097
600 1663 498 0.000095
600 1663 498 0.000095
600 1663 498 0.000095
600 1663 498 0.000095
600 1663 498 0.000095
600 1663 498 0.000097
700 1995 598 0.000158
700 1995 598 0.000132
700 1995 598 0.000118
700 1995 598 0.000117
700 1995 598 0.000117
700 1995 598 0.000117
700 1995 598 0.000116
700 1995 598 0.000117
700 1995 598 0.000116
700 1995 598 0.000117
700 1995 598 0.000125
700 1995 598 0.000117
700 1995 598 0.000116
700 1995 598 0.000118
700 1995 598 0.000118
700 1995 598 0.000118
700 1995 598 0.000117
700 1995 598 0.000118
700 1995 598 0.000116
700 1995 598 0.000117
700 1995 598 0.000118
700 1995 598 0.000117
700 1995 598 0.000117
700 1995 598 0.000116
700 1995 598 0.000117
700 1995 598 0.000118
700 1995 598 0.000117
700 1995 598 0.000119
700 1995 598 0.000117
700 1995 598 0.000119
700 1995 598 0.000117
700 1995 598 0.000117
700 1995 598 0.000117
700 1995 598 0.000119
700 1995 598 0.000117
700 1995 598 0.000119
700 1995 598 0.000118
700 1995 598 0.000118
700 1995 598 0.000118
700 1995 598 0.000118
700 1995 598 0.000117
700 1995 598 0.000116
700 1995 598 0.000116
700 1995 598 0.000176
700 1995 598 0.000123
700 1995 598 0.000118
700 1995 598 0.000116
700 1995 598 0.000116
700 1995 598 0.000116
700 1995 598 0.000117
700 1995 598 0.000118
700 1995 598 0.000116
700 1995 598 0.000117
700 1995 598 0.000117
700 1995 598 0.000116
700 1995 598 0.000116
700 1995 598 0.000116
700 1995 598 0.000118
700 1995 598 0.000115
700 1995 598 0.000117
700 1995 598 0.000116
700 1995 598 0.000116
700 1995 598 0.000118
700 1995 598 0.000116
700 1995 598 0.000117
700 1995 598 0.000116
700 1995 598 0.000116
700 1995 598 0.000117
700 1995 598 0.000120
700 1995 598 0.000116
700 1995 598 0.000116
700 1995 598 0.000117
700 1995 598 0.000119
700 1995 598 0.000116
700 1995 598 0.000117
700 1995 598 0.000116
700 1995 598 0.000116
700 1995 598 0.000117
700 1995 598 0.000117
700 1995 598 0.000116
700 1995 598 0.000116
700 1995 598 0.000116
700 1995 598 0.000116
700 1995 598 0.000116
700 1995 598 0.000117
700 1995 598 0.000116
700 1995 598 0.000118
700 1995 598 0.000118
700 1995 598 0.000116
700 1995 598 0.000116
700 1995 598 0.000116
700 1995 598 0.000115
700 1995 598 0.000115
700 1995 598 0.000118
700 1995 598 0.000117
700 1995 598 0.000117
700 1995 598 0.000116
700 1995 598 0.000116
700 1995 598 0.000116
700 1995 598 0.000116
700 1995 598 0.000118
800 2334 700 0.000184
800 2334 700 0.000141
800 2334 700 0.000140
800 2334 700 0.000138
800 2334 700 0.000139
800 2334 700 0.000141
800 2334 700 0.000138
800 2334 700 0.000151
800 2334 700 0.000138
800 2334 700 0.000139
800 2334 700 0.000139
800 2334 700 0.000140
800 2334 700 0.000141
800 2334 700 0.000141
800 2334 700 0.000139
800 2334 700 0.000138
800 2334 700 0.000142
800 2334 700 0.000141
800 2334 700 0.000139
800 2334 700 0.000141
800 2334 700 0.000139
800 2334 700 0.000141
800 2334 700 0.000140
800 2334 700 0.000139
800 2334 700 0.000143
800 2334 700 0.000139
800 2334 700 0.000138
800 2334 700 0.000138
800 2334 700 0.000138
800 2334 700 0.000137
800 2334 700 0.000140
800 2334 700 0.000138
800 2334 700 0.000139
800 2334 700 0.000138
800 2334 700 0.000138
800 2334 700 0.000139
800 2334 700 0.000139
800 2334 700 0.000142
800 2334 700 0.000140
800 2334 700 0.000138
800 2334 700 0.000139
800 2334 700 0.000138
800 2334 700 0.000139
800 2334 700 0.000138
800 2334 700 0.000137
800 2334 700 0.000163
800 2334 700 0.000139
800 2334 700 0.000138
800 2334 700 0.000138
800 2334 700 0.000138
800 2334 700 0.000141
800 2334 700 0.000137
800 2334 700 0.000137
800 2334 700 0.000138
800 2334 700 0.000137
800 2334 700 0.000140
800 2334 700 0.000138
800 2334 700 0.000139
800 2334 700 0.000138
800 2334 700 0.000137
800 2334 700 0.000139
800 2334 700 0.000138
800 2334 700 0.000138
800 2334 700 0.000144
800 2334 700 0.000138
800 2334 700 0.000138
800 2334 700 0.000139
800 2334 700 0.000139
800 2334 700 0.000139
800 2334 700 0.000138
800 2334 700 0.000137
800 2334 700 0.000139
800 2334 700 0.000138
800 2334 700 0.000137
800 2334 700 0.000139
800 2334 700 0.000137
800 2334 700 0.000138
800 2334 700 0.000137
800 2334 700 0.000142
800 2334 700 0.000140
800 2334 700 0.000139
800 2334 700 0.000140
800 2334 700 0.000137
800 2334 700 0.000138
800 2334 700 0.000138
800 2334 700 0.000139
800 2334 700 0.000137
800 2334 700 0.000140
800 2334 700 0.000137
800 2334 700 0.000137
800 2334 700 0.000139
800 2334 700 0.000137
800 2334 700 0.000138
800 2334 700 0.000137
800 2334 700 0.000136
800 2334 700 0.000140
800 2334 700 0.000138
800 2334 700 0.000138
800 2334 700 0.000138
800 2334 700 0.000136
800 2334 700 0.000137
900 2680 804 0.000213
900 2680 804 0.000164
900 2680 804 0.000165
900 2680 804 0.000162
900 2680 804 0.000162
900 2680 804 0.000169
900 2680 804 0.000161
900 2680 804 0.000165
900 2680 804 0.000164
900 2680 804 0.000161
900 2680 804 0.000161
900 2680 804 0.000162
900 2680 804 0.000161
900 2680 804 0.000163
900 2680 804 0.000164
900 2680 804 0.000161
900 2680 804 0.000161
900 2680 804 0.000167
900 2680 804 0.000159
900 2680 804 0.000160
900 2680 804 0.000159
900 2680 804 0.000163
900 2680 804 0.000160
900 2680 804 0.000160
900 2680 804 0.000160
900 2680 804 0.000160
900 2680 804 0.000161
900 2680 804 0.000161
900 2680 804 0.000160
900 2680 804 0.000162
900 2680 804 0.000162
900 2680 804 0.000160
900 2680 804 0.000160
900 2680 804 0.000159
900 2680 804 0.000161
900 2680 804 0.000160
900 2680 804 0.000161
900 2680 804 0.000160
900 2680 804 0.000162
900 2680 804 0.000160
900 2680 804 0.000160
900 2680 804 0.000159
900 2680 804 0.000160
900 2680 804 0.000160
900 2680 804 0.000160
900 2680 804 0.000159
900 2680 804 0.000159
900 2680 804 0.000162
900 2680 804 0.000161
900 2680 804 0.000159
900 2680 804 0.000159
900 2680 804 0.000159
900 2680 804 0.000160
900 2680 804 0.000159
900 2680 804 0.000159
900 2680 804 0.000162
900 2680 804 0.000160
900 2680 804 0.000161
900 2680 804 0.000160
900 2680 804 0.000159
900 2680 804 0.000159
900 2680 804 0.000159
900 2680 804 0.000159
900 2680 804 0.000166
900 2680 804 0.000160
900 2680 804 0.000159
900 2680 804 0.000158
900 2680 804 0.000161
900 2680 804 0.000161
900 2680 804 0.000160
900 2680 804 0.000161
900 2680 804 0.000159
900 2680 804 0.000162
900 2680 804 0.000159
900 2680 804 0.000158
900 2680 804 0.000158
900 2680 804 0.000159
900 2680 804 0.000160
900 2680 804 0.000160
900 2680 804 0.000162
900 2680 804 0.000159
900 2680 804 0.000162
900 2680 804 0.000158
900 2680 804 0.000158
900 2680 804 0.000158
900 2680 804 0.000157
900 2680 804 0.000158
900 2680 804 0.000158
900 2680 804 0.000160
900 2680 804 0.000159
900 2680 804 0.000159
900 2680 804 0.000159
900 2680 804 0.000158
900 2680 804 0.000161
900 2680 804 0.000158
900 2680 804 0.000159
900 2680 804 0.000160
900 2680 804 0.000159
900 2680 804 0.000158
900 2680 804 0.000159
900 2680 804 0.000158
1000 3031 909 0.000241
1000 3031 909 0.000187
1000 3031 909 0.000185
1000 3031 909 0.000186
1000 3031 909 0.000196
1000 3031 909 0.000186
1000 3031 909 0.000186
1000 3031 909 0.000184
1000 3031 909 0.000186
1000 3031 909 0.000187
1000 3031 909 0.000184
1000 3031 909 0.000184
1000 3031 909 0.000183
1000 3031 909 0.000183
1000 3031 909 0.000187
1000 3031 909 0.000185
1000 3031 909 0.000184
1000 3031 909 0.000182
1000 3031 909 0.000183
1000 3031 909 0.000182
1000 3031 909 0.000189
1000 3031 909 0.000184
1000 3031 909 0.000183
1000 3031 909 0.000184
1000 3031 909 0.000184
1000 3031 909 0.000183
1000 3031 909 0.000185
1000 3031 909 0.000183
1000 3031 909 0.000183
1000 3031 909 0.000185
1000 3031 909 0.000181
1000 3031 909 0.000183
1000 3031 909 0.000182
1000 3031 909 0.000182
1000 3031 909 0.000185
1000 3031 909 0.000183
1000 3031 909 0.000181
1000 3031 909 0.000182
1000 3031 909 0.000182
1000 3031 909 0.000186
1000 3031 909 0.000181
1000 3031 909 0.000182
1000 3031 909 0.000182
1000 3031 909 0.000181
1000 3031 909 0.000182
1000 3031 909 0.000183
1000 3031 909 0.000182
1000 3031 909 0.000183
1000 3031 909 0.000182
1000 3031 909 0.000182
1000 3031 909 0.000180
1000 3031 909 0.000184
1000 3031 909 0.000183
1000 3031 909 0.000181
1000 3031 909 0.000181
1000 3031 909 0.000185
1000 3031 909 0.000185
1000 3031 909 0.000183
1000 3031 909 0.000182
1000 3031 909 0.000185
1000 3031 909 0.000184
1000 3031 909 0.000183
1000 3031 909 0.000181
1000 3031 909 0.000181
1000 3031 909 0.000180
1000 3031 909 0.000182
1000 3031 909 0.000182
1000 3031 909 0.000181
1000 3031 909 0.000182
1000 3031 909 0.000181
1000 3031 909 0.000182
1000 3031 909 0.000182
1000 3031 909 0.000182
1000 3031 909 0.000182
1000 3031 909 0.000181
1000 3031 909 0.000182
1000 3031 909 0.000182
1000 3031 909 0.000182
1000 3031 909 0.000183
1000 3031 909 0.000180
1000 3031 909 0.000181
1000 3031 909 0.000181
1000 3031 909 0.000182
1000 3031 909 0.000184
1000 3031 909 0.000182
1000 3031 909 0.000180
1000 3031 909 0.000179
1000 3031 909 0.000179
1000 3031 909 0.000180
1000 3031 909 0.000182
1000 3031 909 0.000179
1000 3031 909 0.000180
1000 3031 909 0.000182
1000 3031 909 0.000180
1000 3031 909 0.000181
1000 3031 909 0.000183
1000 3031 909 0.000181
1000 3031 909 0.000181
1000 3031 909 0.000184
1000 3031 909 0.000182
1000 3031 909 0.000183
2000 6760 2028 0.000597
2000 6760 2028 0.000460
2000 6760 2028 0.000452
2000 6760 2028 0.000456
2000 6760 2028 0.000450
2000 6760 2028 0.000451
2000 6760 2028 0.000485
2000 6760 2028 0.000445
2000 6760 2028 0.000448
2000 6760 2028 0.000451
2000 6760 2028 0.000444
2000 6760 2028 0.000450
2000 6760 2028 0.000448
2000 6760 2028 0.000444
2000 6760 2028 0.000437
2000 6760 2028 0.000441
2000 6760 2028 0.000435
2000 6760 2028 0.000440
2000 6760 2028 0.000435
2000 6760 2028 0.000448
2000 6760 2028 0.000437
2000 6760 2028 0.000439
2000 6760 2028 0.000437
2000 6760 2028 0.000440
2000 6760 2028 0.000441
2000 6760 2028 0.000441
2000 6760 2028 0.000440
2000 6760 2028 0.000438
2000 6760 2028 0.000436
2000 6760 2028 0.000441
2000 6760 2028 0.000439
2000 6760 2028 0.000441
2000 6760 2028 0.000440
2000 6760 2028 0.000438
2000 6760 2028 0.000438
2000 6760 2028 0.000447
2000 6760 2028 0.000439
2000 6760 2028 0.000437
2000 6760 2028 0.000436
2000 6760 2028 0.000439
2000 6760 2028 0.000435
2000 6760 2028 0.000438
2000 6760 2028 0.000443
2000 6760 2028 0.000436
2000 6760 2028 0.000438
2000 6760 2028 0.000437
2000 6760 2028 0.000439
2000 6760 2028 0.000436
2000 6760 2028 0.000440
2000 6760 2028 0.000437
2000 6760 2028 0.000443
2000 6760 2028 0.000438
2000 6760 2028 0.000442
2000 6760 2028 0.000437
2000 6760 2028 0.000441
2000 6760 2028 0.000439
2000 6760 2028 0.000439
2000 6760 2028 0.000439
2000 6760 2028 0.000437
2000 6760 2028 0.000440
2000 6760 2028 0.000448
2000 6760 2028 0.000440
2000 6760 2028 0.000440
2000 6760 2028 0.000439
2000 6760 2028 0.000433
2000 6760 2028 0.000435
2000 6760 2028 0.000437
2000 6760 2028 0.000436
2000 6760 2028 0.000437
2000 6760 2028 0.000439
2000 6760 2028 0.000439
2000 6760 2028 0.000437
2000 6760 2028 0.000436
2000 6760 2028 0.000440
2000 6760 2028 0.000434
2000 6760 2028 0.000437
2000 6760 2028 0.000432
2000 6760 2028 0.000433
2000 6760 2028 0.000434
2000 6760 2028 0.000432
2000 6760 2028 0.000436
2000 6760 2028 0.000436
2000 6760 2028 0.000436
2000 6760 2028 0.000437
2000 6760 2028 0.000436
2000 6760 2028 0.000432
2000 6760 2028 0.000435
2000 6760 2028 0.000437
2000 6760 2028 0.000434
2000 6760 2028 0.000437
2000 6760 2028 0.000434
2000 6760 2028 0.000435
2000 6760 2028 0.000434
2000 6760 2028 0.000436
2000 6760 2028 0.000437
2000 6760 2028 0.000434
2000 6760 2028 0.000437
2000 6760 2028 0.000436
2000 6760 2028 0.000438
2000 6760 2028 0.000436
2000 6760 2028 0.000437
5000 19200 5760 0.001836
5000 19200 5760 0.001442
5000 19200 5760 0.001435
5000 19200 5760 0.001438
5000 19200 5760 0.001428
5000 19200 5760 0.001433
5000 19200 5760 0.001427
5000 19200 5760 0.001414
5000 19200 5760 0.001412
5000 19200 5760 0.001418
5000 19200 5760 0.001425
5000 19200 5760 0.001422
5000 19200 5760 0.001422
5000 19200 5760 0.001418
5000 19200 5760 0.001415
5000 19200 5760 0.001412
5000 19200 5760 0.001398
5000 19200 5760 0.001396
5000 19200 5760 0.001381
5000 19200 5760 0.001386
5000 19200 5760 0.001378
5000 19200 5760 0.001369
5000 19200 5760 0.001363
5000 19200 5760 0.001372
5000 19200 5760 0.001367
5000 19200 5760 0.001359
5000 19200 5760 0.001365
5000 19200 5760 0.001369
5000 19200 5760 0.001360
5000 19200 5760 0.001360
5000 19200 5760 0.001371
5000 19200 5760 0.001364
5000 19200 5760 0.001369
5000 19200 5760 0.001368
5000 19200 5760 0.001366
5000 19200 5760 0.001376
5000 19200 5760 0.001368
5000 19200 5760 0.001369
5000 19200 5760 0.001365
5000 19200 5760 0.001371
5000 19200 5760 0.001377
5000 19200 5760 0.001375
5000 19200 5760 0.001374
5000 19200 5760 0.001369
5000 19200 5760 0.001380
5000 19200 5760 0.001376
5000 19200 5760 0.001374
5000 19200 5760 0.001375
5000 19200 5760 0.001366
5000 19200 5760 0.001371
5000 19200 5760 0.001367
5000 19200 5760 0.001372
5000 19200 5760 0.001366
5000 19200 5760 0.001373
5000 19200 5760 0.001368
5000 19200 5760 0.001366
5000 19200 5760 0.001370
5000 19200 5760 0.001370
5000 19200 5760 0.001377
5000 19200 5760 0.001375
5000 19200 5760 0.001382
5000 19200 5760 0.001373
5000 19200 5760 0.001375
5000 19200 5760 0.001381
5000 19200 5760 0.001370
5000 19200 5760 0.001377
5000 19200 5760 0.001371
5000 19200 5760 0.001372
5000 19200 5760 0.001370
5000 19200 5760 0.001377
5000 19200 5760 0.001372
5000 19200 5760 0.001375
5000 19200 5760 0.001378
5000 19200 5760 0.001375
5000 19200 5760 0.001379
5000 19200 5760 0.001378
5000 19200 5760 0.001374
5000 19200 5760 0.001373
5000 19200 5760 0.001378
5000 19200 5760 0.001377
5000 19200 5760 0.001371
5000 19200 5760 0.001370
5000 19200 5760 0.001380
5000 19200 5760 0.001372
5000 19200 5760 0.001375
5000 19200 5760 0.001372
5000 19200 5760 0.001380
5000 19200 5760 0.001377
5000 19200 5760 0.001365
5000 19200 5760 0.001378
5000 19200 5760 0.001367
5000 19200 5760 0.001367
5000 19200 5760 0.001395
5000 19200 5760 0.001366
5000 19200 5760 0.001368
5000 19200 5760 0.001371
5000 19200 5760 0.001374
5000 19200 5760 0.001370
5000 19200 5760 0.001368
5000 19200 5760 0.001361
5000 19200 5760 0.001364
9000 37211 11163 0.003590
9000 37211 11163 0.002866
9000 37211 11163 0.002854
9000 37211 11163 0.002841
9000 37211 11163 0.002843
9000 37211 11163 0.002868
9000 37211 11163 0.002889
9000 37211 11163 0.002847
9000 37211 11163 0.002873
9000 37211 11163 0.002844
9000 37211 11163 0.002847
9000 37211 11163 0.002839
9000 37211 11163 0.002840
9000 37211 11163 0.002842
9000 37211 11163 0.002842
9000 37211 11163 0.002837
9000 37211 11163 0.002806
9000 37211 11163 0.002784
9000 37211 11163 0.002786
9000 37211 11163 0.002791
9000 37211 11163 0.002743
9000 37211 11163 0.002689
9000 37211 11163 0.002691
9000 37211 11163 0.002679
9000 37211 11163 0.002670
9000 37211 11163 0.002670
9000 37211 11163 0.002684
9000 37211 11163 0.002681
9000 37211 11163 0.002679
9000 37211 11163 0.002687
9000 37211 11163 0.002688
9000 37211 11163 0.002694
9000 37211 11163 0.002697
9000 37211 11163 0.002691
9000 37211 11163 0.002685
9000 37211 11163 0.002701
9000 37211 11163 0.002694
9000 37211 11163 0.002692
9000 37211 11163 0.002695
9000 37211 11163 0.002706
9000 37211 11163 0.002707
9000 37211 11163 0.002702
9000 37211 11163 0.002703
9000 37211 11163 0.002717
9000 37211 11163 0.002695
9000 37211 11163 0.002699
9000 37211 11163 0.002704
9000 37211 11163 0.002703
9000 37211 11163 0.002706
9000 37211 11163 0.002709
9000 37211 11163 0.002707
9000 37211 11163 0.002697
9000 37211 11163 0.002704
9000 37211 11163 0.002695
9000 37211 11163 0.002817
9000 37211 11163 0.002694
9000 37211 11163 0.002707
9000 37211 11163 0.002701
9000 37211 11163 0.002705
9000 37211 11163 0.002714
9000 37211 11163 0.002704
9000 37211 11163 0.002713
9000 37211 11163 0.002698
9000 37211 11163 0.002707
9000 37211 11163 0.002712
9000 37211 11163 0.002700
9000 37211 11163 0.002698
9000 37211 11163 0.002698
9000 37211 11163 0.002714
9000 37211 11163 0.002698
9000 37211 11163 0.002714
9000 37211 11163 0.002743
9000 37211 11163 0.002690
9000 37211 11163 0.002700
9000 37211 11163 0.002702
9000 37211 11163 0.002712
9000 37211 11163 0.002705
9000 37211 11163 0.002705
9000 37211 11163 0.002703
9000 37211 11163 0.002695
9000 37211 11163 0.002700
9000 37211 11163 0.002698
9000 37211 11163 0.002701
9000 37211 11163 0.002691
9000 37211 11163 0.002712
9000 37211 11163 0.002699
9000 37211 11163 0.002698
9000 37211 11163 0.002712
9000 37211 11163 0.002713
9000 37211 11163 0.002697
9000 37211 11163 0.002704
9000 37211 11163 0.002722
9000 37211 11163 0.002710
9000 37211 11163 0.002709
9000 37211 11163 0.002711
9000 37211 11163 0.002705
9000 37211 11163 0.002720
9000 37211 11163 0.002714
9000 37211 11163 0.002720
9000 37211 11163 0.002705
9000 37211 11163 0.002726
