10 10000 5000 0.000730
10 10000 5000 0.000509
10 10000 5000 0.000497
10 10000 5000 0.000497
10 10000 5000 0.000493
10 10000 5000 0.000495
10 10000 5000 0.000490
10 10000 5000 0.000489
10 10000 5000 0.000495
10 10000 5000 0.000494
10 10000 5000 0.000493
10 10000 5000 0.000489
10 10000 5000 0.000489
10 10000 5000 0.000492
10 10000 5000 0.000489
10 10000 5000 0.000490
10 10000 5000 0.000488
10 10000 5000 0.000490
10 10000 5000 0.000486
10 10000 5000 0.000486
10 10000 5000 0.000484
50 10000 5000 0.000759
50 10000 5000 0.000530
50 10000 5000 0.000513
50 10000 5000 0.000513
50 10000 5000 0.000511
50 10000 5000 0.000510
50 10000 5000 0.000508
50 10000 5000 0.000507
50 10000 5000 0.000509
50 10000 5000 0.000505
50 10000 5000 0.000506
50 10000 5000 0.000509
50 10000 5000 0.000507
50 10000 5000 0.000510
50 10000 5000 0.000509
50 10000 5000 0.000504
50 10000 5000 0.000518
50 10000 5000 0.000507
50 10000 5000 0.000503
50 10000 5000 0.000503
50 10000 5000 0.000506
50 10000 5000 0.000504
50 10000 5000 0.000507
50 10000 5000 0.000505
50 10000 5000 0.000512
50 10000 5000 0.000507
50 10000 5000 0.000503
50 10000 5000 0.000503
50 10000 5000 0.000504
50 10000 5000 0.000500
50 10000 5000 0.000515
100 10000 5000 0.000761
100 10000 5000 0.000532
100 10000 5000 0.000517
100 10000 5000 0.000519
100 10000 5000 0.000514
100 10000 5000 0.000513
100 10000 5000 0.000513
100 10000 5000 0.000513
100 10000 5000 0.000512
100 10000 5000 0.000511
100 10000 5000 0.000510
100 10000 5000 0.000508
100 10000 5000 0.000512
100 10000 5000 0.000509
100 10000 5000 0.000511
100 10000 5000 0.000508
100 10000 5000 0.000511
100 10000 5000 0.000509
100 10000 5000 0.000513
100 10000 5000 0.000512
100 10000 5000 0.000508
100 10000 5000 0.000509
100 10000 5000 0.000512
100 10000 5000 0.000511
100 10000 5000 0.000510
100 10000 5000 0.000509
100 10000 5000 0.000511
100 10000 5000 0.000507
100 10000 5000 0.000510
100 10000 5000 0.000511
100 10000 5000 0.000510
100 10000 5000 0.000512
100 10000 5000 0.000506
100 10000 5000 0.000507
100 10000 5000 0.000505
100 10000 5000 0.000508
100 10000 5000 0.000507
100 10000 5000 0.000503
100 10000 5000 0.000507
100 10000 5000 0.000504
100 10000 5000 0.000506
100 10000 5000 0.000507
100 10000 5000 0.000504
100 10000 5000 0.000508
100 10000 5000 0.000503
100 10000 5000 0.000509
100 10000 5000 0.000505
100 10000 5000 0.000505
100 10000 5000 0.000503
100 10000 5000 0.000506
100 10000 5000 0.000505
100 10000 5000 0.000506
100 10000 5000 0.000500
100 10000 5000 0.000502
100 10000 5000 0.000505
100 10000 5000 0.000501
100 10000 5000 0.000502
100 10000 5000 0.000503
100 10000 5000 0.000501
100 10000 5000 0.000501
100 10000 5000 0.000501
100 10000 5000 0.000497
100 10000 5000 0.000499
100 10000 5000 0.000501
100 10000 5000 0.000500
100 10000 5000 0.000503
100 10000 5000 0.000501
100 10000 5000 0.000503
100 10000 5000 0.000502
100 10000 5000 0.000501
100 10000 5000 0.000502
100 10000 5000 0.000499
100 10000 5000 0.000498
100 10000 5000 0.000493
100 10000 5000 0.000496
100 10000 5000 0.000493
100 10000 5000 0.000492
100 10000 5000 0.000493
100 10000 5000 0.000492
100 10000 5000 0.000495
100 10000 5000 0.000496
100 10000 5000 0.000495
