100 185 55 0.002168
100 185 55 0.000500
100 185 55 0.000499
100 185 55 0.000511
100 185 55 0.000494
100 185 55 0.000505
100 185 55 0.000508
100 185 55 0.000510
100 185 55 0.000513
100 185 55 0.000511
100 185 55 0.000473
100 185 55 0.000486
100 185 55 0.000493
100 185 55 0.000515
100 185 55 0.000508
100 185 55 0.000496
100 185 55 0.000512
100 185 55 0.000501
100 185 55 0.000517
100 185 55 0.000509
100 185 55 0.000491
100 185 55 0.000497
100 185 55 0.000529
100 185 55 0.000501
100 185 55 0.000476
100 185 55 0.000513
100 185 55 0.000466
100 185 55 0.000488
100 185 55 0.000475
100 185 55 0.000481
100 185 55 0.000465
100 185 55 0.000468
100 185 55 0.000474
100 185 55 0.000480
100 185 55 0.000482
100 185 55 0.000482
100 185 55 0.000515
100 185 55 0.000481
100 185 55 0.000488
100 185 55 0.000475
100 185 55 0.000502
100 185 55 0.000495
100 185 55 0.000501
100 185 55 0.000511
100 185 55 0.000502
100 185 55 0.000494
100 185 55 0.000494
100 185 55 0.000473
100 185 55 0.000491
100 185 55 0.000483
100 185 55 0.000471
100 185 55 0.000478
100 185 55 0.000504
100 185 55 0.000477
100 185 55 0.000470
100 185 55 0.000498
100 185 55 0.000504
100 185 55 0.000490
100 185 55 0.000489
100 185 55 0.000490
100 185 55 0.000475
100 185 55 0.000510
100 185 55 0.000498
100 185 55 0.000480
100 185 55 0.000477
100 185 55 0.000498
100 185 55 0.000484
100 185 55 0.000479
100 185 55 0.000474
100 185 55 0.000467
100 185 55 0.000474
100 185 55 0.000483
100 185 55 0.000479
100 185 55 0.000459
100 185 55 0.000486
100 185 55 0.000481
100 185 55 0.000463
100 185 55 0.000463
100 185 55 0.000489
100 185 55 0.000469
100 185 55 0.000467
100 185 55 0.000466
100 185 55 0.000463
100 185 55 0.000470
100 185 55 0.000463
100 185 55 0.000464
100 185 55 0.000479
100 185 55 0.000455
100 185 55 0.000448
100 185 55 0.000456
100 185 55 0.000461
100 185 55 0.000469
100 185 55 0.000481
100 185 55 0.000512
100 185 55 0.000476
100 185 55 0.000457
100 185 55 0.000469
100 185 55 0.000467
100 185 55 0.000456
100 185 55 0.000467
200 442 132 0.002783
200 442 132 0.002230
200 442 132 0.002225
200 442 132 0.002300
200 442 132 0.002242
200 442 132 0.002217
200 442 132 0.002370
200 442 132 0.002454
200 442 132 0.002342
200 442 132 0.002252
200 442 132 0.002182
200 442 132 0.002419
200 442 132 0.002264
200 442 132 0.002193
200 442 132 0.002137
200 442 132 0.002181
200 442 132 0.002137
200 442 132 0.002184
200 442 132 0.002180
200 442 132 0.002133
200 442 132 0.002235
200 442 132 0.002213
200 442 132 0.002149
200 442 132 0.002144
200 442 132 0.002143
200 442 132 0.002252
200 442 132 0.002168
200 442 132 0.002175
200 442 132 0.002139
200 442 132 0.002138
200 442 132 0.002194
200 442 132 0.002214
200 442 132 0.002191
200 442 132 0.002192
200 442 132 0.002200
200 442 132 0.002119
200 442 132 0.002155
200 442 132 0.002249
200 442 132 0.002162
200 442 132 0.002173
200 442 132 0.002138
200 442 132 0.002150
200 442 132 0.002157
200 442 132 0.002162
200 442 132 0.002208
200 442 132 0.002116
200 442 132 0.002104
200 442 132 0.002116
200 442 132 0.002173
200 442 132 0.002152
200 442 132 0.002225
200 442 132 0.002119
200 442 132 0.002078
200 442 132 0.002091
200 442 132 0.002072
200 442 132 0.002089
200 442 132 0.002192
200 442 132 0.002096
200 442 132 0.002208
200 442 132 0.002120
200 442 132 0.002114
200 442 132 0.002133
200 442 132 0.002178
200 442 132 0.002203
200 442 132 0.002152
200 442 132 0.002135
200 442 132 0.002211
200 442 132 0.002126
200 442 132 0.002134
200 442 132 0.002140
200 442 132 0.002122
200 442 132 0.002128
200 442 132 0.002098
200 442 132 0.002094
200 442 132 0.002146
200 442 132 0.002135
200 442 132 0.002117
200 442 132 0.002098
200 442 132 0.002217
200 442 132 0.002272
200 442 132 0.002098
200 442 132 0.002130
200 442 132 0.002166
200 442 132 0.002103
200 442 132 0.002071
200 442 132 0.002146
200 442 132 0.002120
200 442 132 0.002117
200 442 132 0.002112
200 442 132 0.002127
200 442 132 0.002174
200 442 132 0.002124
200 442 132 0.002130
200 442 132 0.002142
200 442 132 0.002090
200 442 132 0.002088
200 442 132 0.002118
200 442 132 0.002226
200 442 132 0.002136
200 442 132 0.002146
300 726 217 0.005989
300 726 217 0.005490
300 726 217 0.005432
300 726 217 0.005502
300 726 217 0.005546
300 726 217 0.005468
300 726 217 0.005417
300 726 217 0.005445
300 726 217 0.005330
300 726 217 0.005350
300 726 217 0.005286
300 726 217 0.005245
300 726 217 0.005200
300 726 217 0.005191
300 726 217 0.005284
300 726 217 0.005294
300 726 217 0.005472
300 726 217 0.005270
300 726 217 0.005422
300 726 217 0.005613
300 726 217 0.005623
300 726 217 0.005525
300 726 217 0.005880
300 726 217 0.005466
300 726 217 0.005370
300 726 217 0.005604
300 726 217 0.005643
300 726 217 0.005507
300 726 217 0.005531
300 726 217 0.005601
300 726 217 0.005498
300 726 217 0.005527
300 726 217 0.005430
300 726 217 0.005439
300 726 217 0.005353
300 726 217 0.005311
300 726 217 0.005454
300 726 217 0.005483
300 726 217 0.005316
300 726 217 0.005383
300 726 217 0.005535
300 726 217 0.005523
300 726 217 0.005371
300 726 217 0.005378
300 726 217 0.005352
300 726 217 0.005436
300 726 217 0.005551
300 726 217 0.005436
300 726 217 0.005609
300 726 217 0.005436
300 726 217 0.005695
300 726 217 0.005679
300 726 217 0.005615
300 726 217 0.005375
300 726 217 0.005616
300 726 217 0.005632
300 726 217 0.005543
300 726 217 0.005426
300 726 217 0.005305
300 726 217 0.005343
300 726 217 0.005490
300 726 217 0.005424
300 726 217 0.005288
300 726 217 0.005372
300 726 217 0.005257
300 726 217 0.005356
300 726 217 0.005528
300 726 217 0.005699
300 726 217 0.005477
300 726 217 0.005701
300 726 217 0.005364
300 726 217 0.005337
300 726 217 0.005181
300 726 217 0.005234
300 726 217 0.005152
300 726 217 0.005308
300 726 217 0.005314
300 726 217 0.005437
300 726 217 0.005460
300 726 217 0.007481
300 726 217 0.005275
300 726 217 0.005289
300 726 217 0.005173
300 726 217 0.005194
300 726 217 0.005390
300 726 217 0.005588
300 726 217 0.005286
300 726 217 0.005400
300 726 217 0.005296
300 726 217 0.007439
300 726 217 0.005335
300 726 217 0.005361
300 726 217 0.005422
300 726 217 0.005310
300 726 217 0.005576
300 726 217 0.005292
300 726 217 0.005646
300 726 217 0.005543
300 726 217 0.005386
300 726 217 0.005396
400 1026 307 0.010962
400 1026 307 0.010438
400 1026 307 0.010930
400 1026 307 0.010123
400 1026 307 0.010366
400 1026 307 0.010186
400 1026 307 0.011015
400 1026 307 0.010281
400 1026 307 0.012238
400 1026 307 0.010059
400 1026 307 0.010116
400 1026 307 0.009982
400 1026 307 0.010249
400 1026 307 0.010037
400 1026 307 0.010731
400 1026 307 0.010436
400 1026 307 0.012556
400 1026 307 0.012803
400 1026 307 0.010531
400 1026 307 0.010383
400 1026 307 0.010451
400 1026 307 0.012238
400 1026 307 0.010419
400 1026 307 0.010684
400 1026 307 0.010371
400 1026 307 0.010441
400 1026 307 0.010122
400 1026 307 0.010557
400 1026 307 0.012407
400 1026 307 0.010421
400 1026 307 0.010337
400 1026 307 0.009951
400 1026 307 0.012099
400 1026 307 0.010267
400 1026 307 0.010422
400 1026 307 0.010010
400 1026 307 0.009795
400 1026 307 0.010067
400 1026 307 0.010641
400 1026 307 0.010723
400 1026 307 0.010033
400 1026 307 0.010102
400 1026 307 0.010043
400 1026 307 0.010596
400 1026 307 0.009995
400 1026 307 0.010029
400 1026 307 0.009870
400 1026 307 0.009939
400 1026 307 0.010122
400 1026 307 0.010027
400 1026 307 0.010357
400 1026 307 0.010823
400 1026 307 0.010478
400 1026 307 0.010592
400 1026 307 0.009859
400 1026 307 0.010250
400 1026 307 0.011969
400 1026 307 0.010107
400 1026 307 0.009968
400 1026 307 0.010215
400 1026 307 0.012507
400 1026 307 0.010745
400 1026 307 0.010945
400 1026 307 0.010600
400 1026 307 0.010285
400 1026 307 0.010480
400 1026 307 0.010740
400 1026 307 0.010219
400 1026 307 0.010801
400 1026 307 0.012376
400 1026 307 0.010441
400 1026 307 0.010053
400 1026 307 0.012317
400 1026 307 0.010493
400 1026 307 0.010210
400 1026 307 0.010063
400 1026 307 0.010059
400 1026 307 0.010445
400 1026 307 0.010069
400 1026 307 0.010149
400 1026 307 0.009985
400 1026 307 0.010224
400 1026 307 0.010300
400 1026 307 0.010682
400 1026 307 0.009845
400 1026 307 0.012081
400 1026 307 0.011120
400 1026 307 0.010764
400 1026 307 0.010408
400 1026 307 0.010323
400 1026 307 0.010252
400 1026 307 0.010210
400 1026 307 0.010326
400 1026 307 0.010145
400 1026 307 0.010274
400 1026 307 0.010617
400 1026 307 0.009946
400 1026 307 0.009836
400 1026 307 0.010423
400 1026 307 0.010327
500 1340 402 0.017029
500 1340 402 0.017399
500 1340 402 0.016640
500 1340 402 0.017566
500 1340 402 0.019288
500 1340 402 0.016894
500 1340 402 0.018415
500 1340 402 0.016856
500 1340 402 0.017117
500 1340 402 0.016371
500 1340 402 0.017636
500 1340 402 0.016766
500 1340 402 0.016277
500 1340 402 0.016414
500 1340 402 0.016604
500 1340 402 0.016510
500 1340 402 0.016265
500 1340 402 0.016034
500 1340 402 0.018269
500 1340 402 0.018688
500 1340 402 0.016402
500 1340 402 0.017277
500 1340 402 0.018298
500 1340 402 0.016862
500 1340 402 0.018787
500 1340 402 0.017141
500 1340 402 0.019056
500 1340 402 0.019016
500 1340 402 0.017333
500 1340 402 0.019176
500 1340 402 0.018259
500 1340 402 0.018536
500 1340 402 0.017288
500 1340 402 0.016805
500 1340 402 0.017968
500 1340 402 0.016304
500 1340 402 0.018796
500 1340 402 0.017763
500 1340 402 0.017183
500 1340 402 0.016701
500 1340 402 0.017285
500 1340 402 0.016255
500 1340 402 0.016209
500 1340 402 0.016549
500 1340 402 0.018227
500 1340 402 0.017226
500 1340 402 0.017122
500 1340 402 0.017563
500 1340 402 0.016856
500 1340 402 0.016968
500 1340 402 0.018834
500 1340 402 0.018871
500 1340 402 0.016457
500 1340 402 0.017019
500 1340 402 0.019198
500 1340 402 0.017613
500 1340 402 0.017175
500 1340 402 0.016500
500 1340 402 0.016865
500 1340 402 0.017420
500 1340 402 0.016976
500 1340 402 0.016899
500 1340 402 0.019532
500 1340 402 0.016376
500 1340 402 0.018579
500 1340 402 0.018812
500 1340 402 0.016618
500 1340 402 0.019256
500 1340 402 0.017100
500 1340 402 0.017182
500 1340 402 0.017040
500 1340 402 0.017286
500 1340 402 0.016726
500 1340 402 0.017415
500 1340 402 0.018517
500 1340 402 0.016917
500 1340 402 0.017214
500 1340 402 0.019267
500 1340 402 0.018170
500 1340 402 0.017041
500 1340 402 0.016944
500 1340 402 0.016315
500 1340 402 0.016434
500 1340 402 0.016287
500 1340 402 0.017256
500 1340 402 0.016855
500 1340 402 0.016573
500 1340 402 0.018542
500 1340 402 0.016351
500 1340 402 0.018191
500 1340 402 0.017460
500 1340 402 0.016238
500 1340 402 0.019138
500 1340 402 0.016693
500 1340 402 0.016947
500 1340 402 0.017970
500 1340 402 0.016251
500 1340 402 0.016120
500 1340 402 0.016399
500 1340 402 0.016860
600 1663 498 0.027219
600 1663 498 0.027791
600 1663 498 0.028467
600 1663 498 0.027148
600 1663 498 0.025237
600 1663 498 0.025010
600 1663 498 0.027765
600 1663 498 0.028209
600 1663 498 0.026811
600 1663 498 0.027712
600 1663 498 0.027723
600 1663 498 0.028687
600 1663 498 0.029260
600 1663 498 0.027058
600 1663 498 0.025242
600 1663 498 0.025503
600 1663 498 0.025483
600 1663 498 0.027428
600 1663 498 0.029107
600 1663 498 0.027294
600 1663 498 0.028173
600 1663 498 0.027344
600 1663 498 0.029797
600 1663 498 0.025367
600 1663 498 0.028397
600 1663 498 0.027423
600 1663 498 0.027254
600 1663 498 0.027367
600 1663 498 0.025921
600 1663 498 0.027758
600 1663 498 0.026516
600 1663 498 0.025225
600 1663 498 0.025699
600 1663 498 0.028078
600 1663 498 0.025094
600 1663 498 0.025166
600 1663 498 0.027727
600 1663 498 0.025433
600 1663 498 0.027822
600 1663 498 0.029069
600 1663 498 0.026854
600 1663 498 0.028065
600 1663 498 0.029100
600 1663 498 0.026625
600 1663 498 0.025057
600 1663 498 0.024755
600 1663 498 0.026468
600 1663 498 0.027998
600 1663 498 0.024889
600 1663 498 0.026392
600 1663 498 0.026281
600 1663 498 0.026691
600 1663 498 0.026578
600 1663 498 0.025450
600 1663 498 0.027029
600 1663 498 0.026827
600 1663 498 0.025777
600 1663 498 0.026282
600 1663 498 0.027622
600 1663 498 0.025504
600 1663 498 0.028215
600 1663 498 0.028012
600 1663 498 0.024877
600 1663 498 0.025240
600 1663 498 0.027241
600 1663 498 0.025442
600 1663 498 0.026760
600 1663 498 0.025919
600 1663 498 0.027454
600 1663 498 0.027473
600 1663 498 0.025171
600 1663 498 0.028585
600 1663 498 0.027663
600 1663 498 0.027343
600 1663 498 0.028529
600 1663 498 0.027964
600 1663 498 0.026595
600 1663 498 0.026154
600 1663 498 0.025898
600 1663 498 0.026376
600 1663 498 0.029356
600 1663 498 0.028106
600 1663 498 0.025944
600 1663 498 0.027662
600 1663 498 0.025824
600 1663 498 0.026968
600 1663 498 0.026886
600 1663 498 0.025637
600 1663 498 0.026657
600 1663 498 0.028942
600 1663 498 0.025683
600 1663 498 0.027506
600 1663 498 0.027272
600 1663 498 0.026793
600 1663 498 0.026564
600 1663 498 0.026172
600 1663 498 0.027077
600 1663 498 0.029289
600 1663 498 0.029480
600 1663 498 0.028490
700 1995 598 0.036961
700 1995 598 0.034962
700 1995 598 0.035961
700 1995 598 0.036791
700 1995 598 0.037465
700 1995 598 0.036544
700 1995 598 0.037845
700 1995 598 0.034737
700 1995 598 0.035908
700 1995 598 0.035426
700 1995 598 0.037225
700 1995 598 0.035042
700 1995 598 0.037945
700 1995 598 0.037422
700 1995 598 0.037550
700 1995 598 0.037356
700 1995 598 0.040173
700 1995 598 0.036880
700 1995 598 0.035369
700 1995 598 0.039357
700 1995 598 0.035885
700 1995 598 0.036767
700 1995 598 0.037250
700 1995 598 0.036764
700 1995 598 0.036587
700 1995 598 0.034970
700 1995 598 0.034634
700 1995 598 0.040025
700 1995 598 0.037533
700 1995 598 0.037251
700 1995 598 0.036638
700 1995 598 0.036578
700 1995 598 0.037293
700 1995 598 0.037100
700 1995 598 0.036283
700 1995 598 0.036182
700 1995 598 0.035128
700 1995 598 0.034952
700 1995 598 0.037310
700 1995 598 0.034330
700 1995 598 0.037590
700 1995 598 0.037900
700 1995 598 0.035736
700 1995 598 0.035472
700 1995 598 0.038197
700 1995 598 0.035321
700 1995 598 0.035208
700 1995 598 0.036720
700 1995 598 0.035993
700 1995 598 0.037369
700 1995 598 0.038289
700 1995 598 0.037038
700 1995 598 0.035628
700 1995 598 0.037725
700 1995 598 0.035269
700 1995 598 0.037550
700 1995 598 0.038065
700 1995 598 0.037927
700 1995 598 0.037053
700 1995 598 0.035369
700 1995 598 0.035921
700 1995 598 0.039119
700 1995 598 0.034805
700 1995 598 0.036338
700 1995 598 0.036336
700 1995 598 0.037735
700 1995 598 0.037193
700 1995 598 0.037006
700 1995 598 0.034833
700 1995 598 0.037610
700 1995 598 0.035245
700 1995 598 0.037688
700 1995 598 0.038104
700 1995 598 0.035489
700 1995 598 0.035910
700 1995 598 0.034833
700 1995 598 0.036563
700 1995 598 0.038630
700 1995 598 0.034548
700 1995 598 0.035170
700 1995 598 0.034933
700 1995 598 0.036138
700 1995 598 0.036251
700 1995 598 0.035980
700 1995 598 0.034602
700 1995 598 0.038027
700 1995 598 0.035458
700 1995 598 0.035737
700 1995 598 0.036066
700 1995 598 0.038194
700 1995 598 0.034502
700 1995 598 0.037294
700 1995 598 0.036954
700 1995 598 0.035720
700 1995 598 0.035044
700 1995 598 0.038951
700 1995 598 0.036640
700 1995 598 0.035474
700 1995 598 0.039581
700 1995 598 0.035351
800 2334 700 0.047946
800 2334 700 0.049711
800 2334 700 0.048599
800 2334 700 0.051250
800 2334 700 0.049416
800 2334 700 0.050538
800 2334 700 0.050049
800 2334 700 0.053947
800 2334 700 0.052179
800 2334 700 0.052574
800 2334 700 0.048788
800 2334 700 0.052079
800 2334 700 0.049352
800 2334 700 0.049540
800 2334 700 0.048985
800 2334 700 0.051366
800 2334 700 0.049006
800 2334 700 0.054736
800 2334 700 0.047562
800 2334 700 0.047090
800 2334 700 0.046175
800 2334 700 0.048102
800 2334 700 0.052133
800 2334 700 0.050679
800 2334 700 0.051020
800 2334 700 0.049472
800 2334 700 0.049288
800 2334 700 0.048622
800 2334 700 0.050015
800 2334 700 0.047002
800 2334 700 0.047945
800 2334 700 0.047256
800 2334 700 0.050764
800 2334 700 0.055830
800 2334 700 0.048781
800 2334 700 0.050408
800 2334 700 0.055084
800 2334 700 0.051611
800 2334 700 0.048565
800 2334 700 0.056008
800 2334 700 0.049707
800 2334 700 0.047820
800 2334 700 0.053377
800 2334 700 0.047341
800 2334 700 0.049169
800 2334 700 0.053142
800 2334 700 0.050095
800 2334 700 0.057574
800 2334 700 0.049221
800 2334 700 0.053877
800 2334 700 0.052543
800 2334 700 0.048942
800 2334 700 0.054221
800 2334 700 0.054110
800 2334 700 0.050104
800 2334 700 0.054113
800 2334 700 0.048183
800 2334 700 0.050265
800 2334 700 0.050828
800 2334 700 0.048142
800 2334 700 0.049201
800 2334 700 0.047525
800 2334 700 0.053748
800 2334 700 0.051901
800 2334 700 0.052296
800 2334 700 0.049387
800 2334 700 0.049691
800 2334 700 0.047915
800 2334 700 0.050378
800 2334 700 0.049380
800 2334 700 0.053925
800 2334 700 0.048872
800 2334 700 0.047278
800 2334 700 0.050733
800 2334 700 0.047813
800 2334 700 0.049098
800 2334 700 0.050603
800 2334 700 0.053960
800 2334 700 0.050741
800 2334 700 0.046863
800 2334 700 0.049316
800 2334 700 0.048576
800 2334 700 0.050421
800 2334 700 0.047021
800 2334 700 0.051781
800 2334 700 0.052850
800 2334 700 0.046610
800 2334 700 0.053967
800 2334 700 0.049034
800 2334 700 0.054269
800 2334 700 0.051440
800 2334 700 0.054346
800 2334 700 0.051990
800 2334 700 0.053601
800 2334 700 0.047776
800 2334 700 0.049553
800 2334 700 0.049415
800 2334 700 0.050435
800 2334 700 0.048246
800 2334 700 0.051292
900 2680 804 0.070243
900 2680 804 0.060869
900 2680 804 0.065943
900 2680 804 0.070478
900 2680 804 0.067970
900 2680 804 0.074732
900 2680 804 0.065315
900 2680 804 0.061688
900 2680 804 0.067413
900 2680 804 0.072326
900 2680 804 0.072972
900 2680 804 0.069751
900 2680 804 0.065970
900 2680 804 0.063974
900 2680 804 0.062305
900 2680 804 0.061135
900 2680 804 0.061381
900 2680 804 0.064373
900 2680 804 0.066287
900 2680 804 0.063052
900 2680 804 0.069134
900 2680 804 0.066904
900 2680 804 0.066129
900 2680 804 0.067234
900 2680 804 0.064173
900 2680 804 0.070347
900 2680 804 0.071524
900 2680 804 0.067824
900 2680 804 0.070809
900 2680 804 0.064854
900 2680 804 0.071723
900 2680 804 0.068135
900 2680 804 0.060033
900 2680 804 0.063719
900 2680 804 0.070009
900 2680 804 0.068542
900 2680 804 0.060976
900 2680 804 0.067676
900 2680 804 0.069099
900 2680 804 0.074866
900 2680 804 0.065433
900 2680 804 0.060687
900 2680 804 0.064833
900 2680 804 0.065811
900 2680 804 0.063018
900 2680 804 0.068241
900 2680 804 0.064427
900 2680 804 0.067981
900 2680 804 0.068611
900 2680 804 0.062146
900 2680 804 0.063358
900 2680 804 0.068885
900 2680 804 0.064901
900 2680 804 0.067861
900 2680 804 0.066948
900 2680 804 0.070286
900 2680 804 0.066142
900 2680 804 0.063576
900 2680 804 0.062593
900 2680 804 0.062231
900 2680 804 0.064899
900 2680 804 0.070561
900 2680 804 0.069181
900 2680 804 0.071338
900 2680 804 0.069284
900 2680 804 0.064376
900 2680 804 0.066829
900 2680 804 0.063596
900 2680 804 0.062780
900 2680 804 0.068658
900 2680 804 0.060670
900 2680 804 0.065043
900 2680 804 0.066953
900 2680 804 0.068390
900 2680 804 0.070118
900 2680 804 0.071970
900 2680 804 0.063186
900 2680 804 0.066599
900 2680 804 0.067332
900 2680 804 0.069884
900 2680 804 0.067727
900 2680 804 0.067955
900 2680 804 0.067884
900 2680 804 0.072903
900 2680 804 0.064904
900 2680 804 0.066865
900 2680 804 0.066433
900 2680 804 0.068393
900 2680 804 0.062977
900 2680 804 0.061638
900 2680 804 0.060363
900 2680 804 0.063037
900 2680 804 0.064537
900 2680 804 0.061352
900 2680 804 0.069642
900 2680 804 0.063667
900 2680 804 0.064329
900 2680 804 0.068120
900 2680 804 0.064131
900 2680 804 0.071050
1000 3031 909 0.078945
1000 3031 909 0.081929
1000 3031 909 0.090972
1000 3031 909 0.079860
1000 3031 909 0.090219
1000 3031 909 0.092228
1000 3031 909 0.077777
1000 3031 909 0.090403
1000 3031 909 0.088401
1000 3031 909 0.087303
1000 3031 909 0.089210
1000 3031 909 0.088184
1000 3031 909 0.087630
1000 3031 909 0.094111
1000 3031 909 0.093184
1000 3031 909 0.083121
1000 3031 909 0.084013
1000 3031 909 0.090036
1000 3031 909 0.091877
1000 3031 909 0.086614
1000 3031 909 0.084827
1000 3031 909 0.085464
1000 3031 909 0.091933
1000 3031 909 0.087827
1000 3031 909 0.087437
1000 3031 909 0.087990
1000 3031 909 0.085749
1000 3031 909 0.080249
1000 3031 909 0.089540
1000 3031 909 0.092049
1000 3031 909 0.078228
1000 3031 909 0.084186
1000 3031 909 0.079649
1000 3031 909 0.081706
1000 3031 909 0.085020
1000 3031 909 0.082872
1000 3031 909 0.078061
1000 3031 909 0.078700
1000 3031 909 0.090274
1000 3031 909 0.092328
1000 3031 909 0.088984
1000 3031 909 0.090136
1000 3031 909 0.088045
1000 3031 909 0.093093
1000 3031 909 0.092483
1000 3031 909 0.092026
1000 3031 909 0.086396
1000 3031 909 0.092685
1000 3031 909 0.091293
1000 3031 909 0.082558
1000 3031 909 0.092251
1000 3031 909 0.090743
1000 3031 909 0.089468
1000 3031 909 0.092841
1000 3031 909 0.092330
1000 3031 909 0.084029
1000 3031 909 0.077227
1000 3031 909 0.079294
1000 3031 909 0.082876
1000 3031 909 0.092464
1000 3031 909 0.091407
1000 3031 909 0.089401
1000 3031 909 0.088450
1000 3031 909 0.094702
1000 3031 909 0.082104
1000 3031 909 0.087030
1000 3031 909 0.094788
1000 3031 909 0.088827
1000 3031 909 0.092786
1000 3031 909 0.091738
1000 3031 909 0.092027
1000 3031 909 0.092814
1000 3031 909 0.093602
1000 3031 909 0.093911
1000 3031 909 0.088867
1000 3031 909 0.087143
1000 3031 909 0.081309
1000 3031 909 0.088657
1000 3031 909 0.080229
1000 3031 909 0.084631
1000 3031 909 0.091938
1000 3031 909 0.087348
1000 3031 909 0.090631
1000 3031 909 0.091166
1000 3031 909 0.091348
1000 3031 909 0.087430
1000 3031 909 0.091036
1000 3031 909 0.092412
1000 3031 909 0.085002
1000 3031 909 0.089857
1000 3031 909 0.087787
1000 3031 909 0.079368
1000 3031 909 0.086283
1000 3031 909 0.086027
1000 3031 909 0.087810
1000 3031 909 0.087833
1000 3031 909 0.085475
1000 3031 909 0.083259
1000 3031 909 0.087869
1000 3031 909 0.086536
2000 6760 2028 0.408724
2000 6760 2028 0.434889
2000 6760 2028 0.436075
2000 6760 2028 0.441305
2000 6760 2028 0.428481
2000 6760 2028 0.434527
2000 6760 2028 0.427292
2000 6760 2028 0.427456
2000 6760 2028 0.428452
2000 6760 2028 0.428743
2000 6760 2028 0.428740
2000 6760 2028 0.429798
2000 6760 2028 0.425174
2000 6760 2028 0.395652
2000 6760 2028 0.426178
2000 6760 2028 0.428624
2000 6760 2028 0.429193
2000 6760 2028 0.438399
2000 6760 2028 0.437214
2000 6760 2028 0.439878
2000 6760 2028 0.436970
2000 6760 2028 0.441971
2000 6760 2028 0.430452
2000 6760 2028 0.437100
2000 6760 2028 0.425721
2000 6760 2028 0.432266
2000 6760 2028 0.440048
2000 6760 2028 0.440738
2000 6760 2028 0.439467
2000 6760 2028 0.438160
2000 6760 2028 0.434506
2000 6760 2028 0.437072
2000 6760 2028 0.437133
2000 6760 2028 0.437521
2000 6760 2028 0.436310
2000 6760 2028 0.434408
2000 6760 2028 0.442569
2000 6760 2028 0.440902
2000 6760 2028 0.440769
2000 6760 2028 0.437094
2000 6760 2028 0.431757
2000 6760 2028 0.437880
2000 6760 2028 0.430949
2000 6760 2028 0.439648
2000 6760 2028 0.440276
2000 6760 2028 0.433305
2000 6760 2028 0.424062
2000 6760 2028 0.432573
2000 6760 2028 0.431501
2000 6760 2028 0.431088
2000 6760 2028 0.420371
2000 6760 2028 0.436528
2000 6760 2028 0.431952
2000 6760 2028 0.437368
2000 6760 2028 0.439318
2000 6760 2028 0.437790
2000 6760 2028 0.433576
2000 6760 2028 0.430278
2000 6760 2028 0.424284
2000 6760 2028 0.430493
2000 6760 2028 0.431246
2000 6760 2028 0.422772
2000 6760 2028 0.423796
2000 6760 2028 0.442607
2000 6760 2028 0.434841
2000 6760 2028 0.436383
2000 6760 2028 0.423339
2000 6760 2028 0.435479
2000 6760 2028 0.435087
2000 6760 2028 0.433173
2000 6760 2028 0.436583
2000 6760 2028 0.431513
2000 6760 2028 0.421410
2000 6760 2028 0.433139
2000 6760 2028 0.433050
2000 6760 2028 0.428654
2000 6760 2028 0.432333
2000 6760 2028 0.435590
2000 6760 2028 0.431774
2000 6760 2028 0.431526
2000 6760 2028 0.432946
2000 6760 2028 0.435166
2000 6760 2028 0.440833
2000 6760 2028 0.431576
2000 6760 2028 0.430573
2000 6760 2028 0.432966
2000 6760 2028 0.434981
2000 6760 2028 0.431806
2000 6760 2028 0.432432
2000 6760 2028 0.431843
2000 6760 2028 0.426817
2000 6760 2028 0.433240
2000 6760 2028 0.414307
2000 6760 2028 0.434399
2000 6760 2028 0.425864
2000 6760 2028 0.438910
2000 6760 2028 0.422107
2000 6760 2028 0.427598
2000 6760 2028 0.437494
2000 6760 2028 0.431917
5000 19200 5760 3.287131
5000 19200 5760 3.246225
5000 19200 5760 3.196040
5000 19200 5760 3.178546
5000 19200 5760 3.174276
5000 19200 5760 3.219870
5000 19200 5760 3.237450
5000 19200 5760 3.231412
5000 19200 5760 3.200790
5000 19200 5760 3.235464
5000 19200 5760 3.230695
5000 19200 5760 3.220880
5000 19200 5760 3.209399
5000 19200 5760 3.217131
5000 19200 5760 3.224588
5000 19200 5760 3.229146
5000 19200 5760 3.196243
5000 19200 5760 3.217500
5000 19200 5760 3.215724
5000 19200 5760 3.208167
5000 19200 5760 3.228033
5000 19200 5760 3.190377
5000 19200 5760 3.204838
5000 19200 5760 3.162662
5000 19200 5760 3.210195
5000 19200 5760 3.226905
5000 19200 5760 3.208271
5000 19200 5760 3.167241
5000 19200 5760 3.218955
5000 19200 5760 3.228697
5000 19200 5760 3.189982
5000 19200 5760 3.220674
5000 19200 5760 3.144049
5000 19200 5760 3.228306
5000 19200 5760 3.214687
5000 19200 5760 3.184932
5000 19200 5760 3.208491
5000 19200 5760 3.205725
5000 19200 5760 3.161142
5000 19200 5760 3.198158
5000 19200 5760 3.188342
5000 19200 5760 3.181906
5000 19200 5760 3.205291
5000 19200 5760 3.217287
5000 19200 5760 3.217904
5000 19200 5760 3.201605
5000 19200 5760 3.212226
5000 19200 5760 3.195842
5000 19200 5760 3.177100
5000 19200 5760 3.204745
5000 19200 5760 3.218106
5000 19200 5760 3.205330
5000 19200 5760 3.240228
5000 19200 5760 3.192608
5000 19200 5760 3.213743
5000 19200 5760 3.230803
5000 19200 5760 3.224123
5000 19200 5760 3.201483
5000 19200 5760 3.206378
5000 19200 5760 3.206497
5000 19200 5760 3.211541
5000 19200 5760 3.216931
5000 19200 5760 3.230340
5000 19200 5760 3.225966
5000 19200 5760 3.220758
5000 19200 5760 3.212218
5000 19200 5760 3.215656
5000 19200 5760 3.197632
5000 19200 5760 3.218561
5000 19200 5760 3.203137
5000 19200 5760 3.196559
5000 19200 5760 3.199857
5000 19200 5760 3.186384
5000 19200 5760 3.209382
5000 19200 5760 3.199646
5000 19200 5760 3.198917
5000 19200 5760 3.180922
5000 19200 5760 3.170763
5000 19200 5760 3.217469
5000 19200 5760 3.214338
5000 19200 5760 3.191336
5000 19200 5760 3.187855
5000 19200 5760 3.234635
5000 19200 5760 3.217033
5000 19200 5760 3.222519
5000 19200 5760 3.205848
5000 19200 5760 3.204336
5000 19200 5760 3.232717
5000 19200 5760 3.206608
5000 19200 5760 3.228241
5000 19200 5760 3.175360
5000 19200 5760 3.228369
5000 19200 5760 3.187622
5000 19200 5760 3.178711
5000 19200 5760 3.217419
5000 19200 5760 3.226785
5000 19200 5760 3.225819
5000 19200 5760 3.187112
5000 19200 5760 3.222400
5000 19200 5760 3.203743
9000 37211 11163 8.789830
9000 37211 11163 8.828199
9000 37211 11163 11.138360
9000 37211 11163 11.294971
9000 37211 11163 11.297031
9000 37211 11163 11.288857
9000 37211 11163 11.240824
9000 37211 11163 11.252739
9000 37211 11163 11.247282
9000 37211 11163 11.247104
9000 37211 11163 11.270605
9000 37211 11163 11.235953
9000 37211 11163 11.253398
9000 37211 11163 11.268100
9000 37211 11163 11.261454
9000 37211 11163 11.233508
9000 37211 11163 11.217030
9000 37211 11163 11.280660
9000 37211 11163 11.221026
9000 37211 11163 11.146475
9000 37211 11163 11.177033
9000 37211 11163 11.156173
9000 37211 11163 11.190367
9000 37211 11163 11.187686
9000 37211 11163 11.196903
9000 37211 11163 11.235060
9000 37211 11163 11.197394
9000 37211 11163 11.190884
9000 37211 11163 11.161889
9000 37211 11163 11.201313
9000 37211 11163 11.208950
9000 37211 11163 11.180519
9000 37211 11163 11.235170
9000 37211 11163 11.181985
9000 37211 11163 11.196075
9000 37211 11163 11.186714
9000 37211 11163 11.215283
9000 37211 11163 11.206663
9000 37211 11163 11.194166
9000 37211 11163 11.194668
9000 37211 11163 11.217703
9000 37211 11163 11.203636
9000 37211 11163 11.216148
9000 37211 11163 11.199177
9000 37211 11163 11.194577
9000 37211 11163 11.067766
9000 37211 11163 11.071152
9000 37211 11163 11.072402
9000 37211 11163 11.066760
9000 37211 11163 11.086076
9000 37211 11163 11.107895
9000 37211 11163 11.054591
9000 37211 11163 11.090740
9000 37211 11163 11.054346
9000 37211 11163 11.286160
9000 37211 11163 11.818149
9000 37211 11163 11.806870
9000 37211 11163 11.340971
9000 37211 11163 11.152285
9000 37211 11163 11.122406
9000 37211 11163 11.131370
9000 37211 11163 11.078470
9000 37211 11163 11.071509
9000 37211 11163 11.069014
9000 37211 11163 11.067445
9000 37211 11163 11.052336
9000 37211 11163 11.113084
9000 37211 11163 11.147808
9000 37211 11163 11.090298
9000 37211 11163 11.130212
9000 37211 11163 11.115747
9000 37211 11163 11.089008
9000 37211 11163 11.153778
9000 37211 11163 11.101867
9000 37211 11163 11.096977
9000 37211 11163 11.135229
9000 37211 11163 11.053273
9000 37211 11163 11.086158
9000 37211 11163 11.133654
9000 37211 11163 11.121436
9000 37211 11163 11.080458
9000 37211 11163 11.083210
9000 37211 11163 11.075433
9000 37211 11163 11.131804
9000 37211 11163 11.087327
9000 37211 11163 11.057165
9000 37211 11163 11.152314
9000 37211 11163 11.079192
9000 37211 11163 11.131451
9000 37211 11163 11.107283
9000 37211 11163 11.070111
9000 37211 11163 11.115961
9000 37211 11163 11.114268
9000 37211 11163 11.073958
9000 37211 11163 10.837587
9000 37211 11163 11.076761
9000 37211 11163 10.989371
9000 37211 11163 11.075265
9000 37211 11163 11.061780
9000 37211 11163 11.092360
