10 10000 5000 0.005908
10 10000 5000 0.004663
10 10000 5000 0.003150
10 10000 5000 0.005192
10 10000 5000 0.005141
10 10000 5000 0.004784
10 10000 5000 0.007026
10 10000 5000 0.003382
10 10000 5000 0.004296
10 10000 5000 0.006432
10 10000 5000 0.004432
10 10000 5000 0.004704
10 10000 5000 0.004679
10 10000 5000 0.006425
10 10000 5000 0.004323
10 10000 5000 0.004653
10 10000 5000 0.004399
10 10000 5000 0.003802
10 10000 5000 0.003566
10 10000 5000 0.003931
50 10000 5000 0.009631
50 10000 5000 0.012365
50 10000 5000 0.013648
50 10000 5000 0.009830
50 10000 5000 0.014117
50 10000 5000 0.016874
50 10000 5000 0.013321
50 10000 5000 0.008962
50 10000 5000 0.009751
50 10000 5000 0.009373
50 10000 5000 0.009987
50 10000 5000 0.009605
50 10000 5000 0.010873
50 10000 5000 0.011855
50 10000 5000 0.007378
50 10000 5000 0.010716
50 10000 5000 0.013024
50 10000 5000 0.013583
50 10000 5000 0.012990
50 10000 5000 0.008485
50 10000 5000 0.009239
50 10000 5000 0.010343
50 10000 5000 0.010031
50 10000 5000 0.013659
50 10000 5000 0.010022
50 10000 5000 0.013856
50 10000 5000 0.009882
50 10000 5000 0.012443
100 10000 5000 0.026676
100 10000 5000 0.021133
100 10000 5000 0.024541
100 10000 5000 0.021502
100 10000 5000 0.016362
100 10000 5000 0.019221
100 10000 5000 0.024751
100 10000 5000 0.018003
100 10000 5000 0.016703
100 10000 5000 0.019359
100 10000 5000 0.018371
100 10000 5000 0.021863
100 10000 5000 0.024743
100 10000 5000 0.020836
100 10000 5000 0.023095
100 10000 5000 0.021612
100 10000 5000 0.015588
100 10000 5000 0.018813
100 10000 5000 0.022615
100 10000 5000 0.018960
100 10000 5000 0.017531
100 10000 5000 0.022190
100 10000 5000 0.021875
100 10000 5000 0.023574
100 10000 5000 0.018222
100 10000 5000 0.021000
100 10000 5000 0.019220
100 10000 5000 0.022521
100 10000 5000 0.018565
100 10000 5000 0.014366
100 10000 5000 0.018742
100 10000 5000 0.019217
100 10000 5000 0.019988
100 10000 5000 0.017211
100 10000 5000 0.016586
100 10000 5000 0.019496
100 10000 5000 0.017057
100 10000 5000 0.023293
100 10000 5000 0.025126
100 10000 5000 0.022912
100 10000 5000 0.018077
100 10000 5000 0.018369
100 10000 5000 0.025542
100 10000 5000 0.017750
100 10000 5000 0.016062
100 10000 5000 0.021453
100 10000 5000 0.027328
100 10000 5000 0.019049
100 10000 5000 0.018213
100 10000 5000 0.017597
100 10000 5000 0.017640
100 10000 5000 0.020189
100 10000 5000 0.022225
100 10000 5000 0.016814
100 10000 5000 0.019039
100 10000 5000 0.015459
100 10000 5000 0.019647
100 10000 5000 0.019416
100 10000 5000 0.016762
100 10000 5000 0.014814
100 10000 5000 0.017945
100 10000 5000 0.015704
100 10000 5000 0.010890
100 10000 5000 0.012581
100 10000 5000 0.017601
100 10000 5000 0.015930
100 10000 5000 0.015352
100 10000 5000 0.014989
100 10000 5000 0.016515
100 10000 5000 0.014965
100 10000 5000 0.014614
100 10000 5000 0.018698
100 10000 5000 0.016623
