10 10000 5000 0.003474
10 10000 5000 0.004559
10 10000 5000 0.005389
10 10000 5000 0.005286
10 10000 5000 0.002388
10 10000 5000 0.002521
10 10000 5000 0.005592
10 10000 5000 0.005665
10 10000 5000 0.006663
10 10000 5000 0.006773
10 10000 5000 0.004850
10 10000 5000 0.005626
10 10000 5000 0.002391
10 10000 5000 0.004331
10 10000 5000 0.004355
10 10000 5000 0.003539
10 10000 5000 0.003511
10 10000 5000 0.003931
10 10000 5000 0.009146
10 10000 5000 0.005511
50 10000 5000 0.012566
50 10000 5000 0.010739
50 10000 5000 0.013131
50 10000 5000 0.012450
50 10000 5000 0.010792
50 10000 5000 0.007808
50 10000 5000 0.009672
50 10000 5000 0.011530
50 10000 5000 0.012076
50 10000 5000 0.016279
50 10000 5000 0.008922
50 10000 5000 0.012282
50 10000 5000 0.017421
50 10000 5000 0.014119
50 10000 5000 0.009815
50 10000 5000 0.018794
50 10000 5000 0.009922
50 10000 5000 0.009758
50 10000 5000 0.012082
50 10000 5000 0.010711
50 10000 5000 0.010666
50 10000 5000 0.010573
50 10000 5000 0.009373
50 10000 5000 0.010500
50 10000 5000 0.010436
50 10000 5000 0.010691
50 10000 5000 0.010798
50 10000 5000 0.011802
50 10000 5000 0.010735
50 10000 5000 0.011732
50 10000 5000 0.011727
100 10000 5000 0.020947
100 10000 5000 0.016378
100 10000 5000 0.019737
100 10000 5000 0.022718
100 10000 5000 0.022421
100 10000 5000 0.020664
100 10000 5000 0.025053
100 10000 5000 0.025287
100 10000 5000 0.021082
100 10000 5000 0.019823
100 10000 5000 0.021264
100 10000 5000 0.024215
100 10000 5000 0.023755
100 10000 5000 0.020296
100 10000 5000 0.019977
100 10000 5000 0.024717
100 10000 5000 0.022324
100 10000 5000 0.018495
100 10000 5000 0.020880
100 10000 5000 0.018971
100 10000 5000 0.025287
100 10000 5000 0.018937
100 10000 5000 0.023348
100 10000 5000 0.020422
100 10000 5000 0.023843
100 10000 5000 0.019061
100 10000 5000 0.020988
100 10000 5000 0.017111
100 10000 5000 0.023862
100 10000 5000 0.015967
100 10000 5000 0.019933
100 10000 5000 0.018996
100 10000 5000 0.018516
100 10000 5000 0.022520
100 10000 5000 0.016900
100 10000 5000 0.018682
100 10000 5000 0.018880
100 10000 5000 0.018880
100 10000 5000 0.023152
100 10000 5000 0.018962
100 10000 5000 0.023754
100 10000 5000 0.023878
100 10000 5000 0.017942
100 10000 5000 0.023001
100 10000 5000 0.020500
100 10000 5000 0.021706
100 10000 5000 0.023717
100 10000 5000 0.016561
100 10000 5000 0.018742
100 10000 5000 0.025545
100 10000 5000 0.017765
100 10000 5000 0.020495
100 10000 5000 0.016053
100 10000 5000 0.018825
