100 185 55 0.000420
100 185 55 0.000057
100 185 55 0.000048
100 185 55 0.000045
100 185 55 0.000046
100 185 55 0.000045
100 185 55 0.000046
100 185 55 0.000045
100 185 55 0.000049
100 185 55 0.000052
100 185 55 0.000029
100 185 55 0.000045
100 185 55 0.000046
100 185 55 0.000047
100 185 55 0.000045
100 185 55 0.000045
100 185 55 0.000044
100 185 55 0.000043
100 185 55 0.000045
100 185 55 0.000046
100 185 55 0.000048
100 185 55 0.000045
100 185 55 0.000052
100 185 55 0.000045
100 185 55 0.000045
100 185 55 0.000046
100 185 55 0.000049
100 185 55 0.000041
100 185 55 0.000045
100 185 55 0.000044
100 185 55 0.000048
100 185 55 0.000046
100 185 55 0.000046
100 185 55 0.000047
100 185 55 0.000045
100 185 55 0.000045
100 185 55 0.000044
100 185 55 0.000045
100 185 55 0.000052
100 185 55 0.000045
100 185 55 0.000048
100 185 55 0.000029
100 185 55 0.000044
100 185 55 0.000044
100 185 55 0.000046
100 185 55 0.000043
100 185 55 0.000028
100 185 55 0.000045
100 185 55 0.000045
100 185 55 0.000043
100 185 55 0.000046
100 185 55 0.000042
100 185 55 0.000046
100 185 55 0.000029
100 185 55 0.000046
100 185 55 0.000047
100 185 55 0.000045
100 185 55 0.000048
100 185 55 0.000047
100 185 55 0.000045
100 185 55 0.000047
100 185 55 0.000042
100 185 55 0.000045
100 185 55 0.000045
100 185 55 0.000049
100 185 55 0.000045
100 185 55 0.000047
100 185 55 0.000045
100 185 55 0.000047
100 185 55 0.000044
100 185 55 0.000045
100 185 55 0.000044
100 185 55 0.000044
100 185 55 0.000041
100 185 55 0.000046
100 185 55 0.000045
100 185 55 0.000046
100 185 55 0.000044
100 185 55 0.000045
100 185 55 0.000045
100 185 55 0.000044
100 185 55 0.000048
100 185 55 0.000047
100 185 55 0.000046
100 185 55 0.000044
100 185 55 0.000044
100 185 55 0.000043
100 185 55 0.000046
100 185 55 0.000028
100 185 55 0.000044
100 185 55 0.000045
100 185 55 0.000043
100 185 55 0.000044
100 185 55 0.000044
100 185 55 0.000045
100 185 55 0.000043
100 185 55 0.000044
100 185 55 0.000044
100 185 55 0.000044
100 185 55 0.000042
100 185 55 0.000045
200 442 132 0.000521
200 442 132 0.000065
200 442 132 0.000061
200 442 132 0.000056
200 442 132 0.000063
200 442 132 0.000058
200 442 132 0.000065
200 442 132 0.000055
200 442 132 0.000059
200 442 132 0.000062
200 442 132 0.000056
200 442 132 0.000056
200 442 132 0.000053
200 442 132 0.000052
200 442 132 0.000054
200 442 132 0.000058
200 442 132 0.000063
200 442 132 0.000056
200 442 132 0.000054
200 442 132 0.000052
200 442 132 0.000056
200 442 132 0.000064
200 442 132 0.000053
200 442 132 0.000059
200 442 132 0.000054
200 442 132 0.000060
200 442 132 0.000062
200 442 132 0.000052
200 442 132 0.000054
200 442 132 0.000065
200 442 132 0.000058
200 442 132 0.000062
200 442 132 0.000053
200 442 132 0.000059
200 442 132 0.000061
200 442 132 0.000056
200 442 132 0.000053
200 442 132 0.000052
200 442 132 0.000062
200 442 132 0.000057
200 442 132 0.000055
200 442 132 0.000054
200 442 132 0.000050
200 442 132 0.000061
200 442 132 0.000056
200 442 132 0.000055
200 442 132 0.000052
200 442 132 0.000052
200 442 132 0.000052
200 442 132 0.000052
200 442 132 0.000061
200 442 132 0.000038
200 442 132 0.000055
200 442 132 0.000055
200 442 132 0.000063
200 442 132 0.000060
200 442 132 0.000060
200 442 132 0.000057
200 442 132 0.000051
200 442 132 0.000056
200 442 132 0.000054
200 442 132 0.000059
200 442 132 0.000057
200 442 132 0.000058
200 442 132 0.000055
200 442 132 0.000051
200 442 132 0.000056
200 442 132 0.000056
200 442 132 0.000069
200 442 132 0.000054
200 442 132 0.000055
200 442 132 0.000058
200 442 132 0.000063
200 442 132 0.000062
200 442 132 0.000039
200 442 132 0.000051
200 442 132 0.000058
200 442 132 0.000051
200 442 132 0.000053
200 442 132 0.000057
200 442 132 0.000061
200 442 132 0.000053
200 442 132 0.000059
200 442 132 0.000058
200 442 132 0.000052
200 442 132 0.000049
200 442 132 0.000057
200 442 132 0.000056
200 442 132 0.000059
200 442 132 0.000056
200 442 132 0.000054
200 442 132 0.000062
200 442 132 0.000053
200 442 132 0.000049
200 442 132 0.000056
200 442 132 0.000058
200 442 132 0.000055
200 442 132 0.000062
200 442 132 0.000052
200 442 132 0.000052
200 442 132 0.000054
300 726 217 0.000853
300 726 217 0.000115
300 726 217 0.000094
300 726 217 0.000112
300 726 217 0.000109
300 726 217 0.000091
300 726 217 0.000108
300 726 217 0.000097
300 726 217 0.000093
300 726 217 0.000079
300 726 217 0.000079
300 726 217 0.000112
300 726 217 0.000093
300 726 217 0.000096
300 726 217 0.000083
300 726 217 0.000088
300 726 217 0.000096
300 726 217 0.000093
300 726 217 0.000085
300 726 217 0.000088
300 726 217 0.000085
300 726 217 0.000076
300 726 217 0.000089
300 726 217 0.000084
300 726 217 0.000078
300 726 217 0.000100
300 726 217 0.000102
300 726 217 0.000080
300 726 217 0.000089
300 726 217 0.000086
300 726 217 0.000098
300 726 217 0.000090
300 726 217 0.000085
300 726 217 0.000075
300 726 217 0.000088
300 726 217 0.000093
300 726 217 0.000097
300 726 217 0.000075
300 726 217 0.000079
300 726 217 0.000083
300 726 217 0.000088
300 726 217 0.000071
300 726 217 0.000088
300 726 217 0.000076
300 726 217 0.000091
300 726 217 0.000090
300 726 217 0.000088
300 726 217 0.000076
300 726 217 0.000089
300 726 217 0.000100
300 726 217 0.000099
300 726 217 0.000101
300 726 217 0.000099
300 726 217 0.000086
300 726 217 0.000084
300 726 217 0.000078
300 726 217 0.000080
300 726 217 0.000075
300 726 217 0.000083
300 726 217 0.000088
300 726 217 0.000106
300 726 217 0.000087
300 726 217 0.000096
300 726 217 0.000087
300 726 217 0.000085
300 726 217 0.000081
300 726 217 0.000081
300 726 217 0.000081
300 726 217 0.000083
300 726 217 0.000078
300 726 217 0.000090
300 726 217 0.000070
300 726 217 0.000084
300 726 217 0.000091
300 726 217 0.000096
300 726 217 0.000090
300 726 217 0.000094
300 726 217 0.000072
300 726 217 0.000088
300 726 217 0.000085
300 726 217 0.000076
300 726 217 0.000077
300 726 217 0.000097
300 726 217 0.000089
300 726 217 0.000063
300 726 217 0.000085
300 726 217 0.000082
300 726 217 0.000088
300 726 217 0.000073
300 726 217 0.000089
300 726 217 0.000085
300 726 217 0.000074
300 726 217 0.000085
300 726 217 0.000099
300 726 217 0.000081
300 726 217 0.000084
300 726 217 0.000079
300 726 217 0.000083
300 726 217 0.000082
300 726 217 0.000070
300 726 217 0.000083
400 1026 307 0.001305
400 1026 307 0.000209
400 1026 307 0.000166
400 1026 307 0.000167
400 1026 307 0.000147
400 1026 307 0.000150
400 1026 307 0.000140
400 1026 307 0.000144
400 1026 307 0.000152
400 1026 307 0.000154
400 1026 307 0.000159
400 1026 307 0.000138
400 1026 307 0.000109
400 1026 307 0.000138
400 1026 307 0.000147
400 1026 307 0.000154
400 1026 307 0.000144
400 1026 307 0.000130
400 1026 307 0.000135
400 1026 307 0.000140
400 1026 307 0.000129
400 1026 307 0.000125
400 1026 307 0.000138
400 1026 307 0.000129
400 1026 307 0.000132
400 1026 307 0.000139
400 1026 307 0.000131
400 1026 307 0.000137
400 1026 307 0.000132
400 1026 307 0.000141
400 1026 307 0.000148
400 1026 307 0.000140
400 1026 307 0.000146
400 1026 307 0.000127
400 1026 307 0.000168
400 1026 307 0.000134
400 1026 307 0.000139
400 1026 307 0.000134
400 1026 307 0.000122
400 1026 307 0.000128
400 1026 307 0.000132
400 1026 307 0.000118
400 1026 307 0.000125
400 1026 307 0.000139
400 1026 307 0.000113
400 1026 307 0.000135
400 1026 307 0.000131
400 1026 307 0.000135
400 1026 307 0.000130
400 1026 307 0.000139
400 1026 307 0.000135
400 1026 307 0.000134
400 1026 307 0.000131
400 1026 307 0.000131
400 1026 307 0.000133
400 1026 307 0.000146
400 1026 307 0.000126
400 1026 307 0.000132
400 1026 307 0.000147
400 1026 307 0.000149
400 1026 307 0.000135
400 1026 307 0.000127
400 1026 307 0.000140
400 1026 307 0.000129
400 1026 307 0.000161
400 1026 307 0.000125
400 1026 307 0.000133
400 1026 307 0.000130
400 1026 307 0.000155
400 1026 307 0.000136
400 1026 307 0.000127
400 1026 307 0.000144
400 1026 307 0.000138
400 1026 307 0.000130
400 1026 307 0.000127
400 1026 307 0.000123
400 1026 307 0.000159
400 1026 307 0.000148
400 1026 307 0.000136
400 1026 307 0.000143
400 1026 307 0.000138
400 1026 307 0.000121
400 1026 307 0.000143
400 1026 307 0.000135
400 1026 307 0.000146
400 1026 307 0.000138
400 1026 307 0.000130
400 1026 307 0.000137
400 1026 307 0.000133
400 1026 307 0.000134
400 1026 307 0.000129
400 1026 307 0.000128
400 1026 307 0.000127
400 1026 307 0.000133
400 1026 307 0.000133
400 1026 307 0.000113
400 1026 307 0.000134
400 1026 307 0.000140
400 1026 307 0.000135
400 1026 307 0.000129
400 1026 307 0.000129
500 1340 402 0.001334
500 1340 402 0.000240
500 1340 402 0.000273
500 1340 402 0.000313
500 1340 402 0.000257
500 1340 402 0.000217
500 1340 402 0.000230
500 1340 402 0.000217
500 1340 402 0.000219
500 1340 402 0.000224
500 1340 402 0.000224
500 1340 402 0.000182
500 1340 402 0.000188
500 1340 402 0.000208
500 1340 402 0.000197
500 1340 402 0.000183
500 1340 402 0.000191
500 1340 402 0.000202
500 1340 402 0.000197
500 1340 402 0.000204
500 1340 402 0.000227
500 1340 402 0.000176
500 1340 402 0.000223
500 1340 402 0.000249
500 1340 402 0.000182
500 1340 402 0.000186
500 1340 402 0.000191
500 1340 402 0.000174
500 1340 402 0.000173
500 1340 402 0.000171
500 1340 402 0.000185
500 1340 402 0.000193
500 1340 402 0.000193
500 1340 402 0.000205
500 1340 402 0.000144
500 1340 402 0.000173
500 1340 402 0.000203
500 1340 402 0.000196
500 1340 402 0.000242
500 1340 402 0.000199
500 1340 402 0.000200
500 1340 402 0.000182
500 1340 402 0.000198
500 1340 402 0.000181
500 1340 402 0.000196
500 1340 402 0.000190
500 1340 402 0.000191
500 1340 402 0.000176
500 1340 402 0.000230
500 1340 402 0.000199
500 1340 402 0.000229
500 1340 402 0.000193
500 1340 402 0.000200
500 1340 402 0.000184
500 1340 402 0.000175
500 1340 402 0.000197
500 1340 402 0.000194
500 1340 402 0.000199
500 1340 402 0.000202
500 1340 402 0.000236
500 1340 402 0.000223
500 1340 402 0.000180
500 1340 402 0.000229
500 1340 402 0.000210
500 1340 402 0.000261
500 1340 402 0.000191
500 1340 402 0.000219
500 1340 402 0.000195
500 1340 402 0.000190
500 1340 402 0.000201
500 1340 402 0.000224
500 1340 402 0.000194
500 1340 402 0.000201
500 1340 402 0.000187
500 1340 402 0.000187
500 1340 402 0.000184
500 1340 402 0.000198
500 1340 402 0.000255
500 1340 402 0.000233
500 1340 402 0.000200
500 1340 402 0.000194
500 1340 402 0.000200
500 1340 402 0.000195
500 1340 402 0.000224
500 1340 402 0.000187
500 1340 402 0.000177
500 1340 402 0.000186
500 1340 402 0.000188
500 1340 402 0.000202
500 1340 402 0.000248
500 1340 402 0.000204
500 1340 402 0.000182
500 1340 402 0.000216
500 1340 402 0.000210
500 1340 402 0.000191
500 1340 402 0.000196
500 1340 402 0.000190
500 1340 402 0.000197
500 1340 402 0.000191
500 1340 402 0.000174
500 1340 402 0.000250
600 1663 498 0.001228
600 1663 498 0.000337
600 1663 498 0.000329
600 1663 498 0.000381
600 1663 498 0.000423
600 1663 498 0.000327
600 1663 498 0.000336
600 1663 498 0.000335
600 1663 498 0.000358
600 1663 498 0.000321
600 1663 498 0.000324
600 1663 498 0.000352
600 1663 498 0.000291
600 1663 498 0.000316
600 1663 498 0.000312
600 1663 498 0.000293
600 1663 498 0.000242
600 1663 498 0.000273
600 1663 498 0.000253
600 1663 498 0.000256
600 1663 498 0.000216
600 1663 498 0.000259
600 1663 498 0.000335
600 1663 498 0.000257
600 1663 498 0.000268
600 1663 498 0.000198
600 1663 498 0.000295
600 1663 498 0.000222
600 1663 498 0.000322
600 1663 498 0.000273
600 1663 498 0.000267
600 1663 498 0.000274
600 1663 498 0.000306
600 1663 498 0.000281
600 1663 498 0.000256
600 1663 498 0.000339
600 1663 498 0.000282
600 1663 498 0.000206
600 1663 498 0.000248
600 1663 498 0.000290
600 1663 498 0.000292
600 1663 498 0.000248
600 1663 498 0.000337
600 1663 498 0.000261
600 1663 498 0.000294
600 1663 498 0.000305
600 1663 498 0.000307
600 1663 498 0.000294
600 1663 498 0.000308
600 1663 498 0.000293
600 1663 498 0.000339
600 1663 498 0.000266
600 1663 498 0.000248
600 1663 498 0.000395
600 1663 498 0.000387
600 1663 498 0.000248
600 1663 498 0.000314
600 1663 498 0.000266
600 1663 498 0.000258
600 1663 498 0.000305
600 1663 498 0.000309
600 1663 498 0.000314
600 1663 498 0.000259
600 1663 498 0.000274
600 1663 498 0.000278
600 1663 498 0.000279
600 1663 498 0.000242
600 1663 498 0.000254
600 1663 498 0.000324
600 1663 498 0.000245
600 1663 498 0.000360
600 1663 498 0.000268
600 1663 498 0.000321
600 1663 498 0.000298
600 1663 498 0.000320
600 1663 498 0.000310
600 1663 498 0.000339
600 1663 498 0.000295
600 1663 498 0.000315
600 1663 498 0.000308
600 1663 498 0.000311
600 1663 498 0.002683
600 1663 498 0.000336
600 1663 498 0.000327
600 1663 498 0.000292
600 1663 498 0.000296
600 1663 498 0.000305
600 1663 498 0.000241
600 1663 498 0.000232
600 1663 498 0.000249
600 1663 498 0.000270
600 1663 498 0.000326
600 1663 498 0.000311
600 1663 498 0.000262
600 1663 498 0.000246
600 1663 498 0.000265
600 1663 498 0.000296
600 1663 498 0.000312
600 1663 498 0.000309
600 1663 498 0.000316
600 1663 498 0.000246
700 1995 598 0.001568
700 1995 598 0.000510
700 1995 598 0.000514
700 1995 598 0.000500
700 1995 598 0.000514
700 1995 598 0.000470
700 1995 598 0.000537
700 1995 598 0.000461
700 1995 598 0.000399
700 1995 598 0.000411
700 1995 598 0.000392
700 1995 598 0.000401
700 1995 598 0.000382
700 1995 598 0.000365
700 1995 598 0.000391
700 1995 598 0.000387
700 1995 598 0.000385
700 1995 598 0.000348
700 1995 598 0.000335
700 1995 598 0.000472
700 1995 598 0.000401
700 1995 598 0.000343
700 1995 598 0.000386
700 1995 598 0.000364
700 1995 598 0.000452
700 1995 598 0.000353
700 1995 598 0.000435
700 1995 598 0.000360
700 1995 598 0.000404
700 1995 598 0.000348
700 1995 598 0.000365
700 1995 598 0.000375
700 1995 598 0.000400
700 1995 598 0.000350
700 1995 598 0.000340
700 1995 598 0.000342
700 1995 598 0.000363
700 1995 598 0.000370
700 1995 598 0.000401
700 1995 598 0.000362
700 1995 598 0.000419
700 1995 598 0.000377
700 1995 598 0.000393
700 1995 598 0.000327
700 1995 598 0.000333
700 1995 598 0.000470
700 1995 598 0.000371
700 1995 598 0.000373
700 1995 598 0.000371
700 1995 598 0.000333
700 1995 598 0.000376
700 1995 598 0.000354
700 1995 598 0.000363
700 1995 598 0.000348
700 1995 598 0.000429
700 1995 598 0.000366
700 1995 598 0.000370
700 1995 598 0.000350
700 1995 598 0.000329
700 1995 598 0.000363
700 1995 598 0.000398
700 1995 598 0.003198
700 1995 598 0.000346
700 1995 598 0.000359
700 1995 598 0.000398
700 1995 598 0.000371
700 1995 598 0.000352
700 1995 598 0.000369
700 1995 598 0.000404
700 1995 598 0.000352
700 1995 598 0.000412
700 1995 598 0.000384
700 1995 598 0.000416
700 1995 598 0.000367
700 1995 598 0.000396
700 1995 598 0.000357
700 1995 598 0.000390
700 1995 598 0.000343
700 1995 598 0.000335
700 1995 598 0.000349
700 1995 598 0.000388
700 1995 598 0.000375
700 1995 598 0.000340
700 1995 598 0.000376
700 1995 598 0.000389
700 1995 598 0.000368
700 1995 598 0.000347
700 1995 598 0.000393
700 1995 598 0.000335
700 1995 598 0.000335
700 1995 598 0.000338
700 1995 598 0.000368
700 1995 598 0.000340
700 1995 598 0.000376
700 1995 598 0.000350
700 1995 598 0.000355
700 1995 598 0.000372
700 1995 598 0.000348
700 1995 598 0.000332
700 1995 598 0.000280
700 1995 598 0.000332
800 2334 700 0.001899
800 2334 700 0.000727
800 2334 700 0.000728
800 2334 700 0.000660
800 2334 700 0.000674
800 2334 700 0.000613
800 2334 700 0.000753
800 2334 700 0.000602
800 2334 700 0.000628
800 2334 700 0.000587
800 2334 700 0.000611
800 2334 700 0.000538
800 2334 700 0.000722
800 2334 700 0.000553
800 2334 700 0.000478
800 2334 700 0.000502
800 2334 700 0.000661
800 2334 700 0.000663
800 2334 700 0.000496
800 2334 700 0.000650
800 2334 700 0.000511
800 2334 700 0.000524
800 2334 700 0.000505
800 2334 700 0.000500
800 2334 700 0.000564
800 2334 700 0.000629
800 2334 700 0.000530
800 2334 700 0.000505
800 2334 700 0.000473
800 2334 700 0.000465
800 2334 700 0.000650
800 2334 700 0.000616
800 2334 700 0.000515
800 2334 700 0.000462
800 2334 700 0.000450
800 2334 700 0.000457
800 2334 700 0.000460
800 2334 700 0.000463
800 2334 700 0.000467
800 2334 700 0.000510
800 2334 700 0.000547
800 2334 700 0.003133
800 2334 700 0.000640
800 2334 700 0.000461
800 2334 700 0.000513
800 2334 700 0.000476
800 2334 700 0.000488
800 2334 700 0.000392
800 2334 700 0.000480
800 2334 700 0.000511
800 2334 700 0.000496
800 2334 700 0.000488
800 2334 700 0.000515
800 2334 700 0.000471
800 2334 700 0.000475
800 2334 700 0.000486
800 2334 700 0.000467
800 2334 700 0.000464
800 2334 700 0.000343
800 2334 700 0.000458
800 2334 700 0.000484
800 2334 700 0.000475
800 2334 700 0.000455
800 2334 700 0.000468
800 2334 700 0.000439
800 2334 700 0.000509
800 2334 700 0.000445
800 2334 700 0.000467
800 2334 700 0.000468
800 2334 700 0.000476
800 2334 700 0.000461
800 2334 700 0.000489
800 2334 700 0.000465
800 2334 700 0.000503
800 2334 700 0.000484
800 2334 700 0.000432
800 2334 700 0.000518
800 2334 700 0.000491
800 2334 700 0.000444
800 2334 700 0.000465
800 2334 700 0.000481
800 2334 700 0.000483
800 2334 700 0.002908
800 2334 700 0.000457
800 2334 700 0.000477
800 2334 700 0.000476
800 2334 700 0.000453
800 2334 700 0.000474
800 2334 700 0.000489
800 2334 700 0.000448
800 2334 700 0.000480
800 2334 700 0.000452
800 2334 700 0.000491
800 2334 700 0.000488
800 2334 700 0.000444
800 2334 700 0.000604
800 2334 700 0.000474
800 2334 700 0.000463
800 2334 700 0.000666
800 2334 700 0.000484
800 2334 700 0.000503
900 2680 804 0.001988
900 2680 804 0.000947
900 2680 804 0.000880
900 2680 804 0.000859
900 2680 804 0.000805
900 2680 804 0.000905
900 2680 804 0.000774
900 2680 804 0.000789
900 2680 804 0.000827
900 2680 804 0.000829
900 2680 804 0.000803
900 2680 804 0.000787
900 2680 804 0.000742
900 2680 804 0.000607
900 2680 804 0.000592
900 2680 804 0.000610
900 2680 804 0.000787
900 2680 804 0.000632
900 2680 804 0.000735
900 2680 804 0.000661
900 2680 804 0.000737
900 2680 804 0.000663
900 2680 804 0.000665
900 2680 804 0.000644
900 2680 804 0.000755
900 2680 804 0.000640
900 2680 804 0.000811
900 2680 804 0.000635
900 2680 804 0.000688
900 2680 804 0.000643
900 2680 804 0.000649
900 2680 804 0.003233
900 2680 804 0.000624
900 2680 804 0.000635
900 2680 804 0.000597
900 2680 804 0.000584
900 2680 804 0.000607
900 2680 804 0.000581
900 2680 804 0.000668
900 2680 804 0.000807
900 2680 804 0.000636
900 2680 804 0.000656
900 2680 804 0.000686
900 2680 804 0.000654
900 2680 804 0.000597
900 2680 804 0.000609
900 2680 804 0.000597
900 2680 804 0.000645
900 2680 804 0.000806
900 2680 804 0.000621
900 2680 804 0.000591
900 2680 804 0.000624
900 2680 804 0.000502
900 2680 804 0.000635
900 2680 804 0.000635
900 2680 804 0.000665
900 2680 804 0.000617
900 2680 804 0.000616
900 2680 804 0.000698
900 2680 804 0.000644
900 2680 804 0.000619
900 2680 804 0.000622
900 2680 804 0.000768
900 2680 804 0.000609
900 2680 804 0.002432
900 2680 804 0.000648
900 2680 804 0.000586
900 2680 804 0.000624
900 2680 804 0.000590
900 2680 804 0.000589
900 2680 804 0.000463
900 2680 804 0.000606
900 2680 804 0.000727
900 2680 804 0.000672
900 2680 804 0.000636
900 2680 804 0.000614
900 2680 804 0.000641
900 2680 804 0.000604
900 2680 804 0.002639
900 2680 804 0.001021
900 2680 804 0.000657
900 2680 804 0.000627
900 2680 804 0.000609
900 2680 804 0.000433
900 2680 804 0.000580
900 2680 804 0.000591
900 2680 804 0.000634
900 2680 804 0.000620
900 2680 804 0.000632
900 2680 804 0.000574
900 2680 804 0.000432
900 2680 804 0.000622
900 2680 804 0.000641
900 2680 804 0.000593
900 2680 804 0.000636
900 2680 804 0.000600
900 2680 804 0.002388
900 2680 804 0.000613
900 2680 804 0.000623
900 2680 804 0.000596
900 2680 804 0.000576
1000 3031 909 0.002308
1000 3031 909 0.001109
1000 3031 909 0.000957
1000 3031 909 0.001023
1000 3031 909 0.000937
1000 3031 909 0.000957
1000 3031 909 0.001019
1000 3031 909 0.001021
1000 3031 909 0.000878
1000 3031 909 0.000968
1000 3031 909 0.001058
1000 3031 909 0.000906
1000 3031 909 0.000863
1000 3031 909 0.000882
1000 3031 909 0.000890
1000 3031 909 0.000762
1000 3031 909 0.000813
1000 3031 909 0.000788
1000 3031 909 0.000787
1000 3031 909 0.000786
1000 3031 909 0.000755
1000 3031 909 0.000796
1000 3031 909 0.002915
1000 3031 909 0.000764
1000 3031 909 0.000872
1000 3031 909 0.000774
1000 3031 909 0.000761
1000 3031 909 0.000746
1000 3031 909 0.000839
1000 3031 909 0.000762
1000 3031 909 0.000889
1000 3031 909 0.000789
1000 3031 909 0.000800
1000 3031 909 0.000800
1000 3031 909 0.000881
1000 3031 909 0.000778
1000 3031 909 0.000736
1000 3031 909 0.000787
1000 3031 909 0.000884
1000 3031 909 0.000793
1000 3031 909 0.000851
1000 3031 909 0.000818
1000 3031 909 0.000877
1000 3031 909 0.000738
1000 3031 909 0.000787
1000 3031 909 0.000778
1000 3031 909 0.002453
1000 3031 909 0.000731
1000 3031 909 0.000812
1000 3031 909 0.000739
1000 3031 909 0.000839
1000 3031 909 0.000739
1000 3031 909 0.000783
1000 3031 909 0.000731
1000 3031 909 0.000798
1000 3031 909 0.000738
1000 3031 909 0.000803
1000 3031 909 0.000822
1000 3031 909 0.002776
1000 3031 909 0.000575
1000 3031 909 0.000720
1000 3031 909 0.000768
1000 3031 909 0.000786
1000 3031 909 0.000790
1000 3031 909 0.000969
1000 3031 909 0.000768
1000 3031 909 0.000796
1000 3031 909 0.000784
1000 3031 909 0.000749
1000 3031 909 0.000833
1000 3031 909 0.000735
1000 3031 909 0.000791
1000 3031 909 0.000772
1000 3031 909 0.000703
1000 3031 909 0.002776
1000 3031 909 0.000731
1000 3031 909 0.000723
1000 3031 909 0.000727
1000 3031 909 0.000745
1000 3031 909 0.000794
1000 3031 909 0.000784
1000 3031 909 0.000774
1000 3031 909 0.000796
1000 3031 909 0.000747
1000 3031 909 0.000726
1000 3031 909 0.000760
1000 3031 909 0.002781
1000 3031 909 0.000771
1000 3031 909 0.000815
1000 3031 909 0.001076
1000 3031 909 0.000784
1000 3031 909 0.000799
1000 3031 909 0.000736
1000 3031 909 0.000743
1000 3031 909 0.000745
1000 3031 909 0.000735
1000 3031 909 0.000794
1000 3031 909 0.000762
1000 3031 909 0.000795
1000 3031 909 0.000772
1000 3031 909 0.000727
2000 6760 2028 0.011547
2000 6760 2028 0.007540
2000 6760 2028 0.009595
2000 6760 2028 0.007815
2000 6760 2028 0.007477
2000 6760 2028 0.006276
2000 6760 2028 0.006140
2000 6760 2028 0.007572
2000 6760 2028 0.006436
2000 6760 2028 0.004791
2000 6760 2028 0.005055
2000 6760 2028 0.003942
2000 6760 2028 0.005373
2000 6760 2028 0.004633
2000 6760 2028 0.003809
2000 6760 2028 0.003671
2000 6760 2028 0.004393
2000 6760 2028 0.003434
2000 6760 2028 0.004471
2000 6760 2028 0.003962
2000 6760 2028 0.004826
2000 6760 2028 0.004223
2000 6760 2028 0.003933
2000 6760 2028 0.003178
2000 6760 2028 0.003925
2000 6760 2028 0.003062
2000 6760 2028 0.003849
2000 6760 2028 0.004812
2000 6760 2028 0.002926
2000 6760 2028 0.002943
2000 6760 2028 0.006203
2000 6760 2028 0.003893
2000 6760 2028 0.002975
2000 6760 2028 0.003923
2000 6760 2028 0.003898
2000 6760 2028 0.004071
2000 6760 2028 0.003025
2000 6760 2028 0.002980
2000 6760 2028 0.003916
2000 6760 2028 0.003860
2000 6760 2028 0.003819
2000 6760 2028 0.003898
2000 6760 2028 0.003761
2000 6760 2028 0.003848
2000 6760 2028 0.005523
2000 6760 2028 0.003080
2000 6760 2028 0.003807
2000 6760 2028 0.003177
2000 6760 2028 0.003825
2000 6760 2028 0.003903
2000 6760 2028 0.003077
2000 6760 2028 0.004118
2000 6760 2028 0.003159
2000 6760 2028 0.003125
2000 6760 2028 0.002984
2000 6760 2028 0.003798
2000 6760 2028 0.003759
2000 6760 2028 0.003806
2000 6760 2028 0.003753
2000 6760 2028 0.004242
2000 6760 2028 0.003956
2000 6760 2028 0.003828
2000 6760 2028 0.003798
2000 6760 2028 0.003808
2000 6760 2028 0.004709
2000 6760 2028 0.003867
2000 6760 2028 0.003857
2000 6760 2028 0.004915
2000 6760 2028 0.003786
2000 6760 2028 0.003850
2000 6760 2028 0.003776
2000 6760 2028 0.004128
2000 6760 2028 0.003908
2000 6760 2028 0.003034
2000 6760 2028 0.004465
2000 6760 2028 0.002940
2000 6760 2028 0.003852
2000 6760 2028 0.003855
2000 6760 2028 0.003983
2000 6760 2028 0.005165
2000 6760 2028 0.003992
2000 6760 2028 0.003881
2000 6760 2028 0.003824
2000 6760 2028 0.004839
2000 6760 2028 0.003808
2000 6760 2028 0.003907
2000 6760 2028 0.005068
2000 6760 2028 0.003831
2000 6760 2028 0.003832
2000 6760 2028 0.003138
2000 6760 2028 0.003187
2000 6760 2028 0.005028
2000 6760 2028 0.003884
2000 6760 2028 0.003166
2000 6760 2028 0.005196
2000 6760 2028 0.003136
2000 6760 2028 0.003879
2000 6760 2028 0.004315
2000 6760 2028 0.003953
2000 6760 2028 0.004177
2000 6760 2028 0.004273
5000 19200 5760 0.270384
5000 19200 5760 0.224683
5000 19200 5760 0.204660
5000 19200 5760 0.183341
5000 19200 5760 0.167940
5000 19200 5760 0.149340
5000 19200 5760 0.120948
5000 19200 5760 0.103826
5000 19200 5760 0.084743
5000 19200 5760 0.065733
5000 19200 5760 0.056750
5000 19200 5760 0.044525
5000 19200 5760 0.040563
5000 19200 5760 0.030853
5000 19200 5760 0.032954
5000 19200 5760 0.032728
5000 19200 5760 0.031558
5000 19200 5760 0.032100
5000 19200 5760 0.033247
5000 19200 5760 0.032318
5000 19200 5760 0.031444
5000 19200 5760 0.030461
5000 19200 5760 0.030343
5000 19200 5760 0.030386
5000 19200 5760 0.031700
5000 19200 5760 0.034819
5000 19200 5760 0.029581
5000 19200 5760 0.031787
5000 19200 5760 0.030533
5000 19200 5760 0.032824
5000 19200 5760 0.031601
5000 19200 5760 0.028421
5000 19200 5760 0.030994
5000 19200 5760 0.028262
5000 19200 5760 0.032120
5000 19200 5760 0.030641
5000 19200 5760 0.031244
5000 19200 5760 0.036162
5000 19200 5760 0.031081
5000 19200 5760 0.031604
5000 19200 5760 0.029362
5000 19200 5760 0.029505
5000 19200 5760 0.031298
5000 19200 5760 0.034999
5000 19200 5760 0.030449
5000 19200 5760 0.031856
5000 19200 5760 0.035766
5000 19200 5760 0.035688
5000 19200 5760 0.038728
5000 19200 5760 0.028569
5000 19200 5760 0.035568
5000 19200 5760 0.032650
5000 19200 5760 0.030517
5000 19200 5760 0.033085
5000 19200 5760 0.028281
5000 19200 5760 0.031922
5000 19200 5760 0.034089
5000 19200 5760 0.030222
5000 19200 5760 0.030498
5000 19200 5760 0.031896
5000 19200 5760 0.031961
5000 19200 5760 0.028922
5000 19200 5760 0.026706
5000 19200 5760 0.030526
5000 19200 5760 0.031903
5000 19200 5760 0.027229
5000 19200 5760 0.025906
5000 19200 5760 0.031092
5000 19200 5760 0.026594
5000 19200 5760 0.030244
5000 19200 5760 0.032188
5000 19200 5760 0.027226
5000 19200 5760 0.028745
5000 19200 5760 0.028673
5000 19200 5760 0.031112
5000 19200 5760 0.034319
5000 19200 5760 0.026616
5000 19200 5760 0.034777
5000 19200 5760 0.036174
5000 19200 5760 0.026679
5000 19200 5760 0.030414
5000 19200 5760 0.028776
5000 19200 5760 0.033122
5000 19200 5760 0.030023
5000 19200 5760 0.030666
5000 19200 5760 0.032811
5000 19200 5760 0.025549
5000 19200 5760 0.032541
5000 19200 5760 0.035366
5000 19200 5760 0.032515
5000 19200 5760 0.033290
5000 19200 5760 0.032432
5000 19200 5760 0.031970
5000 19200 5760 0.033309
5000 19200 5760 0.033518
5000 19200 5760 0.027893
5000 19200 5760 0.028701
5000 19200 5760 0.030709
5000 19200 5760 0.030760
5000 19200 5760 0.029766
5000 19200 5760 0.049077
9000 37211 11163 1.130201
9000 37211 11163 1.058924
9000 37211 11163 0.948903
9000 37211 11163 0.996751
9000 37211 11163 0.938219
9000 37211 11163 0.850697
9000 37211 11163 0.730024
9000 37211 11163 0.661115
9000 37211 11163 0.481973
9000 37211 11163 0.417123
9000 37211 11163 0.337547
9000 37211 11163 0.350889
9000 37211 11163 0.248213
9000 37211 11163 0.233658
9000 37211 11163 0.185869
9000 37211 11163 0.146929
9000 37211 11163 0.105244
9000 37211 11163 0.098614
9000 37211 11163 0.110136
9000 37211 11163 0.105619
9000 37211 11163 0.100909
9000 37211 11163 0.137317
9000 37211 11163 0.103936
9000 37211 11163 0.098394
9000 37211 11163 0.102993
9000 37211 11163 0.098376
9000 37211 11163 0.105866
9000 37211 11163 0.103423
9000 37211 11163 0.105395
9000 37211 11163 0.109989
9000 37211 11163 0.116346
9000 37211 11163 0.105041
9000 37211 11163 0.104072
9000 37211 11163 0.131593
9000 37211 11163 0.100431
9000 37211 11163 0.100297
9000 37211 11163 0.108833
9000 37211 11163 0.105240
9000 37211 11163 0.119170
9000 37211 11163 0.100784
9000 37211 11163 0.103884
9000 37211 11163 0.106098
9000 37211 11163 0.102392
9000 37211 11163 0.111948
9000 37211 11163 0.101668
9000 37211 11163 0.096645
9000 37211 11163 0.098719
9000 37211 11163 0.100833
9000 37211 11163 0.101836
9000 37211 11163 0.121824
9000 37211 11163 0.107465
9000 37211 11163 0.107567
9000 37211 11163 0.105605
9000 37211 11163 0.108999
9000 37211 11163 0.098745
9000 37211 11163 0.102831
9000 37211 11163 0.114017
9000 37211 11163 0.108078
9000 37211 11163 0.113895
9000 37211 11163 0.097321
9000 37211 11163 0.099079
9000 37211 11163 0.104985
9000 37211 11163 0.099793
9000 37211 11163 0.103025
9000 37211 11163 0.106906
9000 37211 11163 0.112810
9000 37211 11163 0.109209
9000 37211 11163 0.103413
9000 37211 11163 0.109399
9000 37211 11163 0.106563
9000 37211 11163 0.106956
9000 37211 11163 0.106169
9000 37211 11163 0.098135
9000 37211 11163 0.096305
9000 37211 11163 0.110126
9000 37211 11163 0.103709
9000 37211 11163 0.100143
9000 37211 11163 0.107794
9000 37211 11163 0.105907
9000 37211 11163 0.106880
9000 37211 11163 0.109004
9000 37211 11163 0.128514
9000 37211 11163 0.103233
9000 37211 11163 0.116914
9000 37211 11163 0.101921
9000 37211 11163 0.115969
9000 37211 11163 0.101557
9000 37211 11163 0.098167
9000 37211 11163 0.111767
9000 37211 11163 0.107110
9000 37211 11163 0.105908
9000 37211 11163 0.106818
9000 37211 11163 0.129176
9000 37211 11163 0.094239
9000 37211 11163 0.102971
9000 37211 11163 0.101791
9000 37211 11163 0.100539
9000 37211 11163 0.104514
9000 37211 11163 0.108477
9000 37211 11163 0.109223
9000 37211 11163 0.099862
