100 185 55 0.000411
100 185 55 0.000067
100 185 55 0.000048
100 185 55 0.000045
100 185 55 0.000046
100 185 55 0.000047
100 185 55 0.000046
100 185 55 0.000043
100 185 55 0.000044
100 185 55 0.000048
100 185 55 0.000044
100 185 55 0.000046
100 185 55 0.000047
100 185 55 0.000044
100 185 55 0.000045
100 185 55 0.000045
100 185 55 0.000051
100 185 55 0.000046
100 185 55 0.000030
100 185 55 0.000053
100 185 55 0.000044
100 185 55 0.000045
100 185 55 0.000046
100 185 55 0.000045
100 185 55 0.000027
100 185 55 0.000045
100 185 55 0.000044
100 185 55 0.000044
100 185 55 0.000046
100 185 55 0.000043
100 185 55 0.000051
100 185 55 0.000043
100 185 55 0.000045
100 185 55 0.000045
100 185 55 0.000043
100 185 55 0.000046
100 185 55 0.000045
100 185 55 0.000030
100 185 55 0.000046
100 185 55 0.000045
100 185 55 0.000049
100 185 55 0.000043
100 185 55 0.000027
100 185 55 0.000047
100 185 55 0.000046
100 185 55 0.000046
100 185 55 0.000044
100 185 55 0.000044
100 185 55 0.000047
100 185 55 0.000046
100 185 55 0.000048
100 185 55 0.000048
100 185 55 0.000028
100 185 55 0.000044
100 185 55 0.000044
100 185 55 0.000044
100 185 55 0.000045
100 185 55 0.000044
100 185 55 0.000041
100 185 55 0.000043
100 185 55 0.000042
100 185 55 0.000044
100 185 55 0.000043
100 185 55 0.000044
100 185 55 0.000043
100 185 55 0.000044
100 185 55 0.000042
100 185 55 0.000048
100 185 55 0.000028
100 185 55 0.000045
100 185 55 0.000046
100 185 55 0.000044
100 185 55 0.000044
100 185 55 0.000043
100 185 55 0.000046
100 185 55 0.000044
100 185 55 0.000046
100 185 55 0.000042
100 185 55 0.000045
100 185 55 0.000044
100 185 55 0.000046
100 185 55 0.000044
100 185 55 0.000043
100 185 55 0.000042
100 185 55 0.000046
100 185 55 0.000045
100 185 55 0.000045
100 185 55 0.000042
100 185 55 0.000045
100 185 55 0.000044
100 185 55 0.000042
100 185 55 0.000043
100 185 55 0.000043
100 185 55 0.000042
100 185 55 0.000042
100 185 55 0.000030
100 185 55 0.000044
100 185 55 0.000044
100 185 55 0.000047
100 185 55 0.000049
100 185 55 0.000045
200 442 132 0.000567
200 442 132 0.000054
200 442 132 0.000074
200 442 132 0.000057
200 442 132 0.000055
200 442 132 0.000060
200 442 132 0.000063
200 442 132 0.000059
200 442 132 0.000060
200 442 132 0.000059
200 442 132 0.000054
200 442 132 0.000067
200 442 132 0.000065
200 442 132 0.000061
200 442 132 0.000063
200 442 132 0.000067
200 442 132 0.000056
200 442 132 0.000060
200 442 132 0.000057
200 442 132 0.000057
200 442 132 0.000056
200 442 132 0.000052
200 442 132 0.000053
200 442 132 0.000061
200 442 132 0.000065
200 442 132 0.000052
200 442 132 0.000054
200 442 132 0.000060
200 442 132 0.000057
200 442 132 0.000064
200 442 132 0.000055
200 442 132 0.000067
200 442 132 0.000053
200 442 132 0.000055
200 442 132 0.000055
200 442 132 0.000054
200 442 132 0.000052
200 442 132 0.000056
200 442 132 0.000054
200 442 132 0.000056
200 442 132 0.000050
200 442 132 0.000060
200 442 132 0.000055
200 442 132 0.000055
200 442 132 0.000058
200 442 132 0.000056
200 442 132 0.000053
200 442 132 0.000056
200 442 132 0.000043
200 442 132 0.000054
200 442 132 0.000052
200 442 132 0.000055
200 442 132 0.000055
200 442 132 0.000054
200 442 132 0.000049
200 442 132 0.000052
200 442 132 0.000050
200 442 132 0.000051
200 442 132 0.000058
200 442 132 0.000054
200 442 132 0.000039
200 442 132 0.000060
200 442 132 0.000057
200 442 132 0.000062
200 442 132 0.000061
200 442 132 0.000051
200 442 132 0.000062
200 442 132 0.000060
200 442 132 0.000059
200 442 132 0.000051
200 442 132 0.000056
200 442 132 0.000055
200 442 132 0.000038
200 442 132 0.000055
200 442 132 0.000060
200 442 132 0.000060
200 442 132 0.000056
200 442 132 0.000057
200 442 132 0.000067
200 442 132 0.000065
200 442 132 0.000051
200 442 132 0.000056
200 442 132 0.000061
200 442 132 0.000054
200 442 132 0.000053
200 442 132 0.000057
200 442 132 0.000058
200 442 132 0.000055
200 442 132 0.000058
200 442 132 0.000055
200 442 132 0.000058
200 442 132 0.000054
200 442 132 0.000059
200 442 132 0.000056
200 442 132 0.000061
200 442 132 0.000057
200 442 132 0.000054
200 442 132 0.000053
200 442 132 0.000057
200 442 132 0.000058
200 442 132 0.000050
300 726 217 0.000868
300 726 217 0.000112
300 726 217 0.000117
300 726 217 0.000102
300 726 217 0.000108
300 726 217 0.000096
300 726 217 0.000089
300 726 217 0.000092
300 726 217 0.000106
300 726 217 0.000084
300 726 217 0.000083
300 726 217 0.000081
300 726 217 0.000088
300 726 217 0.000080
300 726 217 0.000073
300 726 217 0.000074
300 726 217 0.000089
300 726 217 0.000094
300 726 217 0.000085
300 726 217 0.000077
300 726 217 0.000091
300 726 217 0.000093
300 726 217 0.000077
300 726 217 0.000076
300 726 217 0.000076
300 726 217 0.000075
300 726 217 0.000077
300 726 217 0.000092
300 726 217 0.000079
300 726 217 0.000084
300 726 217 0.000083
300 726 217 0.000085
300 726 217 0.000093
300 726 217 0.000082
300 726 217 0.000075
300 726 217 0.000093
300 726 217 0.000075
300 726 217 0.000078
300 726 217 0.000070
300 726 217 0.000082
300 726 217 0.000086
300 726 217 0.000085
300 726 217 0.000104
300 726 217 0.000082
300 726 217 0.000083
300 726 217 0.000075
300 726 217 0.000085
300 726 217 0.000100
300 726 217 0.000081
300 726 217 0.000091
300 726 217 0.000084
300 726 217 0.000094
300 726 217 0.000092
300 726 217 0.000080
300 726 217 0.000082
300 726 217 0.000058
300 726 217 0.000079
300 726 217 0.000076
300 726 217 0.000088
300 726 217 0.000081
300 726 217 0.000097
300 726 217 0.000071
300 726 217 0.000075
300 726 217 0.000081
300 726 217 0.000083
300 726 217 0.000079
300 726 217 0.000091
300 726 217 0.000066
300 726 217 0.000070
300 726 217 0.000088
300 726 217 0.000089
300 726 217 0.000090
300 726 217 0.000072
300 726 217 0.000078
300 726 217 0.000087
300 726 217 0.000089
300 726 217 0.000090
300 726 217 0.000073
300 726 217 0.000073
300 726 217 0.000097
300 726 217 0.000081
300 726 217 0.000077
300 726 217 0.000074
300 726 217 0.000077
300 726 217 0.000082
300 726 217 0.000066
300 726 217 0.000087
300 726 217 0.000086
300 726 217 0.000082
300 726 217 0.000085
300 726 217 0.000074
300 726 217 0.000073
300 726 217 0.000093
300 726 217 0.000084
300 726 217 0.000089
300 726 217 0.000080
300 726 217 0.000083
300 726 217 0.000070
300 726 217 0.000075
300 726 217 0.000078
300 726 217 0.000070
400 1026 307 0.001018
400 1026 307 0.000200
400 1026 307 0.000172
400 1026 307 0.000157
400 1026 307 0.000162
400 1026 307 0.000162
400 1026 307 0.000146
400 1026 307 0.000150
400 1026 307 0.000151
400 1026 307 0.000139
400 1026 307 0.000193
400 1026 307 0.000155
400 1026 307 0.000156
400 1026 307 0.000147
400 1026 307 0.000133
400 1026 307 0.000124
400 1026 307 0.000136
400 1026 307 0.000166
400 1026 307 0.000143
400 1026 307 0.000131
400 1026 307 0.000134
400 1026 307 0.000143
400 1026 307 0.000133
400 1026 307 0.000129
400 1026 307 0.000128
400 1026 307 0.000122
400 1026 307 0.000133
400 1026 307 0.000130
400 1026 307 0.000131
400 1026 307 0.000119
400 1026 307 0.000131
400 1026 307 0.000130
400 1026 307 0.000118
400 1026 307 0.000126
400 1026 307 0.000121
400 1026 307 0.000123
400 1026 307 0.000121
400 1026 307 0.000141
400 1026 307 0.000183
400 1026 307 0.000133
400 1026 307 0.000122
400 1026 307 0.000134
400 1026 307 0.000132
400 1026 307 0.000136
400 1026 307 0.000122
400 1026 307 0.000134
400 1026 307 0.000147
400 1026 307 0.000143
400 1026 307 0.000117
400 1026 307 0.000123
400 1026 307 0.000135
400 1026 307 0.000123
400 1026 307 0.000132
400 1026 307 0.000113
400 1026 307 0.000139
400 1026 307 0.000121
400 1026 307 0.000135
400 1026 307 0.000173
400 1026 307 0.000147
400 1026 307 0.000143
400 1026 307 0.000149
400 1026 307 0.000130
400 1026 307 0.000114
400 1026 307 0.000131
400 1026 307 0.000145
400 1026 307 0.000145
400 1026 307 0.000166
400 1026 307 0.000126
400 1026 307 0.000143
400 1026 307 0.000133
400 1026 307 0.000137
400 1026 307 0.000153
400 1026 307 0.000124
400 1026 307 0.000123
400 1026 307 0.000113
400 1026 307 0.000138
400 1026 307 0.000158
400 1026 307 0.000136
400 1026 307 0.000156
400 1026 307 0.000143
400 1026 307 0.000128
400 1026 307 0.000146
400 1026 307 0.000135
400 1026 307 0.000130
400 1026 307 0.000139
400 1026 307 0.000147
400 1026 307 0.000131
400 1026 307 0.000131
400 1026 307 0.000121
400 1026 307 0.000139
400 1026 307 0.000131
400 1026 307 0.000122
400 1026 307 0.000132
400 1026 307 0.000123
400 1026 307 0.000119
400 1026 307 0.000148
400 1026 307 0.000121
400 1026 307 0.000142
400 1026 307 0.000124
400 1026 307 0.000118
400 1026 307 0.000140
500 1340 402 0.001407
500 1340 402 0.000263
500 1340 402 0.000250
500 1340 402 0.000246
500 1340 402 0.000275
500 1340 402 0.000233
500 1340 402 0.000252
500 1340 402 0.000205
500 1340 402 0.000276
500 1340 402 0.000192
500 1340 402 0.000199
500 1340 402 0.000184
500 1340 402 0.000218
500 1340 402 0.000196
500 1340 402 0.000220
500 1340 402 0.000186
500 1340 402 0.000209
500 1340 402 0.000189
500 1340 402 0.000184
500 1340 402 0.000200
500 1340 402 0.000202
500 1340 402 0.000220
500 1340 402 0.000212
500 1340 402 0.000197
500 1340 402 0.000203
500 1340 402 0.000191
500 1340 402 0.000207
500 1340 402 0.000181
500 1340 402 0.000181
500 1340 402 0.000182
500 1340 402 0.000187
500 1340 402 0.000185
500 1340 402 0.000198
500 1340 402 0.000186
500 1340 402 0.000218
500 1340 402 0.000194
500 1340 402 0.000224
500 1340 402 0.000189
500 1340 402 0.000178
500 1340 402 0.000187
500 1340 402 0.000204
500 1340 402 0.000189
500 1340 402 0.000213
500 1340 402 0.000176
500 1340 402 0.000172
500 1340 402 0.000188
500 1340 402 0.000191
500 1340 402 0.000178
500 1340 402 0.000170
500 1340 402 0.000183
500 1340 402 0.000196
500 1340 402 0.000178
500 1340 402 0.000146
500 1340 402 0.000207
500 1340 402 0.000219
500 1340 402 0.000194
500 1340 402 0.000202
500 1340 402 0.000199
500 1340 402 0.000194
500 1340 402 0.000192
500 1340 402 0.000226
500 1340 402 0.000191
500 1340 402 0.000180
500 1340 402 0.000184
500 1340 402 0.000197
500 1340 402 0.000204
500 1340 402 0.000201
500 1340 402 0.000203
500 1340 402 0.000203
500 1340 402 0.000189
500 1340 402 0.000214
500 1340 402 0.000214
500 1340 402 0.000212
500 1340 402 0.000190
500 1340 402 0.000195
500 1340 402 0.000180
500 1340 402 0.000187
500 1340 402 0.000189
500 1340 402 0.000171
500 1340 402 0.000187
500 1340 402 0.000188
500 1340 402 0.000193
500 1340 402 0.000193
500 1340 402 0.000172
500 1340 402 0.000191
500 1340 402 0.000182
500 1340 402 0.000178
500 1340 402 0.000185
500 1340 402 0.000199
500 1340 402 0.000204
500 1340 402 0.000202
500 1340 402 0.000173
500 1340 402 0.000210
500 1340 402 0.000171
500 1340 402 0.000200
500 1340 402 0.000194
500 1340 402 0.000189
500 1340 402 0.000230
500 1340 402 0.000203
500 1340 402 0.000185
500 1340 402 0.000196
600 1663 498 0.001310
600 1663 498 0.000507
600 1663 498 0.000435
600 1663 498 0.000384
600 1663 498 0.000406
600 1663 498 0.000384
600 1663 498 0.000364
600 1663 498 0.000258
600 1663 498 0.000414
600 1663 498 0.000331
600 1663 498 0.000367
600 1663 498 0.000295
600 1663 498 0.000316
600 1663 498 0.000344
600 1663 498 0.000406
600 1663 498 0.000433
600 1663 498 0.000312
600 1663 498 0.000308
600 1663 498 0.000280
600 1663 498 0.000270
600 1663 498 0.000292
600 1663 498 0.000274
600 1663 498 0.000276
600 1663 498 0.000329
600 1663 498 0.000289
600 1663 498 0.000273
600 1663 498 0.000400
600 1663 498 0.000276
600 1663 498 0.000259
600 1663 498 0.000274
600 1663 498 0.000272
600 1663 498 0.000349
600 1663 498 0.000351
600 1663 498 0.000303
600 1663 498 0.000273
600 1663 498 0.000276
600 1663 498 0.000311
600 1663 498 0.000272
600 1663 498 0.000275
600 1663 498 0.000284
600 1663 498 0.000294
600 1663 498 0.000293
600 1663 498 0.000293
600 1663 498 0.000269
600 1663 498 0.000329
600 1663 498 0.000280
600 1663 498 0.000281
600 1663 498 0.000333
600 1663 498 0.000297
600 1663 498 0.000314
600 1663 498 0.000272
600 1663 498 0.000305
600 1663 498 0.000287
600 1663 498 0.000261
600 1663 498 0.000248
600 1663 498 0.000282
600 1663 498 0.000272
600 1663 498 0.000333
600 1663 498 0.000241
600 1663 498 0.000268
600 1663 498 0.000268
600 1663 498 0.000329
600 1663 498 0.000271
600 1663 498 0.000291
600 1663 498 0.000262
600 1663 498 0.000271
600 1663 498 0.000295
600 1663 498 0.000267
600 1663 498 0.000254
600 1663 498 0.000286
600 1663 498 0.000296
600 1663 498 0.000292
600 1663 498 0.000289
600 1663 498 0.000265
600 1663 498 0.000293
600 1663 498 0.000276
600 1663 498 0.000269
600 1663 498 0.000278
600 1663 498 0.000305
600 1663 498 0.000300
600 1663 498 0.000280
600 1663 498 0.001438
600 1663 498 0.000282
600 1663 498 0.000257
600 1663 498 0.000303
600 1663 498 0.000278
600 1663 498 0.000246
600 1663 498 0.000285
600 1663 498 0.000242
600 1663 498 0.000268
600 1663 498 0.000245
600 1663 498 0.000271
600 1663 498 0.000321
600 1663 498 0.000277
600 1663 498 0.000309
600 1663 498 0.000248
600 1663 498 0.000293
600 1663 498 0.000273
600 1663 498 0.000305
600 1663 498 0.000272
600 1663 498 0.000279
700 1995 598 0.001463
700 1995 598 0.000502
700 1995 598 0.000596
700 1995 598 0.000477
700 1995 598 0.000442
700 1995 598 0.000478
700 1995 598 0.000458
700 1995 598 0.000468
700 1995 598 0.000408
700 1995 598 0.000523
700 1995 598 0.000462
700 1995 598 0.000393
700 1995 598 0.000457
700 1995 598 0.000405
700 1995 598 0.000409
700 1995 598 0.000380
700 1995 598 0.000419
700 1995 598 0.000368
700 1995 598 0.000411
700 1995 598 0.000362
700 1995 598 0.000377
700 1995 598 0.000452
700 1995 598 0.000376
700 1995 598 0.000372
700 1995 598 0.000377
700 1995 598 0.000354
700 1995 598 0.000504
700 1995 598 0.000366
700 1995 598 0.000356
700 1995 598 0.000364
700 1995 598 0.000337
700 1995 598 0.000354
700 1995 598 0.000371
700 1995 598 0.000370
700 1995 598 0.000399
700 1995 598 0.000364
700 1995 598 0.000373
700 1995 598 0.000357
700 1995 598 0.000404
700 1995 598 0.000360
700 1995 598 0.000393
700 1995 598 0.000490
700 1995 598 0.000345
700 1995 598 0.000360
700 1995 598 0.000406
700 1995 598 0.000366
700 1995 598 0.000378
700 1995 598 0.000362
700 1995 598 0.000290
700 1995 598 0.000396
700 1995 598 0.000402
700 1995 598 0.000350
700 1995 598 0.000420
700 1995 598 0.000363
700 1995 598 0.000367
700 1995 598 0.000459
700 1995 598 0.000341
700 1995 598 0.000346
700 1995 598 0.002963
700 1995 598 0.000406
700 1995 598 0.000374
700 1995 598 0.000358
700 1995 598 0.000356
700 1995 598 0.000371
700 1995 598 0.000345
700 1995 598 0.000354
700 1995 598 0.000363
700 1995 598 0.000363
700 1995 598 0.000468
700 1995 598 0.000465
700 1995 598 0.000353
700 1995 598 0.000372
700 1995 598 0.000389
700 1995 598 0.000357
700 1995 598 0.000370
700 1995 598 0.000387
700 1995 598 0.000364
700 1995 598 0.000452
700 1995 598 0.000361
700 1995 598 0.000341
700 1995 598 0.000352
700 1995 598 0.000343
700 1995 598 0.000266
700 1995 598 0.000377
700 1995 598 0.000352
700 1995 598 0.000400
700 1995 598 0.000358
700 1995 598 0.000383
700 1995 598 0.000363
700 1995 598 0.000352
700 1995 598 0.000350
700 1995 598 0.000371
700 1995 598 0.000360
700 1995 598 0.000377
700 1995 598 0.000434
700 1995 598 0.000352
700 1995 598 0.000375
700 1995 598 0.000367
700 1995 598 0.000447
700 1995 598 0.000377
700 1995 598 0.000378
800 2334 700 0.002282
800 2334 700 0.000811
800 2334 700 0.000710
800 2334 700 0.000667
800 2334 700 0.000626
800 2334 700 0.000659
800 2334 700 0.000635
800 2334 700 0.000549
800 2334 700 0.000562
800 2334 700 0.000526
800 2334 700 0.000513
800 2334 700 0.000589
800 2334 700 0.000581
800 2334 700 0.000559
800 2334 700 0.000491
800 2334 700 0.000497
800 2334 700 0.000497
800 2334 700 0.000540
800 2334 700 0.000486
800 2334 700 0.000527
800 2334 700 0.000530
800 2334 700 0.000543
800 2334 700 0.000500
800 2334 700 0.000515
800 2334 700 0.000539
800 2334 700 0.000459
800 2334 700 0.000701
800 2334 700 0.000450
800 2334 700 0.000466
800 2334 700 0.000482
800 2334 700 0.000485
800 2334 700 0.000491
800 2334 700 0.000474
800 2334 700 0.000492
800 2334 700 0.000451
800 2334 700 0.000456
800 2334 700 0.000474
800 2334 700 0.000437
800 2334 700 0.002972
800 2334 700 0.000488
800 2334 700 0.000525
800 2334 700 0.000495
800 2334 700 0.000482
800 2334 700 0.000473
800 2334 700 0.000516
800 2334 700 0.000685
800 2334 700 0.000643
800 2334 700 0.000505
800 2334 700 0.000516
800 2334 700 0.000633
800 2334 700 0.000537
800 2334 700 0.000500
800 2334 700 0.000515
800 2334 700 0.000455
800 2334 700 0.000725
800 2334 700 0.000489
800 2334 700 0.000505
800 2334 700 0.000656
800 2334 700 0.000492
800 2334 700 0.000514
800 2334 700 0.000496
800 2334 700 0.000471
800 2334 700 0.000492
800 2334 700 0.000486
800 2334 700 0.000450
800 2334 700 0.000485
800 2334 700 0.000492
800 2334 700 0.000495
800 2334 700 0.000501
800 2334 700 0.000502
800 2334 700 0.000472
800 2334 700 0.000467
800 2334 700 0.000485
800 2334 700 0.000503
800 2334 700 0.000483
800 2334 700 0.000495
800 2334 700 0.000469
800 2334 700 0.000499
800 2334 700 0.000514
800 2334 700 0.000444
800 2334 700 0.000513
800 2334 700 0.000478
800 2334 700 0.000454
800 2334 700 0.000603
800 2334 700 0.000372
800 2334 700 0.002724
800 2334 700 0.000497
800 2334 700 0.000471
800 2334 700 0.000465
800 2334 700 0.000478
800 2334 700 0.000498
800 2334 700 0.000444
800 2334 700 0.000497
800 2334 700 0.000457
800 2334 700 0.000529
800 2334 700 0.000474
800 2334 700 0.000393
800 2334 700 0.000458
800 2334 700 0.000493
800 2334 700 0.000461
800 2334 700 0.000466
900 2680 804 0.002830
900 2680 804 0.001001
900 2680 804 0.000791
900 2680 804 0.000903
900 2680 804 0.000882
900 2680 804 0.000783
900 2680 804 0.000810
900 2680 804 0.000763
900 2680 804 0.000840
900 2680 804 0.000961
900 2680 804 0.000676
900 2680 804 0.000709
900 2680 804 0.000705
900 2680 804 0.000685
900 2680 804 0.000722
900 2680 804 0.000657
900 2680 804 0.000633
900 2680 804 0.000668
900 2680 804 0.000647
900 2680 804 0.000639
900 2680 804 0.000648
900 2680 804 0.000626
900 2680 804 0.000714
900 2680 804 0.000627
900 2680 804 0.000718
900 2680 804 0.000856
900 2680 804 0.000682
900 2680 804 0.000641
900 2680 804 0.000648
900 2680 804 0.003717
900 2680 804 0.000669
900 2680 804 0.000605
900 2680 804 0.000841
900 2680 804 0.000654
900 2680 804 0.000649
900 2680 804 0.000643
900 2680 804 0.000658
900 2680 804 0.000610
900 2680 804 0.000632
900 2680 804 0.000613
900 2680 804 0.000635
900 2680 804 0.000640
900 2680 804 0.000601
900 2680 804 0.000614
900 2680 804 0.000612
900 2680 804 0.000683
900 2680 804 0.000675
900 2680 804 0.000598
900 2680 804 0.000630
900 2680 804 0.000626
900 2680 804 0.000653
900 2680 804 0.000632
900 2680 804 0.000613
900 2680 804 0.000647
900 2680 804 0.000634
900 2680 804 0.000646
900 2680 804 0.000643
900 2680 804 0.000449
900 2680 804 0.000625
900 2680 804 0.002459
900 2680 804 0.000628
900 2680 804 0.000610
900 2680 804 0.000614
900 2680 804 0.000593
900 2680 804 0.000641
900 2680 804 0.000612
900 2680 804 0.000627
900 2680 804 0.000592
900 2680 804 0.000654
900 2680 804 0.000638
900 2680 804 0.000614
900 2680 804 0.000612
900 2680 804 0.000613
900 2680 804 0.000659
900 2680 804 0.002447
900 2680 804 0.000882
900 2680 804 0.000637
900 2680 804 0.000635
900 2680 804 0.000596
900 2680 804 0.000623
900 2680 804 0.000637
900 2680 804 0.000609
900 2680 804 0.000665
900 2680 804 0.000595
900 2680 804 0.000625
900 2680 804 0.000589
900 2680 804 0.000589
900 2680 804 0.000617
900 2680 804 0.000615
900 2680 804 0.000600
900 2680 804 0.002858
900 2680 804 0.000612
900 2680 804 0.000599
900 2680 804 0.000599
900 2680 804 0.000664
900 2680 804 0.000665
900 2680 804 0.000647
900 2680 804 0.000611
900 2680 804 0.000608
900 2680 804 0.000597
900 2680 804 0.000663
1000 3031 909 0.002939
1000 3031 909 0.001349
1000 3031 909 0.001214
1000 3031 909 0.001421
1000 3031 909 0.001126
1000 3031 909 0.001093
1000 3031 909 0.001164
1000 3031 909 0.001296
1000 3031 909 0.000984
1000 3031 909 0.000969
1000 3031 909 0.000966
1000 3031 909 0.000894
1000 3031 909 0.000866
1000 3031 909 0.000874
1000 3031 909 0.000816
1000 3031 909 0.000807
1000 3031 909 0.000904
1000 3031 909 0.001019
1000 3031 909 0.001097
1000 3031 909 0.000869
1000 3031 909 0.000825
1000 3031 909 0.000819
1000 3031 909 0.000799
1000 3031 909 0.000804
1000 3031 909 0.003643
1000 3031 909 0.000790
1000 3031 909 0.000775
1000 3031 909 0.000813
1000 3031 909 0.000775
1000 3031 909 0.000778
1000 3031 909 0.000766
1000 3031 909 0.000732
1000 3031 909 0.000755
1000 3031 909 0.000736
1000 3031 909 0.000833
1000 3031 909 0.000761
1000 3031 909 0.000761
1000 3031 909 0.000789
1000 3031 909 0.000752
1000 3031 909 0.000832
1000 3031 909 0.000764
1000 3031 909 0.001026
1000 3031 909 0.000783
1000 3031 909 0.000738
1000 3031 909 0.000779
1000 3031 909 0.000788
1000 3031 909 0.000778
1000 3031 909 0.000796
1000 3031 909 0.000749
1000 3031 909 0.002603
1000 3031 909 0.000769
1000 3031 909 0.000794
1000 3031 909 0.000751
1000 3031 909 0.000781
1000 3031 909 0.000731
1000 3031 909 0.000750
1000 3031 909 0.000723
1000 3031 909 0.000715
1000 3031 909 0.000697
1000 3031 909 0.000751
1000 3031 909 0.002962
1000 3031 909 0.000730
1000 3031 909 0.000707
1000 3031 909 0.000758
1000 3031 909 0.000756
1000 3031 909 0.000947
1000 3031 909 0.001007
1000 3031 909 0.000790
1000 3031 909 0.000719
1000 3031 909 0.000732
1000 3031 909 0.000769
1000 3031 909 0.002857
1000 3031 909 0.000788
1000 3031 909 0.000737
1000 3031 909 0.000742
1000 3031 909 0.000757
1000 3031 909 0.000750
1000 3031 909 0.000754
1000 3031 909 0.000773
1000 3031 909 0.000725
1000 3031 909 0.000804
1000 3031 909 0.000756
1000 3031 909 0.000786
1000 3031 909 0.000741
1000 3031 909 0.000761
1000 3031 909 0.000732
1000 3031 909 0.000754
1000 3031 909 0.000764
1000 3031 909 0.000758
1000 3031 909 0.000765
1000 3031 909 0.003469
1000 3031 909 0.000772
1000 3031 909 0.000963
1000 3031 909 0.000744
1000 3031 909 0.000690
1000 3031 909 0.000716
1000 3031 909 0.000730
1000 3031 909 0.000806
1000 3031 909 0.000737
1000 3031 909 0.000956
1000 3031 909 0.000784
2000 6760 2028 0.011563
2000 6760 2028 0.009520
2000 6760 2028 0.007711
2000 6760 2028 0.008151
2000 6760 2028 0.006535
2000 6760 2028 0.006594
2000 6760 2028 0.006341
2000 6760 2028 0.006737
2000 6760 2028 0.005649
2000 6760 2028 0.006187
2000 6760 2028 0.006139
2000 6760 2028 0.004321
2000 6760 2028 0.004791
2000 6760 2028 0.005087
2000 6760 2028 0.003712
2000 6760 2028 0.004160
2000 6760 2028 0.004086
2000 6760 2028 0.004736
2000 6760 2028 0.003322
2000 6760 2028 0.004789
2000 6760 2028 0.003121
2000 6760 2028 0.003031
2000 6760 2028 0.004181
2000 6760 2028 0.004057
2000 6760 2028 0.003937
2000 6760 2028 0.005612
2000 6760 2028 0.004159
2000 6760 2028 0.004047
2000 6760 2028 0.004218
2000 6760 2028 0.003866
2000 6760 2028 0.003843
2000 6760 2028 0.003082
2000 6760 2028 0.004415
2000 6760 2028 0.003929
2000 6760 2028 0.003968
2000 6760 2028 0.004139
2000 6760 2028 0.002972
2000 6760 2028 0.004034
2000 6760 2028 0.003121
2000 6760 2028 0.005460
2000 6760 2028 0.004171
2000 6760 2028 0.003888
2000 6760 2028 0.005235
2000 6760 2028 0.002933
2000 6760 2028 0.002966
2000 6760 2028 0.003049
2000 6760 2028 0.003023
2000 6760 2028 0.003952
2000 6760 2028 0.004477
2000 6760 2028 0.003939
2000 6760 2028 0.003059
2000 6760 2028 0.004048
2000 6760 2028 0.003069
2000 6760 2028 0.002951
2000 6760 2028 0.002942
2000 6760 2028 0.002969
2000 6760 2028 0.002982
2000 6760 2028 0.004929
2000 6760 2028 0.002929
2000 6760 2028 0.003796
2000 6760 2028 0.003853
2000 6760 2028 0.004300
2000 6760 2028 0.002934
2000 6760 2028 0.003022
2000 6760 2028 0.004125
2000 6760 2028 0.004121
2000 6760 2028 0.004015
2000 6760 2028 0.003088
2000 6760 2028 0.003743
2000 6760 2028 0.003061
2000 6760 2028 0.003068
2000 6760 2028 0.003062
2000 6760 2028 0.004068
2000 6760 2028 0.003110
2000 6760 2028 0.003970
2000 6760 2028 0.003108
2000 6760 2028 0.003910
2000 6760 2028 0.003912
2000 6760 2028 0.002900
2000 6760 2028 0.003872
2000 6760 2028 0.003908
2000 6760 2028 0.004058
2000 6760 2028 0.002937
2000 6760 2028 0.003796
2000 6760 2028 0.002943
2000 6760 2028 0.003763
2000 6760 2028 0.003913
2000 6760 2028 0.003093
2000 6760 2028 0.005286
2000 6760 2028 0.003868
2000 6760 2028 0.004132
2000 6760 2028 0.004195
2000 6760 2028 0.003939
2000 6760 2028 0.002931
2000 6760 2028 0.003015
2000 6760 2028 0.002976
2000 6760 2028 0.002989
2000 6760 2028 0.004001
2000 6760 2028 0.003798
2000 6760 2028 0.002977
2000 6760 2028 0.003800
5000 19200 5760 0.267662
5000 19200 5760 0.240098
5000 19200 5760 0.214082
5000 19200 5760 0.192813
5000 19200 5760 0.181716
5000 19200 5760 0.155281
5000 19200 5760 0.139563
5000 19200 5760 0.119890
5000 19200 5760 0.096561
5000 19200 5760 0.083258
5000 19200 5760 0.061514
5000 19200 5760 0.057277
5000 19200 5760 0.046601
5000 19200 5760 0.039095
5000 19200 5760 0.030991
5000 19200 5760 0.038525
5000 19200 5760 0.031300
5000 19200 5760 0.034111
5000 19200 5760 0.032339
5000 19200 5760 0.035320
5000 19200 5760 0.033496
5000 19200 5760 0.027269
5000 19200 5760 0.031933
5000 19200 5760 0.030178
5000 19200 5760 0.028202
5000 19200 5760 0.031829
5000 19200 5760 0.034247
5000 19200 5760 0.030109
5000 19200 5760 0.030065
5000 19200 5760 0.032173
5000 19200 5760 0.039554
5000 19200 5760 0.032178
5000 19200 5760 0.036162
5000 19200 5760 0.028456
5000 19200 5760 0.029155
5000 19200 5760 0.030213
5000 19200 5760 0.032955
5000 19200 5760 0.026210
5000 19200 5760 0.036879
5000 19200 5760 0.027371
5000 19200 5760 0.029224
5000 19200 5760 0.034303
5000 19200 5760 0.030051
5000 19200 5760 0.038397
5000 19200 5760 0.027811
5000 19200 5760 0.031180
5000 19200 5760 0.028702
5000 19200 5760 0.034922
5000 19200 5760 0.033075
5000 19200 5760 0.031548
5000 19200 5760 0.036220
5000 19200 5760 0.029909
5000 19200 5760 0.033177
5000 19200 5760 0.031157
5000 19200 5760 0.032476
5000 19200 5760 0.029469
5000 19200 5760 0.035661
5000 19200 5760 0.027994
5000 19200 5760 0.030548
5000 19200 5760 0.029864
5000 19200 5760 0.030800
5000 19200 5760 0.031607
5000 19200 5760 0.035138
5000 19200 5760 0.031028
5000 19200 5760 0.032888
5000 19200 5760 0.028789
5000 19200 5760 0.030744
5000 19200 5760 0.029675
5000 19200 5760 0.031629
5000 19200 5760 0.029852
5000 19200 5760 0.031192
5000 19200 5760 0.032537
5000 19200 5760 0.033699
5000 19200 5760 0.032081
5000 19200 5760 0.033822
5000 19200 5760 0.032406
5000 19200 5760 0.030177
5000 19200 5760 0.030061
5000 19200 5760 0.032150
5000 19200 5760 0.028071
5000 19200 5760 0.034660
5000 19200 5760 0.033347
5000 19200 5760 0.029577
5000 19200 5760 0.034649
5000 19200 5760 0.032521
5000 19200 5760 0.033825
5000 19200 5760 0.031352
5000 19200 5760 0.032883
5000 19200 5760 0.031141
5000 19200 5760 0.030231
5000 19200 5760 0.031171
5000 19200 5760 0.035050
5000 19200 5760 0.033695
5000 19200 5760 0.035120
5000 19200 5760 0.041121
5000 19200 5760 0.030728
5000 19200 5760 0.028914
5000 19200 5760 0.031948
5000 19200 5760 0.040566
5000 19200 5760 0.030210
5000 19200 5760 0.032340
9000 37211 11163 1.134623
9000 37211 11163 1.085659
9000 37211 11163 1.011658
9000 37211 11163 0.997215
9000 37211 11163 0.957191
9000 37211 11163 0.866928
9000 37211 11163 0.765038
9000 37211 11163 0.663319
9000 37211 11163 0.567648
9000 37211 11163 0.459861
9000 37211 11163 0.397511
9000 37211 11163 0.265494
9000 37211 11163 0.222519
9000 37211 11163 0.166858
9000 37211 11163 0.138822
9000 37211 11163 0.112298
9000 37211 11163 0.129457
9000 37211 11163 0.137402
9000 37211 11163 0.136019
9000 37211 11163 0.108564
9000 37211 11163 0.102502
9000 37211 11163 0.107372
9000 37211 11163 0.107937
9000 37211 11163 0.101853
9000 37211 11163 0.135232
9000 37211 11163 0.172766
9000 37211 11163 0.138797
9000 37211 11163 0.102334
9000 37211 11163 0.106511
9000 37211 11163 0.102785
9000 37211 11163 0.110596
9000 37211 11163 0.106928
9000 37211 11163 0.110721
9000 37211 11163 0.106962
9000 37211 11163 0.107956
9000 37211 11163 0.097759
9000 37211 11163 0.107315
9000 37211 11163 0.104998
9000 37211 11163 0.104077
9000 37211 11163 0.107663
9000 37211 11163 0.116546
9000 37211 11163 0.099773
9000 37211 11163 0.109164
9000 37211 11163 0.112332
9000 37211 11163 0.098777
9000 37211 11163 0.130683
9000 37211 11163 0.100885
9000 37211 11163 0.101894
9000 37211 11163 0.099298
9000 37211 11163 0.108559
9000 37211 11163 0.106255
9000 37211 11163 0.114959
9000 37211 11163 0.102201
9000 37211 11163 0.096015
9000 37211 11163 0.100547
9000 37211 11163 0.097696
9000 37211 11163 0.105099
9000 37211 11163 0.127742
9000 37211 11163 0.100067
9000 37211 11163 0.104168
9000 37211 11163 0.113472
9000 37211 11163 0.105913
9000 37211 11163 0.099912
9000 37211 11163 0.103742
9000 37211 11163 0.101149
9000 37211 11163 0.102832
9000 37211 11163 0.108437
9000 37211 11163 0.133689
9000 37211 11163 0.102289
9000 37211 11163 0.106293
9000 37211 11163 0.105023
9000 37211 11163 0.109245
9000 37211 11163 0.100055
9000 37211 11163 0.110136
9000 37211 11163 0.105593
9000 37211 11163 0.106401
9000 37211 11163 0.098919
9000 37211 11163 0.108466
9000 37211 11163 0.112211
9000 37211 11163 0.101740
9000 37211 11163 0.098784
9000 37211 11163 0.100980
9000 37211 11163 0.116400
9000 37211 11163 0.110648
9000 37211 11163 0.102049
9000 37211 11163 0.113175
9000 37211 11163 0.108603
9000 37211 11163 0.109553
9000 37211 11163 0.115558
9000 37211 11163 0.106126
9000 37211 11163 0.098208
9000 37211 11163 0.105616
9000 37211 11163 0.107926
9000 37211 11163 0.102942
9000 37211 11163 0.104605
9000 37211 11163 0.115706
9000 37211 11163 0.102092
9000 37211 11163 0.115717
9000 37211 11163 0.130433
9000 37211 11163 0.105413
9000 37211 11163 0.100610
