10 10000 5000 0.000102
10 10000 5000 0.000040
10 10000 5000 0.000036
10 10000 5000 0.000035
10 10000 5000 0.000035
10 10000 5000 0.000035
10 10000 5000 0.000036
10 10000 5000 0.000035
10 10000 5000 0.000036
10 10000 5000 0.000035
10 10000 5000 0.000036
10 10000 5000 0.000035
10 10000 5000 0.000035
10 10000 5000 0.000036
10 10000 5000 0.000036
10 10000 5000 0.000035
10 10000 5000 0.000035
10 10000 5000 0.000036
10 10000 5000 0.000035
10 10000 5000 0.000036
10 10000 5000 0.000035
10 10000 5000 0.000035
10 10000 5000 0.000035
10 10000 5000 0.000035
10 10000 5000 0.000036
10 10000 5000 0.000035
10 10000 5000 0.000035
10 10000 5000 0.000036
10 10000 5000 0.000035
50 10000 5000 0.000242
50 10000 5000 0.000177
50 10000 5000 0.000177
50 10000 5000 0.000179
50 10000 5000 0.000177
50 10000 5000 0.000177
50 10000 5000 0.000177
50 10000 5000 0.000177
50 10000 5000 0.000177
50 10000 5000 0.000179
50 10000 5000 0.000177
50 10000 5000 0.000177
50 10000 5000 0.000177
50 10000 5000 0.000177
50 10000 5000 0.000176
50 10000 5000 0.000179
50 10000 5000 0.000177
50 10000 5000 0.000177
50 10000 5000 0.000177
50 10000 5000 0.000177
50 10000 5000 0.000177
50 10000 5000 0.000177
50 10000 5000 0.000176
50 10000 5000 0.000179
50 10000 5000 0.000177
50 10000 5000 0.000177
50 10000 5000 0.000177
50 10000 5000 0.000177
50 10000 5000 0.000177
50 10000 5000 0.000179
50 10000 5000 0.000177
50 10000 5000 0.000177
50 10000 5000 0.000179
50 10000 5000 0.000177
50 10000 5000 0.000177
50 10000 5000 0.000177
50 10000 5000 0.000177
50 10000 5000 0.000181
50 10000 5000 0.000177
50 10000 5000 0.000177
50 10000 5000 0.000177
50 10000 5000 0.000177
50 10000 5000 0.000177
50 10000 5000 0.000179
50 10000 5000 0.000176
50 10000 5000 0.000177
50 10000 5000 0.000176
100 10000 5000 0.000419
100 10000 5000 0.000347
100 10000 5000 0.000348
100 10000 5000 0.000350
100 10000 5000 0.000348
100 10000 5000 0.000346
100 10000 5000 0.000347
100 10000 5000 0.000346
100 10000 5000 0.000347
100 10000 5000 0.000350
100 10000 5000 0.000348
100 10000 5000 0.000345
100 10000 5000 0.000348
100 10000 5000 0.000354
100 10000 5000 0.000346
100 10000 5000 0.000348
100 10000 5000 0.000346
100 10000 5000 0.000346
100 10000 5000 0.000346
100 10000 5000 0.000344
100 10000 5000 0.000344
100 10000 5000 0.000345
100 10000 5000 0.000343
100 10000 5000 0.000343
100 10000 5000 0.000355
100 10000 5000 0.000352
100 10000 5000 0.000353
100 10000 5000 0.000353
100 10000 5000 0.000359
100 10000 5000 0.000359
100 10000 5000 0.000352
100 10000 5000 0.000352
100 10000 5000 0.000361
100 10000 5000 0.000359
100 10000 5000 0.000358
100 10000 5000 0.000352
100 10000 5000 0.000361
100 10000 5000 0.000359
100 10000 5000 0.000356
100 10000 5000 0.000356
100 10000 5000 0.000362
100 10000 5000 0.000360
100 10000 5000 0.000350
100 10000 5000 0.000354
100 10000 5000 0.000350
100 10000 5000 0.000353
100 10000 5000 0.000351
100 10000 5000 0.000358
100 10000 5000 0.000361
100 10000 5000 0.000350
100 10000 5000 0.000357
100 10000 5000 0.000350
100 10000 5000 0.000353
100 10000 5000 0.000346
100 10000 5000 0.000353
100 10000 5000 0.000353
100 10000 5000 0.000355
100 10000 5000 0.000345
100 10000 5000 0.000346
100 10000 5000 0.000346
100 10000 5000 0.000347
100 10000 5000 0.000347
100 10000 5000 0.000348
