10 10000 5000 0.000061
10 10000 5000 0.000034
10 10000 5000 0.000044
10 10000 5000 0.000044
10 10000 5000 0.000043
10 10000 5000 0.000037
10 10000 5000 0.000041
10 10000 5000 0.000040
10 10000 5000 0.000039
10 10000 5000 0.000038
10 10000 5000 0.000038
10 10000 5000 0.000039
10 10000 5000 0.000039
10 10000 5000 0.000038
10 10000 5000 0.000039
10 10000 5000 0.000039
10 10000 5000 0.000038
10 10000 5000 0.000041
10 10000 5000 0.000037
10 10000 5000 0.000035
10 10000 5000 0.000037
50 10000 5000 0.000306
50 10000 5000 0.000153
50 10000 5000 0.000158
50 10000 5000 0.000158
50 10000 5000 0.000155
50 10000 5000 0.000155
50 10000 5000 0.000151
50 10000 5000 0.000152
50 10000 5000 0.000149
50 10000 5000 0.000145
50 10000 5000 0.000151
50 10000 5000 0.000149
50 10000 5000 0.000148
50 10000 5000 0.000150
50 10000 5000 0.000149
50 10000 5000 0.000144
50 10000 5000 0.000147
50 10000 5000 0.000148
50 10000 5000 0.000146
50 10000 5000 0.000144
50 10000 5000 0.000148
50 10000 5000 0.000146
50 10000 5000 0.000146
50 10000 5000 0.000145
50 10000 5000 0.000143
50 10000 5000 0.000145
50 10000 5000 0.000147
50 10000 5000 0.000143
50 10000 5000 0.000147
50 10000 5000 0.000148
50 10000 5000 0.000147
50 10000 5000 0.000145
50 10000 5000 0.000141
50 10000 5000 0.000128
50 10000 5000 0.000133
50 10000 5000 0.000147
50 10000 5000 0.000145
50 10000 5000 0.000147
50 10000 5000 0.000146
50 10000 5000 0.000145
50 10000 5000 0.000150
50 10000 5000 0.000146
100 10000 5000 0.000539
100 10000 5000 0.000267
100 10000 5000 0.000242
100 10000 5000 0.000240
100 10000 5000 0.000239
100 10000 5000 0.000266
100 10000 5000 0.000258
100 10000 5000 0.000240
100 10000 5000 0.000233
100 10000 5000 0.000273
100 10000 5000 0.000274
100 10000 5000 0.000249
100 10000 5000 0.000239
100 10000 5000 0.000230
100 10000 5000 0.000228
100 10000 5000 0.000236
100 10000 5000 0.000238
100 10000 5000 0.000231
100 10000 5000 0.000265
100 10000 5000 0.000229
100 10000 5000 0.000237
100 10000 5000 0.000251
100 10000 5000 0.000227
100 10000 5000 0.000239
100 10000 5000 0.000234
100 10000 5000 0.000251
100 10000 5000 0.000256
100 10000 5000 0.000239
100 10000 5000 0.000243
100 10000 5000 0.000233
100 10000 5000 0.000237
100 10000 5000 0.000277
100 10000 5000 0.000232
100 10000 5000 0.000234
100 10000 5000 0.000264
100 10000 5000 0.004138
100 10000 5000 0.000261
100 10000 5000 0.000236
100 10000 5000 0.000230
100 10000 5000 0.000217
100 10000 5000 0.000229
100 10000 5000 0.000228
100 10000 5000 0.000229
100 10000 5000 0.000231
100 10000 5000 0.000232
100 10000 5000 0.000224
100 10000 5000 0.000244
100 10000 5000 0.000228
100 10000 5000 0.000227
100 10000 5000 0.000227
100 10000 5000 0.000240
100 10000 5000 0.000234
100 10000 5000 0.000263
100 10000 5000 0.000227
100 10000 5000 0.000232
100 10000 5000 0.000242
100 10000 5000 0.000234
100 10000 5000 0.000225
100 10000 5000 0.000214
100 10000 5000 0.000225
100 10000 5000 0.000216
100 10000 5000 0.000215
100 10000 5000 0.000208
100 10000 5000 0.000240
100 10000 5000 0.000223
100 10000 5000 0.000219
100 10000 5000 0.000220
100 10000 5000 0.000217
100 10000 5000 0.000224
100 10000 5000 0.000232
100 10000 5000 0.000225
100 10000 5000 0.000220
100 10000 5000 0.000225
100 10000 5000 0.000223
100 10000 5000 0.000217
100 10000 5000 0.000214
100 10000 5000 0.000217
100 10000 5000 0.000215
100 10000 5000 0.000218
100 10000 5000 0.000215
100 10000 5000 0.000215
100 10000 5000 0.000213
100 10000 5000 0.000216
100 10000 5000 0.000214
100 10000 5000 0.000214
100 10000 5000 0.000210
100 10000 5000 0.000211
100 10000 5000 0.000213
100 10000 5000 0.000212
100 10000 5000 0.000212
