100 185 55 0.000014
100 185 55 0.000006
100 185 55 0.000006
100 185 55 0.000006
100 185 55 0.000006
100 185 55 0.000007
100 185 55 0.000006
100 185 55 0.000006
100 185 55 0.000005
100 185 55 0.000006
100 185 55 0.000005
100 185 55 0.000006
100 185 55 0.000006
100 185 55 0.000006
100 185 55 0.000005
100 185 55 0.000006
100 185 55 0.000006
100 185 55 0.000005
100 185 55 0.000006
100 185 55 0.000006
100 185 55 0.000005
100 185 55 0.000006
100 185 55 0.000005
100 185 55 0.000006
100 185 55 0.000005
100 185 55 0.000007
100 185 55 0.000006
100 185 55 0.000006
100 185 55 0.000005
100 185 55 0.000006
100 185 55 0.000005
100 185 55 0.000006
100 185 55 0.000006
100 185 55 0.000006
100 185 55 0.000006
100 185 55 0.000007
100 185 55 0.000005
100 185 55 0.000006
100 185 55 0.000006
100 185 55 0.000006
100 185 55 0.000005
100 185 55 0.000006
100 185 55 0.000006
100 185 55 0.000006
100 185 55 0.000006
100 185 55 0.000006
100 185 55 0.000006
100 185 55 0.000006
100 185 55 0.000005
100 185 55 0.000006
100 185 55 0.000006
100 185 55 0.000006
100 185 55 0.000005
100 185 55 0.000006
100 185 55 0.000005
100 185 55 0.000005
100 185 55 0.000006
100 185 55 0.000006
100 185 55 0.000005
100 185 55 0.000006
100 185 55 0.000006
100 185 55 0.000006
100 185 55 0.000006
100 185 55 0.000006
100 185 55 0.000005
100 185 55 0.000005
100 185 55 0.000005
100 185 55 0.000006
100 185 55 0.000005
100 185 55 0.000006
100 185 55 0.000006
100 185 55 0.000006
100 185 55 0.000006
100 185 55 0.000006
100 185 55 0.000006
100 185 55 0.000006
100 185 55 0.000006
100 185 55 0.000005
100 185 55 0.000005
100 185 55 0.000006
100 185 55 0.000005
100 185 55 0.000006
100 185 55 0.000005
100 185 55 0.000006
100 185 55 0.000006
100 185 55 0.000006
100 185 55 0.000005
100 185 55 0.000006
100 185 55 0.000005
100 185 55 0.000005
100 185 55 0.000005
100 185 55 0.000006
100 185 55 0.000005
100 185 55 0.000005
100 185 55 0.000005
100 185 55 0.000006
100 185 55 0.000006
100 185 55 0.000006
100 185 55 0.000006
100 185 55 0.000006
100 185 55 0.000005
200 442 132 0.000059
200 442 132 0.000023
200 442 132 0.000035
200 442 132 0.000030
200 442 132 0.000035
200 442 132 0.000030
200 442 132 0.000032
200 442 132 0.000030
200 442 132 0.000035
200 442 132 0.000029
200 442 132 0.000033
200 442 132 0.000030
200 442 132 0.000032
200 442 132 0.000030
200 442 132 0.000032
200 442 132 0.000030
200 442 132 0.000032
200 442 132 0.000030
200 442 132 0.000032
200 442 132 0.000030
200 442 132 0.000031
200 442 132 0.000030
200 442 132 0.000032
200 442 132 0.000029
200 442 132 0.000031
200 442 132 0.000028
200 442 132 0.000032
200 442 132 0.000029
200 442 132 0.000032
200 442 132 0.000029
200 442 132 0.000032
200 442 132 0.000029
200 442 132 0.000031
200 442 132 0.000029
200 442 132 0.000030
200 442 132 0.000030
200 442 132 0.000032
200 442 132 0.000028
200 442 132 0.000033
200 442 132 0.000028
200 442 132 0.000031
200 442 132 0.000028
200 442 132 0.000029
200 442 132 0.000027
200 442 132 0.000032
200 442 132 0.000028
200 442 132 0.000032
200 442 132 0.000029
200 442 132 0.000032
200 442 132 0.000029
200 442 132 0.000032
200 442 132 0.000033
200 442 132 0.000032
200 442 132 0.000030
200 442 132 0.000031
200 442 132 0.000030
200 442 132 0.000031
200 442 132 0.000029
200 442 132 0.000031
200 442 132 0.000029
200 442 132 0.000030
200 442 132 0.000028
200 442 132 0.000028
200 442 132 0.000027
200 442 132 0.000030
200 442 132 0.000028
200 442 132 0.000029
200 442 132 0.000027
200 442 132 0.000030
200 442 132 0.000028
200 442 132 0.000030
200 442 132 0.000029
200 442 132 0.000030
200 442 132 0.000029
200 442 132 0.000032
200 442 132 0.000028
200 442 132 0.000032
200 442 132 0.000028
200 442 132 0.000032
200 442 132 0.000029
200 442 132 0.000033
200 442 132 0.000028
200 442 132 0.000033
200 442 132 0.000030
200 442 132 0.000032
200 442 132 0.000028
200 442 132 0.000033
200 442 132 0.000028
200 442 132 0.000032
200 442 132 0.000028
200 442 132 0.000030
200 442 132 0.000028
200 442 132 0.000031
200 442 132 0.000028
200 442 132 0.000030
200 442 132 0.000029
200 442 132 0.000030
200 442 132 0.000028
200 442 132 0.000034
200 442 132 0.000029
200 442 132 0.000031
300 726 217 0.000106
300 726 217 0.000056
300 726 217 0.000081
300 726 217 0.000073
300 726 217 0.000080
300 726 217 0.000074
300 726 217 0.000081
300 726 217 0.000071
300 726 217 0.000078
300 726 217 0.000069
300 726 217 0.000074
300 726 217 0.000074
300 726 217 0.000078
300 726 217 0.000074
300 726 217 0.000082
300 726 217 0.000075
300 726 217 0.000079
300 726 217 0.000073
300 726 217 0.000070
300 726 217 0.000078
300 726 217 0.000079
300 726 217 0.000075
300 726 217 0.000073
300 726 217 0.000073
300 726 217 0.000079
300 726 217 0.000076
300 726 217 0.000077
300 726 217 0.000073
300 726 217 0.000082
300 726 217 0.000076
300 726 217 0.000071
300 726 217 0.000068
300 726 217 0.000072
300 726 217 0.000073
300 726 217 0.000073
300 726 217 0.000074
300 726 217 0.000073
300 726 217 0.000071
300 726 217 0.000074
300 726 217 0.000072
300 726 217 0.000072
300 726 217 0.000078
300 726 217 0.000071
300 726 217 0.000071
300 726 217 0.000071
300 726 217 0.000073
300 726 217 0.000072
300 726 217 0.000077
300 726 217 0.000077
300 726 217 0.000074
300 726 217 0.000076
300 726 217 0.000074
300 726 217 0.000069
300 726 217 0.000065
300 726 217 0.000074
300 726 217 0.000073
300 726 217 0.000072
300 726 217 0.000072
300 726 217 0.000072
300 726 217 0.000077
300 726 217 0.000073
300 726 217 0.000076
300 726 217 0.000073
300 726 217 0.000075
300 726 217 0.000074
300 726 217 0.000074
300 726 217 0.000074
300 726 217 0.000074
300 726 217 0.000075
300 726 217 0.000078
300 726 217 0.000073
300 726 217 0.000073
300 726 217 0.000077
300 726 217 0.000072
300 726 217 0.000079
300 726 217 0.000073
300 726 217 0.000077
300 726 217 0.000072
300 726 217 0.000078
300 726 217 0.000074
300 726 217 0.000072
300 726 217 0.000073
300 726 217 0.000074
300 726 217 0.000073
300 726 217 0.000073
300 726 217 0.000081
300 726 217 0.000075
300 726 217 0.000073
300 726 217 0.000073
300 726 217 0.000075
300 726 217 0.000074
300 726 217 0.000073
300 726 217 0.000072
300 726 217 0.000072
300 726 217 0.000073
300 726 217 0.000071
300 726 217 0.000074
300 726 217 0.000071
300 726 217 0.000072
300 726 217 0.000073
300 726 217 0.000073
400 1026 307 0.000090
400 1026 307 0.000093
400 1026 307 0.000145
400 1026 307 0.000128
400 1026 307 0.000143
400 1026 307 0.000127
400 1026 307 0.000139
400 1026 307 0.000132
400 1026 307 0.000150
400 1026 307 0.000138
400 1026 307 0.000153
400 1026 307 0.000139
400 1026 307 0.000159
400 1026 307 0.000139
400 1026 307 0.000154
400 1026 307 0.000134
400 1026 307 0.000155
400 1026 307 0.000133
400 1026 307 0.000149
400 1026 307 0.000131
400 1026 307 0.000151
400 1026 307 0.000134
400 1026 307 0.000156
400 1026 307 0.000139
400 1026 307 0.000152
400 1026 307 0.000131
400 1026 307 0.000160
400 1026 307 0.000135
400 1026 307 0.000156
400 1026 307 0.000133
400 1026 307 0.000153
400 1026 307 0.000137
400 1026 307 0.000154
400 1026 307 0.000137
400 1026 307 0.000158
400 1026 307 0.000136
400 1026 307 0.000154
400 1026 307 0.000128
400 1026 307 0.000132
400 1026 307 0.000128
400 1026 307 0.000151
400 1026 307 0.000132
400 1026 307 0.000148
400 1026 307 0.000129
400 1026 307 0.000147
400 1026 307 0.000130
400 1026 307 0.000142
400 1026 307 0.000138
400 1026 307 0.000157
400 1026 307 0.000132
400 1026 307 0.000155
400 1026 307 0.000132
400 1026 307 0.000152
400 1026 307 0.000131
400 1026 307 0.000155
400 1026 307 0.000135
400 1026 307 0.000154
400 1026 307 0.000135
400 1026 307 0.000154
400 1026 307 0.000134
400 1026 307 0.000153
400 1026 307 0.000132
400 1026 307 0.000153
400 1026 307 0.000137
400 1026 307 0.000153
400 1026 307 0.000136
400 1026 307 0.000155
400 1026 307 0.000137
400 1026 307 0.000157
400 1026 307 0.000135
400 1026 307 0.000152
400 1026 307 0.000134
400 1026 307 0.000151
400 1026 307 0.000133
400 1026 307 0.000154
400 1026 307 0.000134
400 1026 307 0.000155
400 1026 307 0.000132
400 1026 307 0.000153
400 1026 307 0.000133
400 1026 307 0.000152
400 1026 307 0.000137
400 1026 307 0.000151
400 1026 307 0.000135
400 1026 307 0.000154
400 1026 307 0.000137
400 1026 307 0.000151
400 1026 307 0.000132
400 1026 307 0.000151
400 1026 307 0.000135
400 1026 307 0.000155
400 1026 307 0.000135
400 1026 307 0.000154
400 1026 307 0.000133
400 1026 307 0.000157
400 1026 307 0.000138
400 1026 307 0.000155
400 1026 307 0.000130
400 1026 307 0.000131
400 1026 307 0.000125
400 1026 307 0.000141
500 1340 402 0.000135
500 1340 402 0.000170
500 1340 402 0.000242
500 1340 402 0.000238
500 1340 402 0.000244
500 1340 402 0.000231
500 1340 402 0.000243
500 1340 402 0.000240
500 1340 402 0.000247
500 1340 402 0.000247
500 1340 402 0.000242
500 1340 402 0.000239
500 1340 402 0.000252
500 1340 402 0.000242
500 1340 402 0.000251
500 1340 402 0.000243
500 1340 402 0.000251
500 1340 402 0.000239
500 1340 402 0.000255
500 1340 402 0.000240
500 1340 402 0.000249
500 1340 402 0.000242
500 1340 402 0.000229
500 1340 402 0.000218
500 1340 402 0.000232
500 1340 402 0.000233
500 1340 402 0.000231
500 1340 402 0.000230
500 1340 402 0.000231
500 1340 402 0.000240
500 1340 402 0.000231
500 1340 402 0.000233
500 1340 402 0.000233
500 1340 402 0.000235
500 1340 402 0.000235
500 1340 402 0.000231
500 1340 402 0.000226
500 1340 402 0.000236
500 1340 402 0.000228
500 1340 402 0.000239
500 1340 402 0.000245
500 1340 402 0.000236
500 1340 402 0.000217
500 1340 402 0.000207
500 1340 402 0.000233
500 1340 402 0.000241
500 1340 402 0.000241
500 1340 402 0.000240
500 1340 402 0.000223
500 1340 402 0.000239
500 1340 402 0.000227
500 1340 402 0.000216
500 1340 402 0.000226
500 1340 402 0.000228
500 1340 402 0.000228
500 1340 402 0.000229
500 1340 402 0.000224
500 1340 402 0.000230
500 1340 402 0.000241
500 1340 402 0.000233
500 1340 402 0.000246
500 1340 402 0.000241
500 1340 402 0.000244
500 1340 402 0.000244
500 1340 402 0.000244
500 1340 402 0.000237
500 1340 402 0.000234
500 1340 402 0.000236
500 1340 402 0.000244
500 1340 402 0.000239
500 1340 402 0.000246
500 1340 402 0.000244
500 1340 402 0.000252
500 1340 402 0.000244
500 1340 402 0.000249
500 1340 402 0.000246
500 1340 402 0.000255
500 1340 402 0.000241
500 1340 402 0.000246
500 1340 402 0.000241
500 1340 402 0.000254
500 1340 402 0.000245
500 1340 402 0.000252
500 1340 402 0.000244
500 1340 402 0.000245
500 1340 402 0.000236
500 1340 402 0.000243
500 1340 402 0.000234
500 1340 402 0.000247
500 1340 402 0.000253
500 1340 402 0.000252
500 1340 402 0.000251
500 1340 402 0.000257
500 1340 402 0.000248
500 1340 402 0.000254
500 1340 402 0.000248
500 1340 402 0.000256
500 1340 402 0.000250
500 1340 402 0.000250
500 1340 402 0.000246
500 1340 402 0.000245
600 1663 498 0.000667
600 1663 498 0.000219
600 1663 498 0.000324
600 1663 498 0.000318
600 1663 498 0.000332
600 1663 498 0.000328
600 1663 498 0.000372
600 1663 498 0.000326
600 1663 498 0.000363
600 1663 498 0.000358
600 1663 498 0.000371
600 1663 498 0.000333
600 1663 498 0.000329
600 1663 498 0.000333
600 1663 498 0.000364
600 1663 498 0.000338
600 1663 498 0.000370
600 1663 498 0.000354
600 1663 498 0.000378
600 1663 498 0.000365
600 1663 498 0.000376
600 1663 498 0.000374
600 1663 498 0.000388
600 1663 498 0.000353
600 1663 498 0.000368
600 1663 498 0.000371
600 1663 498 0.000374
600 1663 498 0.000361
600 1663 498 0.000377
600 1663 498 0.000366
600 1663 498 0.000377
600 1663 498 0.000360
600 1663 498 0.000360
600 1663 498 0.000368
600 1663 498 0.000380
600 1663 498 0.000363
600 1663 498 0.000365
600 1663 498 0.000366
600 1663 498 0.000338
600 1663 498 0.000318
600 1663 498 0.000343
600 1663 498 0.000329
600 1663 498 0.000339
600 1663 498 0.000342
600 1663 498 0.000346
600 1663 498 0.000338
600 1663 498 0.000335
600 1663 498 0.000329
600 1663 498 0.000340
600 1663 498 0.000350
600 1663 498 0.000347
600 1663 498 0.000362
600 1663 498 0.000378
600 1663 498 0.000364
600 1663 498 0.000373
600 1663 498 0.000352
600 1663 498 0.000365
600 1663 498 0.000355
600 1663 498 0.000364
600 1663 498 0.000326
600 1663 498 0.000337
600 1663 498 0.000319
600 1663 498 0.000324
600 1663 498 0.000329
600 1663 498 0.000332
600 1663 498 0.000322
600 1663 498 0.000335
600 1663 498 0.000336
600 1663 498 0.000340
600 1663 498 0.000329
600 1663 498 0.000337
600 1663 498 0.000325
600 1663 498 0.000328
600 1663 498 0.000326
600 1663 498 0.000321
600 1663 498 0.000331
600 1663 498 0.000333
600 1663 498 0.000329
600 1663 498 0.000334
600 1663 498 0.000322
600 1663 498 0.000331
600 1663 498 0.000386
600 1663 498 0.000361
600 1663 498 0.000363
600 1663 498 0.000345
600 1663 498 0.000320
600 1663 498 0.000322
600 1663 498 0.000353
600 1663 498 0.000346
600 1663 498 0.000367
600 1663 498 0.000372
600 1663 498 0.000370
600 1663 498 0.000338
600 1663 498 0.000324
600 1663 498 0.000326
600 1663 498 0.000316
600 1663 498 0.000331
600 1663 498 0.000321
600 1663 498 0.000329
600 1663 498 0.000317
600 1663 498 0.000317
700 1995 598 0.000636
700 1995 598 0.000320
700 1995 598 0.000525
700 1995 598 0.000496
700 1995 598 0.000512
700 1995 598 0.000484
700 1995 598 0.000505
700 1995 598 0.000458
700 1995 598 0.000457
700 1995 598 0.000447
700 1995 598 0.000445
700 1995 598 0.000448
700 1995 598 0.000454
700 1995 598 0.000450
700 1995 598 0.000450
700 1995 598 0.000442
700 1995 598 0.000448
700 1995 598 0.000448
700 1995 598 0.000458
700 1995 598 0.000441
700 1995 598 0.000467
700 1995 598 0.000458
700 1995 598 0.000462
700 1995 598 0.000444
700 1995 598 0.000458
700 1995 598 0.000440
700 1995 598 0.000451
700 1995 598 0.000449
700 1995 598 0.000464
700 1995 598 0.000457
700 1995 598 0.000471
700 1995 598 0.000462
700 1995 598 0.000477
700 1995 598 0.000460
700 1995 598 0.000453
700 1995 598 0.000455
700 1995 598 0.000467
700 1995 598 0.000453
700 1995 598 0.000466
700 1995 598 0.000450
700 1995 598 0.000473
700 1995 598 0.000437
700 1995 598 0.000457
700 1995 598 0.000446
700 1995 598 0.000470
700 1995 598 0.000456
700 1995 598 0.000464
700 1995 598 0.000456
700 1995 598 0.000462
700 1995 598 0.000458
700 1995 598 0.000468
700 1995 598 0.000448
700 1995 598 0.000468
700 1995 598 0.000452
700 1995 598 0.000463
700 1995 598 0.000440
700 1995 598 0.000478
700 1995 598 0.000444
700 1995 598 0.000462
700 1995 598 0.000460
700 1995 598 0.000463
700 1995 598 0.001364
700 1995 598 0.000424
700 1995 598 0.000468
700 1995 598 0.000478
700 1995 598 0.000452
700 1995 598 0.000487
700 1995 598 0.000449
700 1995 598 0.000481
700 1995 598 0.000447
700 1995 598 0.000493
700 1995 598 0.000459
700 1995 598 0.000486
700 1995 598 0.000472
700 1995 598 0.000492
700 1995 598 0.000450
700 1995 598 0.000446
700 1995 598 0.000461
700 1995 598 0.000455
700 1995 598 0.000451
700 1995 598 0.000450
700 1995 598 0.000469
700 1995 598 0.000476
700 1995 598 0.000458
700 1995 598 0.000478
700 1995 598 0.000441
700 1995 598 0.000483
700 1995 598 0.000440
700 1995 598 0.000493
700 1995 598 0.000474
700 1995 598 0.000488
700 1995 598 0.000466
700 1995 598 0.000503
700 1995 598 0.000481
700 1995 598 0.000462
700 1995 598 0.000446
700 1995 598 0.000446
700 1995 598 0.000439
700 1995 598 0.000456
700 1995 598 0.000438
700 1995 598 0.000444
800 2334 700 0.000800
800 2334 700 0.000395
800 2334 700 0.000632
800 2334 700 0.000625
800 2334 700 0.000638
800 2334 700 0.000629
800 2334 700 0.000576
800 2334 700 0.000571
800 2334 700 0.000575
800 2334 700 0.000586
800 2334 700 0.000589
800 2334 700 0.000587
800 2334 700 0.000551
800 2334 700 0.000574
800 2334 700 0.000552
800 2334 700 0.000569
800 2334 700 0.000554
800 2334 700 0.000542
800 2334 700 0.000558
800 2334 700 0.000560
800 2334 700 0.000557
800 2334 700 0.000580
800 2334 700 0.000551
800 2334 700 0.000575
800 2334 700 0.000569
800 2334 700 0.000612
800 2334 700 0.000581
800 2334 700 0.000588
800 2334 700 0.000570
800 2334 700 0.000577
800 2334 700 0.000570
800 2334 700 0.000606
800 2334 700 0.000608
800 2334 700 0.000642
800 2334 700 0.000588
800 2334 700 0.000591
800 2334 700 0.000570
800 2334 700 0.000576
800 2334 700 0.000570
800 2334 700 0.000583
800 2334 700 0.000573
800 2334 700 0.001207
800 2334 700 0.000547
800 2334 700 0.000606
800 2334 700 0.000608
800 2334 700 0.000588
800 2334 700 0.000619
800 2334 700 0.000601
800 2334 700 0.000623
800 2334 700 0.000589
800 2334 700 0.000616
800 2334 700 0.000606
800 2334 700 0.000624
800 2334 700 0.000587
800 2334 700 0.000604
800 2334 700 0.000575
800 2334 700 0.000609
800 2334 700 0.000570
800 2334 700 0.000616
800 2334 700 0.000558
800 2334 700 0.000612
800 2334 700 0.000571
800 2334 700 0.000613
800 2334 700 0.000573
800 2334 700 0.000622
800 2334 700 0.000599
800 2334 700 0.000621
800 2334 700 0.000587
800 2334 700 0.000623
800 2334 700 0.000605
800 2334 700 0.000554
800 2334 700 0.000601
800 2334 700 0.000579
800 2334 700 0.000573
800 2334 700 0.000585
800 2334 700 0.000596
800 2334 700 0.000549
800 2334 700 0.000580
800 2334 700 0.000602
800 2334 700 0.000581
800 2334 700 0.000615
800 2334 700 0.000591
800 2334 700 0.000620
800 2334 700 0.000599
800 2334 700 0.000572
800 2334 700 0.000605
800 2334 700 0.000576
800 2334 700 0.000605
800 2334 700 0.000589
800 2334 700 0.000611
800 2334 700 0.000594
800 2334 700 0.000617
800 2334 700 0.000576
800 2334 700 0.000593
800 2334 700 0.000584
800 2334 700 0.000602
800 2334 700 0.000576
800 2334 700 0.000594
800 2334 700 0.000580
800 2334 700 0.000587
800 2334 700 0.000576
900 2680 804 0.000867
900 2680 804 0.000508
900 2680 804 0.000772
900 2680 804 0.000709
900 2680 804 0.000710
900 2680 804 0.000686
900 2680 804 0.000712
900 2680 804 0.000697
900 2680 804 0.000787
900 2680 804 0.000680
900 2680 804 0.000734
900 2680 804 0.000708
900 2680 804 0.000718
900 2680 804 0.000688
900 2680 804 0.000728
900 2680 804 0.000706
900 2680 804 0.000735
900 2680 804 0.000720
900 2680 804 0.000765
900 2680 804 0.000742
900 2680 804 0.000751
900 2680 804 0.000708
900 2680 804 0.000744
900 2680 804 0.000714
900 2680 804 0.000740
900 2680 804 0.000759
900 2680 804 0.000816
900 2680 804 0.000797
900 2680 804 0.000833
900 2680 804 0.000807
900 2680 804 0.000837
900 2680 804 0.000820
900 2680 804 0.000699
900 2680 804 0.000775
900 2680 804 0.000742
900 2680 804 0.000777
900 2680 804 0.000757
900 2680 804 0.000763
900 2680 804 0.000736
900 2680 804 0.000711
900 2680 804 0.000670
900 2680 804 0.000698
900 2680 804 0.000735
900 2680 804 0.000696
900 2680 804 0.000735
900 2680 804 0.000717
900 2680 804 0.000742
900 2680 804 0.000675
900 2680 804 0.000725
900 2680 804 0.000671
900 2680 804 0.000730
900 2680 804 0.000690
900 2680 804 0.000736
900 2680 804 0.000713
900 2680 804 0.000737
900 2680 804 0.000713
900 2680 804 0.000732
900 2680 804 0.000698
900 2680 804 0.000738
900 2680 804 0.000669
900 2680 804 0.000719
900 2680 804 0.000703
900 2680 804 0.000731
900 2680 804 0.000739
900 2680 804 0.000744
900 2680 804 0.000742
900 2680 804 0.000730
900 2680 804 0.000717
900 2680 804 0.000695
900 2680 804 0.000686
900 2680 804 0.000729
900 2680 804 0.000711
900 2680 804 0.000736
900 2680 804 0.000717
900 2680 804 0.000727
900 2680 804 0.000715
900 2680 804 0.000748
900 2680 804 0.000713
900 2680 804 0.000727
900 2680 804 0.000755
900 2680 804 0.000733
900 2680 804 0.000772
900 2680 804 0.000750
900 2680 804 0.000771
900 2680 804 0.000749
900 2680 804 0.000775
900 2680 804 0.000747
900 2680 804 0.000772
900 2680 804 0.000748
900 2680 804 0.000763
900 2680 804 0.000733
900 2680 804 0.000761
900 2680 804 0.000726
900 2680 804 0.000765
900 2680 804 0.000745
900 2680 804 0.000723
900 2680 804 0.000710
900 2680 804 0.000699
900 2680 804 0.000770
900 2680 804 0.000711
900 2680 804 0.000767
1000 3031 909 0.001394
1000 3031 909 0.000606
1000 3031 909 0.000977
1000 3031 909 0.000863
1000 3031 909 0.000945
1000 3031 909 0.000839
1000 3031 909 0.000935
1000 3031 909 0.000823
1000 3031 909 0.000935
1000 3031 909 0.000855
1000 3031 909 0.000927
1000 3031 909 0.000854
1000 3031 909 0.000988
1000 3031 909 0.000911
1000 3031 909 0.000924
1000 3031 909 0.000877
1000 3031 909 0.000893
1000 3031 909 0.000743
1000 3031 909 0.000893
1000 3031 909 0.000843
1000 3031 909 0.000898
1000 3031 909 0.000868
1000 3031 909 0.001390
1000 3031 909 0.000793
1000 3031 909 0.000918
1000 3031 909 0.000905
1000 3031 909 0.000916
1000 3031 909 0.000893
1000 3031 909 0.000903
1000 3031 909 0.000864
1000 3031 909 0.000898
1000 3031 909 0.000871
1000 3031 909 0.000917
1000 3031 909 0.000910
1000 3031 909 0.000947
1000 3031 909 0.000898
1000 3031 909 0.000918
1000 3031 909 0.000880
1000 3031 909 0.000914
1000 3031 909 0.000888
1000 3031 909 0.000882
1000 3031 909 0.000945
1000 3031 909 0.000870
1000 3031 909 0.000874
1000 3031 909 0.000850
1000 3031 909 0.000812
1000 3031 909 0.000868
1000 3031 909 0.000886
1000 3031 909 0.000901
1000 3031 909 0.000821
1000 3031 909 0.000926
1000 3031 909 0.000867
1000 3031 909 0.000918
1000 3031 909 0.000888
1000 3031 909 0.000926
1000 3031 909 0.000885
1000 3031 909 0.000918
1000 3031 909 0.000889
1000 3031 909 0.000858
1000 3031 909 0.000733
1000 3031 909 0.000958
1000 3031 909 0.000866
1000 3031 909 0.000928
1000 3031 909 0.000864
1000 3031 909 0.000948
1000 3031 909 0.000896
1000 3031 909 0.000964
1000 3031 909 0.000857
1000 3031 909 0.000953
1000 3031 909 0.000856
1000 3031 909 0.000895
1000 3031 909 0.000835
1000 3031 909 0.000945
1000 3031 909 0.000818
1000 3031 909 0.000892
1000 3031 909 0.000865
1000 3031 909 0.000928
1000 3031 909 0.000917
1000 3031 909 0.000964
1000 3031 909 0.000892
1000 3031 909 0.000966
1000 3031 909 0.000855
1000 3031 909 0.000926
1000 3031 909 0.000837
1000 3031 909 0.000936
1000 3031 909 0.000893
1000 3031 909 0.000947
1000 3031 909 0.000861
1000 3031 909 0.000955
1000 3031 909 0.000879
1000 3031 909 0.000907
1000 3031 909 0.000897
1000 3031 909 0.000897
1000 3031 909 0.000865
1000 3031 909 0.000933
1000 3031 909 0.000853
1000 3031 909 0.000946
1000 3031 909 0.000872
1000 3031 909 0.000869
1000 3031 909 0.000821
1000 3031 909 0.000870
2000 6760 2028 0.006083
2000 6760 2028 0.003200
2000 6760 2028 0.003301
2000 6760 2028 0.003154
2000 6760 2028 0.003267
2000 6760 2028 0.003301
2000 6760 2028 0.003441
2000 6760 2028 0.003237
2000 6760 2028 0.003245
2000 6760 2028 0.003093
2000 6760 2028 0.003390
2000 6760 2028 0.003301
2000 6760 2028 0.003444
2000 6760 2028 0.003187
2000 6760 2028 0.003290
2000 6760 2028 0.003298
2000 6760 2028 0.003516
2000 6760 2028 0.003152
2000 6760 2028 0.003423
2000 6760 2028 0.003156
2000 6760 2028 0.003466
2000 6760 2028 0.003194
2000 6760 2028 0.003373
2000 6760 2028 0.003283
2000 6760 2028 0.003480
2000 6760 2028 0.003296
2000 6760 2028 0.003496
2000 6760 2028 0.003274
2000 6760 2028 0.003507
2000 6760 2028 0.003293
2000 6760 2028 0.003435
2000 6760 2028 0.003172
2000 6760 2028 0.003394
2000 6760 2028 0.003177
2000 6760 2028 0.003394
2000 6760 2028 0.003181
2000 6760 2028 0.003464
2000 6760 2028 0.003238
2000 6760 2028 0.003436
2000 6760 2028 0.003153
2000 6760 2028 0.003411
2000 6760 2028 0.003109
2000 6760 2028 0.003427
2000 6760 2028 0.003217
2000 6760 2028 0.003520
2000 6760 2028 0.003184
2000 6760 2028 0.003365
2000 6760 2028 0.003182
2000 6760 2028 0.003403
2000 6760 2028 0.003170
2000 6760 2028 0.003477
2000 6760 2028 0.003162
2000 6760 2028 0.003520
2000 6760 2028 0.003238
2000 6760 2028 0.003475
2000 6760 2028 0.003211
2000 6760 2028 0.003303
2000 6760 2028 0.003147
2000 6760 2028 0.003400
2000 6760 2028 0.003292
2000 6760 2028 0.003465
2000 6760 2028 0.003175
2000 6760 2028 0.003322
2000 6760 2028 0.003165
2000 6760 2028 0.003404
2000 6760 2028 0.003205
2000 6760 2028 0.003392
2000 6760 2028 0.003290
2000 6760 2028 0.003530
2000 6760 2028 0.003245
2000 6760 2028 0.003331
2000 6760 2028 0.004406
2000 6760 2028 0.003405
2000 6760 2028 0.003319
2000 6760 2028 0.003781
2000 6760 2028 0.003282
2000 6760 2028 0.003473
2000 6760 2028 0.003217
2000 6760 2028 0.003444
2000 6760 2028 0.003374
2000 6760 2028 0.003220
2000 6760 2028 0.003331
2000 6760 2028 0.003349
2000 6760 2028 0.006533
2000 6760 2028 0.003431
2000 6760 2028 0.003342
2000 6760 2028 0.003541
2000 6760 2028 0.003197
2000 6760 2028 0.003223
2000 6760 2028 0.002978
2000 6760 2028 0.003102
2000 6760 2028 0.003224
2000 6760 2028 0.003200
2000 6760 2028 0.003083
2000 6760 2028 0.003226
2000 6760 2028 0.002934
2000 6760 2028 0.003169
2000 6760 2028 0.003302
2000 6760 2028 0.003296
2000 6760 2028 0.003314
2000 6760 2028 0.003464
5000 19200 5760 0.040609
5000 19200 5760 0.038563
5000 19200 5760 0.022453
5000 19200 5760 0.022344
5000 19200 5760 0.022655
5000 19200 5760 0.023243
5000 19200 5760 0.022715
5000 19200 5760 0.021843
5000 19200 5760 0.022770
5000 19200 5760 0.020938
5000 19200 5760 0.028889
5000 19200 5760 0.021123
5000 19200 5760 0.022279
5000 19200 5760 0.021125
5000 19200 5760 0.022281
5000 19200 5760 0.021412
5000 19200 5760 0.022549
5000 19200 5760 0.022007
5000 19200 5760 0.023122
5000 19200 5760 0.021638
5000 19200 5760 0.022145
5000 19200 5760 0.022202
5000 19200 5760 0.024067
5000 19200 5760 0.022496
5000 19200 5760 0.033989
5000 19200 5760 0.022589
5000 19200 5760 0.022345
5000 19200 5760 0.022644
5000 19200 5760 0.021257
5000 19200 5760 0.022012
5000 19200 5760 0.022258
5000 19200 5760 0.022014
5000 19200 5760 0.022091
5000 19200 5760 0.022902
5000 19200 5760 0.022031
5000 19200 5760 0.023052
5000 19200 5760 0.022544
5000 19200 5760 0.022859
5000 19200 5760 0.022775
5000 19200 5760 0.021780
5000 19200 5760 0.022052
5000 19200 5760 0.021422
5000 19200 5760 0.022093
5000 19200 5760 0.021864
5000 19200 5760 0.022372
5000 19200 5760 0.022463
5000 19200 5760 0.023254
5000 19200 5760 0.022642
5000 19200 5760 0.022628
5000 19200 5760 0.021912
5000 19200 5760 0.022201
5000 19200 5760 0.020823
5000 19200 5760 0.021399
5000 19200 5760 0.021376
5000 19200 5760 0.022176
5000 19200 5760 0.022735
5000 19200 5760 0.022550
5000 19200 5760 0.021507
5000 19200 5760 0.021420
5000 19200 5760 0.020839
5000 19200 5760 0.021330
5000 19200 5760 0.021607
5000 19200 5760 0.022910
5000 19200 5760 0.021379
5000 19200 5760 0.025359
5000 19200 5760 0.021601
5000 19200 5760 0.021643
5000 19200 5760 0.020486
5000 19200 5760 0.021917
5000 19200 5760 0.022018
5000 19200 5760 0.021681
5000 19200 5760 0.022137
5000 19200 5760 0.021866
5000 19200 5760 0.020622
5000 19200 5760 0.025074
5000 19200 5760 0.021263
5000 19200 5760 0.023102
5000 19200 5760 0.021267
5000 19200 5760 0.023351
5000 19200 5760 0.022528
5000 19200 5760 0.023388
5000 19200 5760 0.021718
5000 19200 5760 0.022440
5000 19200 5760 0.022235
5000 19200 5760 0.022573
5000 19200 5760 0.022154
5000 19200 5760 0.021539
5000 19200 5760 0.021015
5000 19200 5760 0.022699
5000 19200 5760 0.022202
5000 19200 5760 0.023455
5000 19200 5760 0.024763
5000 19200 5760 0.022656
5000 19200 5760 0.021692
5000 19200 5760 0.022840
5000 19200 5760 0.021825
5000 19200 5760 0.023161
5000 19200 5760 0.022587
5000 19200 5760 0.022834
5000 19200 5760 0.021182
5000 19200 5760 0.022907
9000 37211 11163 0.133735
9000 37211 11163 0.071255
9000 37211 11163 0.096694
9000 37211 11163 0.075454
9000 37211 11163 0.074955
9000 37211 11163 0.077220
9000 37211 11163 0.076766
9000 37211 11163 0.076699
9000 37211 11163 0.074286
9000 37211 11163 0.074847
9000 37211 11163 0.078288
9000 37211 11163 0.073185
9000 37211 11163 0.076935
9000 37211 11163 0.098719
9000 37211 11163 0.104704
9000 37211 11163 0.078601
9000 37211 11163 0.078867
9000 37211 11163 0.076295
9000 37211 11163 0.076713
9000 37211 11163 0.077294
9000 37211 11163 0.075991
9000 37211 11163 0.077773
9000 37211 11163 0.102416
9000 37211 11163 0.072935
9000 37211 11163 0.074341
9000 37211 11163 0.074093
9000 37211 11163 0.076471
9000 37211 11163 0.076491
9000 37211 11163 0.076186
9000 37211 11163 0.072310
9000 37211 11163 0.074878
9000 37211 11163 0.076654
9000 37211 11163 0.078174
9000 37211 11163 0.099865
9000 37211 11163 0.074229
9000 37211 11163 0.073628
9000 37211 11163 0.077191
9000 37211 11163 0.073093
9000 37211 11163 0.074892
9000 37211 11163 0.074567
9000 37211 11163 0.075938
9000 37211 11163 0.073239
9000 37211 11163 0.072622
9000 37211 11163 0.073233
9000 37211 11163 0.075847
9000 37211 11163 0.077035
9000 37211 11163 0.074883
9000 37211 11163 0.078265
9000 37211 11163 0.075513
9000 37211 11163 0.075091
9000 37211 11163 0.075379
9000 37211 11163 0.077585
9000 37211 11163 0.076135
9000 37211 11163 0.077147
9000 37211 11163 0.074540
9000 37211 11163 0.075781
9000 37211 11163 0.076032
9000 37211 11163 0.077486
9000 37211 11163 0.075083
9000 37211 11163 0.077377
9000 37211 11163 0.077953
9000 37211 11163 0.076189
9000 37211 11163 0.075481
9000 37211 11163 0.073874
9000 37211 11163 0.076374
9000 37211 11163 0.072909
9000 37211 11163 0.076603
9000 37211 11163 0.073487
9000 37211 11163 0.076144
9000 37211 11163 0.074907
9000 37211 11163 0.077129
9000 37211 11163 0.074092
9000 37211 11163 0.073864
9000 37211 11163 0.075245
9000 37211 11163 0.076918
9000 37211 11163 0.075718
9000 37211 11163 0.076592
9000 37211 11163 0.074983
9000 37211 11163 0.089772
9000 37211 11163 0.092530
9000 37211 11163 0.075539
9000 37211 11163 0.076483
9000 37211 11163 0.073782
9000 37211 11163 0.076561
9000 37211 11163 0.076404
9000 37211 11163 0.078543
9000 37211 11163 0.077387
9000 37211 11163 0.072854
9000 37211 11163 0.074161
9000 37211 11163 0.075853
9000 37211 11163 0.073852
9000 37211 11163 0.071880
9000 37211 11163 0.076281
9000 37211 11163 0.078336
9000 37211 11163 0.073663
9000 37211 11163 0.073502
9000 37211 11163 0.074776
9000 37211 11163 0.072442
9000 37211 11163 0.077106
9000 37211 11163 0.076384
9000 37211 11163 0.081355
