100 185 55 0.000017
100 185 55 0.000007
100 185 55 0.000007
100 185 55 0.000007
100 185 55 0.000006
100 185 55 0.000006
100 185 55 0.000007
100 185 55 0.000006
100 185 55 0.000006
100 185 55 0.000007
100 185 55 0.000006
100 185 55 0.000006
100 185 55 0.000005
100 185 55 0.000006
100 185 55 0.000006
100 185 55 0.000006
100 185 55 0.000006
100 185 55 0.000006
100 185 55 0.000006
100 185 55 0.000007
100 185 55 0.000005
100 185 55 0.000006
100 185 55 0.000006
100 185 55 0.000006
100 185 55 0.000006
100 185 55 0.000007
100 185 55 0.000006
100 185 55 0.000006
100 185 55 0.000006
100 185 55 0.000006
100 185 55 0.000006
100 185 55 0.000007
100 185 55 0.000006
100 185 55 0.000007
100 185 55 0.000006
100 185 55 0.000006
100 185 55 0.000006
100 185 55 0.000007
100 185 55 0.000005
100 185 55 0.000007
100 185 55 0.000006
100 185 55 0.000006
100 185 55 0.000006
100 185 55 0.000006
100 185 55 0.000006
100 185 55 0.000006
100 185 55 0.000006
100 185 55 0.000007
100 185 55 0.000006
100 185 55 0.000010
100 185 55 0.000006
100 185 55 0.000007
100 185 55 0.000006
100 185 55 0.000007
100 185 55 0.000006
100 185 55 0.000006
100 185 55 0.000006
100 185 55 0.000006
100 185 55 0.000006
100 185 55 0.000006
100 185 55 0.000006
100 185 55 0.000006
100 185 55 0.000006
100 185 55 0.000006
100 185 55 0.000005
100 185 55 0.000006
100 185 55 0.000006
100 185 55 0.000007
100 185 55 0.000006
100 185 55 0.000006
100 185 55 0.000005
100 185 55 0.000006
100 185 55 0.000006
100 185 55 0.000006
100 185 55 0.000006
100 185 55 0.000006
100 185 55 0.000005
100 185 55 0.000005
100 185 55 0.000005
100 185 55 0.000005
100 185 55 0.000005
100 185 55 0.000006
100 185 55 0.000006
100 185 55 0.000006
100 185 55 0.000005
100 185 55 0.000006
100 185 55 0.000005
100 185 55 0.000006
100 185 55 0.000006
100 185 55 0.000006
100 185 55 0.000006
100 185 55 0.000006
100 185 55 0.000005
100 185 55 0.000006
100 185 55 0.000006
100 185 55 0.000006
100 185 55 0.000006
100 185 55 0.000006
100 185 55 0.000005
100 185 55 0.000006
100 185 55 0.000005
200 442 132 0.000066
200 442 132 0.000023
200 442 132 0.000034
200 442 132 0.000030
200 442 132 0.000034
200 442 132 0.000030
200 442 132 0.000034
200 442 132 0.000030
200 442 132 0.000033
200 442 132 0.000031
200 442 132 0.000033
200 442 132 0.000029
200 442 132 0.000033
200 442 132 0.000034
200 442 132 0.000034
200 442 132 0.000031
200 442 132 0.000032
200 442 132 0.000027
200 442 132 0.000032
200 442 132 0.000029
200 442 132 0.000033
200 442 132 0.000028
200 442 132 0.000033
200 442 132 0.000028
200 442 132 0.000033
200 442 132 0.000029
200 442 132 0.000033
200 442 132 0.000030
200 442 132 0.000033
200 442 132 0.000030
200 442 132 0.000032
200 442 132 0.000029
200 442 132 0.000033
200 442 132 0.000029
200 442 132 0.000033
200 442 132 0.000028
200 442 132 0.000033
200 442 132 0.000029
200 442 132 0.000034
200 442 132 0.000029
200 442 132 0.000033
200 442 132 0.000029
200 442 132 0.000031
200 442 132 0.000029
200 442 132 0.000032
200 442 132 0.000028
200 442 132 0.000032
200 442 132 0.000028
200 442 132 0.000031
200 442 132 0.000027
200 442 132 0.000032
200 442 132 0.000028
200 442 132 0.000032
200 442 132 0.000029
200 442 132 0.000031
200 442 132 0.000028
200 442 132 0.000032
200 442 132 0.000033
200 442 132 0.000031
200 442 132 0.000028
200 442 132 0.000031
200 442 132 0.000029
200 442 132 0.000031
200 442 132 0.000029
200 442 132 0.000036
200 442 132 0.000029
200 442 132 0.000031
200 442 132 0.000028
200 442 132 0.000032
200 442 132 0.000029
200 442 132 0.000033
200 442 132 0.000029
200 442 132 0.000034
200 442 132 0.000031
200 442 132 0.000032
200 442 132 0.000027
200 442 132 0.000032
200 442 132 0.000028
200 442 132 0.000030
200 442 132 0.000027
200 442 132 0.000031
200 442 132 0.000027
200 442 132 0.000034
200 442 132 0.000028
200 442 132 0.000032
200 442 132 0.000027
200 442 132 0.000032
200 442 132 0.000032
200 442 132 0.000032
200 442 132 0.000029
200 442 132 0.000031
200 442 132 0.000030
200 442 132 0.000030
200 442 132 0.000030
200 442 132 0.000030
200 442 132 0.000028
200 442 132 0.000031
200 442 132 0.000027
200 442 132 0.000032
200 442 132 0.000029
200 442 132 0.000032
300 726 217 0.000153
300 726 217 0.000058
300 726 217 0.000083
300 726 217 0.000079
300 726 217 0.000084
300 726 217 0.000079
300 726 217 0.000082
300 726 217 0.000076
300 726 217 0.000081
300 726 217 0.000079
300 726 217 0.000080
300 726 217 0.000078
300 726 217 0.000081
300 726 217 0.000080
300 726 217 0.000079
300 726 217 0.000080
300 726 217 0.000083
300 726 217 0.000075
300 726 217 0.000081
300 726 217 0.000076
300 726 217 0.000080
300 726 217 0.000077
300 726 217 0.000081
300 726 217 0.000074
300 726 217 0.000074
300 726 217 0.000074
300 726 217 0.000079
300 726 217 0.000079
300 726 217 0.000085
300 726 217 0.000079
300 726 217 0.000079
300 726 217 0.000077
300 726 217 0.000079
300 726 217 0.000077
300 726 217 0.000081
300 726 217 0.000076
300 726 217 0.000079
300 726 217 0.000078
300 726 217 0.000079
300 726 217 0.000077
300 726 217 0.000079
300 726 217 0.000079
300 726 217 0.000079
300 726 217 0.000078
300 726 217 0.000075
300 726 217 0.000075
300 726 217 0.000073
300 726 217 0.000079
300 726 217 0.000076
300 726 217 0.000076
300 726 217 0.000080
300 726 217 0.000076
300 726 217 0.000079
300 726 217 0.000075
300 726 217 0.000078
300 726 217 0.000076
300 726 217 0.000076
300 726 217 0.000077
300 726 217 0.000077
300 726 217 0.000076
300 726 217 0.000080
300 726 217 0.000077
300 726 217 0.000078
300 726 217 0.000077
300 726 217 0.000080
300 726 217 0.000076
300 726 217 0.000080
300 726 217 0.000076
300 726 217 0.000076
300 726 217 0.000077
300 726 217 0.000077
300 726 217 0.000076
300 726 217 0.000076
300 726 217 0.000080
300 726 217 0.000080
300 726 217 0.000077
300 726 217 0.000080
300 726 217 0.000078
300 726 217 0.000080
300 726 217 0.000081
300 726 217 0.000080
300 726 217 0.000076
300 726 217 0.000078
300 726 217 0.000079
300 726 217 0.000084
300 726 217 0.000078
300 726 217 0.000081
300 726 217 0.000080
300 726 217 0.000077
300 726 217 0.000074
300 726 217 0.000078
300 726 217 0.000077
300 726 217 0.000077
300 726 217 0.000075
300 726 217 0.000078
300 726 217 0.000070
300 726 217 0.000078
300 726 217 0.000079
300 726 217 0.000079
300 726 217 0.000075
300 726 217 0.000074
400 1026 307 0.000228
400 1026 307 0.000100
400 1026 307 0.000161
400 1026 307 0.000139
400 1026 307 0.000158
400 1026 307 0.000137
400 1026 307 0.000157
400 1026 307 0.000131
400 1026 307 0.000148
400 1026 307 0.000131
400 1026 307 0.000148
400 1026 307 0.000128
400 1026 307 0.000145
400 1026 307 0.000129
400 1026 307 0.000143
400 1026 307 0.000133
400 1026 307 0.000148
400 1026 307 0.000142
400 1026 307 0.000153
400 1026 307 0.000149
400 1026 307 0.000168
400 1026 307 0.000146
400 1026 307 0.000158
400 1026 307 0.000143
400 1026 307 0.000158
400 1026 307 0.000135
400 1026 307 0.000156
400 1026 307 0.000138
400 1026 307 0.000162
400 1026 307 0.000141
400 1026 307 0.000168
400 1026 307 0.000141
400 1026 307 0.000172
400 1026 307 0.000141
400 1026 307 0.000167
400 1026 307 0.000138
400 1026 307 0.000163
400 1026 307 0.000135
400 1026 307 0.000158
400 1026 307 0.000144
400 1026 307 0.000168
400 1026 307 0.000138
400 1026 307 0.000164
400 1026 307 0.000140
400 1026 307 0.000169
400 1026 307 0.000139
400 1026 307 0.000148
400 1026 307 0.000130
400 1026 307 0.000150
400 1026 307 0.000143
400 1026 307 0.000158
400 1026 307 0.000140
400 1026 307 0.000158
400 1026 307 0.000136
400 1026 307 0.000157
400 1026 307 0.000137
400 1026 307 0.000163
400 1026 307 0.000140
400 1026 307 0.000163
400 1026 307 0.000145
400 1026 307 0.000166
400 1026 307 0.000140
400 1026 307 0.000167
400 1026 307 0.000140
400 1026 307 0.000160
400 1026 307 0.000142
400 1026 307 0.000159
400 1026 307 0.000141
400 1026 307 0.000162
400 1026 307 0.000137
400 1026 307 0.000159
400 1026 307 0.000140
400 1026 307 0.000145
400 1026 307 0.000139
400 1026 307 0.000157
400 1026 307 0.000137
400 1026 307 0.000161
400 1026 307 0.000137
400 1026 307 0.000148
400 1026 307 0.000127
400 1026 307 0.000145
400 1026 307 0.000132
400 1026 307 0.000149
400 1026 307 0.000133
400 1026 307 0.000147
400 1026 307 0.000133
400 1026 307 0.000146
400 1026 307 0.000130
400 1026 307 0.000157
400 1026 307 0.000133
400 1026 307 0.000168
400 1026 307 0.000138
400 1026 307 0.000165
400 1026 307 0.000140
400 1026 307 0.000163
400 1026 307 0.000139
400 1026 307 0.000158
400 1026 307 0.000146
400 1026 307 0.000161
400 1026 307 0.000135
400 1026 307 0.000163
500 1340 402 0.000122
500 1340 402 0.000169
500 1340 402 0.000240
500 1340 402 0.000227
500 1340 402 0.000248
500 1340 402 0.000237
500 1340 402 0.000245
500 1340 402 0.000234
500 1340 402 0.000247
500 1340 402 0.000241
500 1340 402 0.000246
500 1340 402 0.000227
500 1340 402 0.000214
500 1340 402 0.000230
500 1340 402 0.000228
500 1340 402 0.000233
500 1340 402 0.000233
500 1340 402 0.000230
500 1340 402 0.000228
500 1340 402 0.000233
500 1340 402 0.000227
500 1340 402 0.000226
500 1340 402 0.000229
500 1340 402 0.000227
500 1340 402 0.000224
500 1340 402 0.000241
500 1340 402 0.000234
500 1340 402 0.000229
500 1340 402 0.000227
500 1340 402 0.000231
500 1340 402 0.000223
500 1340 402 0.000236
500 1340 402 0.000235
500 1340 402 0.000224
500 1340 402 0.000228
500 1340 402 0.000242
500 1340 402 0.000236
500 1340 402 0.000233
500 1340 402 0.000228
500 1340 402 0.000215
500 1340 402 0.000230
500 1340 402 0.000231
500 1340 402 0.000227
500 1340 402 0.000230
500 1340 402 0.000224
500 1340 402 0.000228
500 1340 402 0.000232
500 1340 402 0.000230
500 1340 402 0.000227
500 1340 402 0.000237
500 1340 402 0.000227
500 1340 402 0.000238
500 1340 402 0.000237
500 1340 402 0.000234
500 1340 402 0.000230
500 1340 402 0.000239
500 1340 402 0.000230
500 1340 402 0.000234
500 1340 402 0.000226
500 1340 402 0.000237
500 1340 402 0.000229
500 1340 402 0.000232
500 1340 402 0.000229
500 1340 402 0.000235
500 1340 402 0.000230
500 1340 402 0.000233
500 1340 402 0.000235
500 1340 402 0.000229
500 1340 402 0.000242
500 1340 402 0.000234
500 1340 402 0.000240
500 1340 402 0.000236
500 1340 402 0.000244
500 1340 402 0.000233
500 1340 402 0.000250
500 1340 402 0.000240
500 1340 402 0.000241
500 1340 402 0.000242
500 1340 402 0.000246
500 1340 402 0.000238
500 1340 402 0.000241
500 1340 402 0.000224
500 1340 402 0.000216
500 1340 402 0.000231
500 1340 402 0.000236
500 1340 402 0.000240
500 1340 402 0.000240
500 1340 402 0.000223
500 1340 402 0.000215
500 1340 402 0.000236
500 1340 402 0.000230
500 1340 402 0.000233
500 1340 402 0.000239
500 1340 402 0.000237
500 1340 402 0.000229
500 1340 402 0.000232
500 1340 402 0.000230
500 1340 402 0.000224
500 1340 402 0.000232
500 1340 402 0.000233
500 1340 402 0.000208
600 1663 498 0.000638
600 1663 498 0.000258
600 1663 498 0.000377
600 1663 498 0.000337
600 1663 498 0.000331
600 1663 498 0.000323
600 1663 498 0.000326
600 1663 498 0.000322
600 1663 498 0.000326
600 1663 498 0.000317
600 1663 498 0.000325
600 1663 498 0.000313
600 1663 498 0.000353
600 1663 498 0.000329
600 1663 498 0.000381
600 1663 498 0.000369
600 1663 498 0.000379
600 1663 498 0.000376
600 1663 498 0.000380
600 1663 498 0.000359
600 1663 498 0.000367
600 1663 498 0.000351
600 1663 498 0.000374
600 1663 498 0.000363
600 1663 498 0.000373
600 1663 498 0.000359
600 1663 498 0.000372
600 1663 498 0.000360
600 1663 498 0.000379
600 1663 498 0.000358
600 1663 498 0.000372
600 1663 498 0.000352
600 1663 498 0.000371
600 1663 498 0.000358
600 1663 498 0.000336
600 1663 498 0.000319
600 1663 498 0.000341
600 1663 498 0.000335
600 1663 498 0.000334
600 1663 498 0.000336
600 1663 498 0.000337
600 1663 498 0.000333
600 1663 498 0.000330
600 1663 498 0.000332
600 1663 498 0.000327
600 1663 498 0.000313
600 1663 498 0.000324
600 1663 498 0.000317
600 1663 498 0.000332
600 1663 498 0.000319
600 1663 498 0.000323
600 1663 498 0.000343
600 1663 498 0.000351
600 1663 498 0.000365
600 1663 498 0.000379
600 1663 498 0.000366
600 1663 498 0.000368
600 1663 498 0.000359
600 1663 498 0.000369
600 1663 498 0.000357
600 1663 498 0.000371
600 1663 498 0.000352
600 1663 498 0.000338
600 1663 498 0.000323
600 1663 498 0.000338
600 1663 498 0.000333
600 1663 498 0.000332
600 1663 498 0.000337
600 1663 498 0.000333
600 1663 498 0.000316
600 1663 498 0.000333
600 1663 498 0.000318
600 1663 498 0.000331
600 1663 498 0.000318
600 1663 498 0.000330
600 1663 498 0.000320
600 1663 498 0.000341
600 1663 498 0.000332
600 1663 498 0.000331
600 1663 498 0.000327
600 1663 498 0.000330
600 1663 498 0.000767
600 1663 498 0.000332
600 1663 498 0.000336
600 1663 498 0.000347
600 1663 498 0.000336
600 1663 498 0.000361
600 1663 498 0.000347
600 1663 498 0.000346
600 1663 498 0.000335
600 1663 498 0.000332
600 1663 498 0.000333
600 1663 498 0.000338
600 1663 498 0.000333
600 1663 498 0.000317
600 1663 498 0.000327
600 1663 498 0.000343
600 1663 498 0.000329
600 1663 498 0.000345
600 1663 498 0.000326
600 1663 498 0.000341
700 1995 598 0.000688
700 1995 598 0.000314
700 1995 598 0.000461
700 1995 598 0.000437
700 1995 598 0.000460
700 1995 598 0.000457
700 1995 598 0.000517
700 1995 598 0.000467
700 1995 598 0.000494
700 1995 598 0.000463
700 1995 598 0.000457
700 1995 598 0.000461
700 1995 598 0.000467
700 1995 598 0.000461
700 1995 598 0.000476
700 1995 598 0.000443
700 1995 598 0.000461
700 1995 598 0.000454
700 1995 598 0.000464
700 1995 598 0.000465
700 1995 598 0.000469
700 1995 598 0.000465
700 1995 598 0.000475
700 1995 598 0.000461
700 1995 598 0.000481
700 1995 598 0.000451
700 1995 598 0.000484
700 1995 598 0.000464
700 1995 598 0.000496
700 1995 598 0.000469
700 1995 598 0.000489
700 1995 598 0.000462
700 1995 598 0.000491
700 1995 598 0.000455
700 1995 598 0.000493
700 1995 598 0.000465
700 1995 598 0.000494
700 1995 598 0.000472
700 1995 598 0.000494
700 1995 598 0.000461
700 1995 598 0.000498
700 1995 598 0.000445
700 1995 598 0.000448
700 1995 598 0.000458
700 1995 598 0.000476
700 1995 598 0.000456
700 1995 598 0.000461
700 1995 598 0.000459
700 1995 598 0.000462
700 1995 598 0.000464
700 1995 598 0.000468
700 1995 598 0.000472
700 1995 598 0.000478
700 1995 598 0.001396
700 1995 598 0.000468
700 1995 598 0.000458
700 1995 598 0.000478
700 1995 598 0.000465
700 1995 598 0.000451
700 1995 598 0.000472
700 1995 598 0.000461
700 1995 598 0.000476
700 1995 598 0.000457
700 1995 598 0.000488
700 1995 598 0.000469
700 1995 598 0.000489
700 1995 598 0.000464
700 1995 598 0.000482
700 1995 598 0.000458
700 1995 598 0.000488
700 1995 598 0.000452
700 1995 598 0.000478
700 1995 598 0.000465
700 1995 598 0.000459
700 1995 598 0.000480
700 1995 598 0.000452
700 1995 598 0.000479
700 1995 598 0.000468
700 1995 598 0.000474
700 1995 598 0.000473
700 1995 598 0.000441
700 1995 598 0.000486
700 1995 598 0.000460
700 1995 598 0.000428
700 1995 598 0.000471
700 1995 598 0.000478
700 1995 598 0.000468
700 1995 598 0.000446
700 1995 598 0.000454
700 1995 598 0.000470
700 1995 598 0.000456
700 1995 598 0.000474
700 1995 598 0.000465
700 1995 598 0.000476
700 1995 598 0.000464
700 1995 598 0.000481
700 1995 598 0.000464
700 1995 598 0.000478
700 1995 598 0.000474
700 1995 598 0.000445
700 1995 598 0.000474
800 2334 700 0.001210
800 2334 700 0.000435
800 2334 700 0.000647
800 2334 700 0.000645
800 2334 700 0.000630
800 2334 700 0.000616
800 2334 700 0.000633
800 2334 700 0.000623
800 2334 700 0.000642
800 2334 700 0.000639
800 2334 700 0.000640
800 2334 700 0.000638
800 2334 700 0.000649
800 2334 700 0.000646
800 2334 700 0.000635
800 2334 700 0.000624
800 2334 700 0.000634
800 2334 700 0.000607
800 2334 700 0.000637
800 2334 700 0.000617
800 2334 700 0.000640
800 2334 700 0.000593
800 2334 700 0.000571
800 2334 700 0.000567
800 2334 700 0.000553
800 2334 700 0.000622
800 2334 700 0.000622
800 2334 700 0.000652
800 2334 700 0.000670
800 2334 700 0.000649
800 2334 700 0.000654
800 2334 700 0.000635
800 2334 700 0.000648
800 2334 700 0.000633
800 2334 700 0.000652
800 2334 700 0.000638
800 2334 700 0.000655
800 2334 700 0.000565
800 2334 700 0.001095
800 2334 700 0.000598
800 2334 700 0.000590
800 2334 700 0.000606
800 2334 700 0.000602
800 2334 700 0.000602
800 2334 700 0.000584
800 2334 700 0.000612
800 2334 700 0.000607
800 2334 700 0.000608
800 2334 700 0.000593
800 2334 700 0.000616
800 2334 700 0.000571
800 2334 700 0.000604
800 2334 700 0.000573
800 2334 700 0.000625
800 2334 700 0.000586
800 2334 700 0.000606
800 2334 700 0.000578
800 2334 700 0.000617
800 2334 700 0.000576
800 2334 700 0.000611
800 2334 700 0.000585
800 2334 700 0.000593
800 2334 700 0.000576
800 2334 700 0.000617
800 2334 700 0.000580
800 2334 700 0.000617
800 2334 700 0.000578
800 2334 700 0.000615
800 2334 700 0.000579
800 2334 700 0.000628
800 2334 700 0.000572
800 2334 700 0.000615
800 2334 700 0.000580
800 2334 700 0.000576
800 2334 700 0.000591
800 2334 700 0.000614
800 2334 700 0.000596
800 2334 700 0.000758
800 2334 700 0.000595
800 2334 700 0.000603
800 2334 700 0.000588
800 2334 700 0.000638
800 2334 700 0.000607
800 2334 700 0.000593
800 2334 700 0.000600
800 2334 700 0.000585
800 2334 700 0.000600
800 2334 700 0.000596
800 2334 700 0.000592
800 2334 700 0.000598
800 2334 700 0.000592
800 2334 700 0.000610
800 2334 700 0.000594
800 2334 700 0.000608
800 2334 700 0.000593
800 2334 700 0.000620
800 2334 700 0.000586
800 2334 700 0.001302
800 2334 700 0.000611
800 2334 700 0.000614
800 2334 700 0.000616
900 2680 804 0.000834
900 2680 804 0.000499
900 2680 804 0.000761
900 2680 804 0.000702
900 2680 804 0.000715
900 2680 804 0.000695
900 2680 804 0.000711
900 2680 804 0.000685
900 2680 804 0.000713
900 2680 804 0.000678
900 2680 804 0.000703
900 2680 804 0.000688
900 2680 804 0.000704
900 2680 804 0.000682
900 2680 804 0.000703
900 2680 804 0.000691
900 2680 804 0.000770
900 2680 804 0.000723
900 2680 804 0.000785
900 2680 804 0.000749
900 2680 804 0.000776
900 2680 804 0.000725
900 2680 804 0.000774
900 2680 804 0.000726
900 2680 804 0.000748
900 2680 804 0.000725
900 2680 804 0.000783
900 2680 804 0.000733
900 2680 804 0.000801
900 2680 804 0.000677
900 2680 804 0.000743
900 2680 804 0.000722
900 2680 804 0.000773
900 2680 804 0.000728
900 2680 804 0.000755
900 2680 804 0.000735
900 2680 804 0.000757
900 2680 804 0.000742
900 2680 804 0.000768
900 2680 804 0.000743
900 2680 804 0.000760
900 2680 804 0.000716
900 2680 804 0.000742
900 2680 804 0.000715
900 2680 804 0.000751
900 2680 804 0.000732
900 2680 804 0.000723
900 2680 804 0.000704
900 2680 804 0.000734
900 2680 804 0.000732
900 2680 804 0.000747
900 2680 804 0.000717
900 2680 804 0.000802
900 2680 804 0.000706
900 2680 804 0.000779
900 2680 804 0.000724
900 2680 804 0.000710
900 2680 804 0.000778
900 2680 804 0.000772
900 2680 804 0.000696
900 2680 804 0.000787
900 2680 804 0.000734
900 2680 804 0.000765
900 2680 804 0.000705
900 2680 804 0.000784
900 2680 804 0.000691
900 2680 804 0.000773
900 2680 804 0.000708
900 2680 804 0.000772
900 2680 804 0.000711
900 2680 804 0.000767
900 2680 804 0.000716
900 2680 804 0.000771
900 2680 804 0.000703
900 2680 804 0.000768
900 2680 804 0.000706
900 2680 804 0.000785
900 2680 804 0.000710
900 2680 804 0.000780
900 2680 804 0.000714
900 2680 804 0.000778
900 2680 804 0.000706
900 2680 804 0.000762
900 2680 804 0.000713
900 2680 804 0.000782
900 2680 804 0.000717
900 2680 804 0.000789
900 2680 804 0.000689
900 2680 804 0.000761
900 2680 804 0.000706
900 2680 804 0.000768
900 2680 804 0.000690
900 2680 804 0.000757
900 2680 804 0.000714
900 2680 804 0.000780
900 2680 804 0.000700
900 2680 804 0.000744
900 2680 804 0.000696
900 2680 804 0.000784
900 2680 804 0.000683
900 2680 804 0.000770
1000 3031 909 0.001417
1000 3031 909 0.000635
1000 3031 909 0.000975
1000 3031 909 0.000850
1000 3031 909 0.000956
1000 3031 909 0.000853
1000 3031 909 0.000926
1000 3031 909 0.000881
1000 3031 909 0.000978
1000 3031 909 0.000886
1000 3031 909 0.000986
1000 3031 909 0.000903
1000 3031 909 0.000981
1000 3031 909 0.000899
1000 3031 909 0.000982
1000 3031 909 0.000875
1000 3031 909 0.000912
1000 3031 909 0.000854
1000 3031 909 0.000891
1000 3031 909 0.000842
1000 3031 909 0.000838
1000 3031 909 0.001579
1000 3031 909 0.000764
1000 3031 909 0.000863
1000 3031 909 0.000782
1000 3031 909 0.000874
1000 3031 909 0.000901
1000 3031 909 0.000841
1000 3031 909 0.000888
1000 3031 909 0.000882
1000 3031 909 0.000947
1000 3031 909 0.000850
1000 3031 909 0.000933
1000 3031 909 0.000895
1000 3031 909 0.000932
1000 3031 909 0.000851
1000 3031 909 0.000887
1000 3031 909 0.000834
1000 3031 909 0.000874
1000 3031 909 0.000846
1000 3031 909 0.000928
1000 3031 909 0.000811
1000 3031 909 0.000902
1000 3031 909 0.000856
1000 3031 909 0.000915
1000 3031 909 0.000886
1000 3031 909 0.000920
1000 3031 909 0.000848
1000 3031 909 0.000919
1000 3031 909 0.000879
1000 3031 909 0.000912
1000 3031 909 0.000821
1000 3031 909 0.000940
1000 3031 909 0.000869
1000 3031 909 0.000927
1000 3031 909 0.000850
1000 3031 909 0.000906
1000 3031 909 0.000868
1000 3031 909 0.000901
1000 3031 909 0.000825
1000 3031 909 0.000917
1000 3031 909 0.000836
1000 3031 909 0.000921
1000 3031 909 0.000874
1000 3031 909 0.000848
1000 3031 909 0.000905
1000 3031 909 0.000906
1000 3031 909 0.000834
1000 3031 909 0.000919
1000 3031 909 0.000871
1000 3031 909 0.000929
1000 3031 909 0.000884
1000 3031 909 0.000911
1000 3031 909 0.000842
1000 3031 909 0.000907
1000 3031 909 0.000849
1000 3031 909 0.000923
1000 3031 909 0.000880
1000 3031 909 0.000904
1000 3031 909 0.000866
1000 3031 909 0.000934
1000 3031 909 0.000862
1000 3031 909 0.000919
1000 3031 909 0.000892
1000 3031 909 0.000871
1000 3031 909 0.000833
1000 3031 909 0.000910
1000 3031 909 0.000855
1000 3031 909 0.000912
1000 3031 909 0.000864
1000 3031 909 0.000888
1000 3031 909 0.000812
1000 3031 909 0.000917
1000 3031 909 0.000845
1000 3031 909 0.000934
1000 3031 909 0.000846
1000 3031 909 0.000937
1000 3031 909 0.000870
1000 3031 909 0.000943
1000 3031 909 0.000879
1000 3031 909 0.000933
2000 6760 2028 0.006051
2000 6760 2028 0.003025
2000 6760 2028 0.003299
2000 6760 2028 0.003250
2000 6760 2028 0.003313
2000 6760 2028 0.003116
2000 6760 2028 0.003220
2000 6760 2028 0.002997
2000 6760 2028 0.003073
2000 6760 2028 0.002965
2000 6760 2028 0.003344
2000 6760 2028 0.003188
2000 6760 2028 0.003126
2000 6760 2028 0.003162
2000 6760 2028 0.003101
2000 6760 2028 0.003148
2000 6760 2028 0.003504
2000 6760 2028 0.003159
2000 6760 2028 0.003204
2000 6760 2028 0.003076
2000 6760 2028 0.003347
2000 6760 2028 0.003205
2000 6760 2028 0.003296
2000 6760 2028 0.003183
2000 6760 2028 0.003356
2000 6760 2028 0.003188
2000 6760 2028 0.003462
2000 6760 2028 0.003260
2000 6760 2028 0.003419
2000 6760 2028 0.003195
2000 6760 2028 0.003281
2000 6760 2028 0.003171
2000 6760 2028 0.003302
2000 6760 2028 0.003153
2000 6760 2028 0.003231
2000 6760 2028 0.003128
2000 6760 2028 0.003302
2000 6760 2028 0.003100
2000 6760 2028 0.003281
2000 6760 2028 0.003127
2000 6760 2028 0.003369
2000 6760 2028 0.003192
2000 6760 2028 0.003398
2000 6760 2028 0.003098
2000 6760 2028 0.003476
2000 6760 2028 0.003216
2000 6760 2028 0.003382
2000 6760 2028 0.003138
2000 6760 2028 0.003309
2000 6760 2028 0.003165
2000 6760 2028 0.003356
2000 6760 2028 0.003152
2000 6760 2028 0.003273
2000 6760 2028 0.003217
2000 6760 2028 0.003436
2000 6760 2028 0.003200
2000 6760 2028 0.003140
2000 6760 2028 0.003188
2000 6760 2028 0.003291
2000 6760 2028 0.003042
2000 6760 2028 0.003658
2000 6760 2028 0.003141
2000 6760 2028 0.003402
2000 6760 2028 0.003051
2000 6760 2028 0.003177
2000 6760 2028 0.003061
2000 6760 2028 0.003134
2000 6760 2028 0.003009
2000 6760 2028 0.003222
2000 6760 2028 0.003120
2000 6760 2028 0.003294
2000 6760 2028 0.003111
2000 6760 2028 0.003062
2000 6760 2028 0.003112
2000 6760 2028 0.003188
2000 6760 2028 0.003012
2000 6760 2028 0.003167
2000 6760 2028 0.003119
2000 6760 2028 0.003128
2000 6760 2028 0.003262
2000 6760 2028 0.003397
2000 6760 2028 0.003192
2000 6760 2028 0.003334
2000 6760 2028 0.003160
2000 6760 2028 0.003215
2000 6760 2028 0.003119
2000 6760 2028 0.003216
2000 6760 2028 0.003090
2000 6760 2028 0.003330
2000 6760 2028 0.003163
2000 6760 2028 0.003235
2000 6760 2028 0.005162
2000 6760 2028 0.003360
2000 6760 2028 0.003341
2000 6760 2028 0.003467
2000 6760 2028 0.003148
2000 6760 2028 0.003299
2000 6760 2028 0.003173
2000 6760 2028 0.003193
2000 6760 2028 0.003061
2000 6760 2028 0.003118
5000 19200 5760 0.041507
5000 19200 5760 0.020566
5000 19200 5760 0.021853
5000 19200 5760 0.021811
5000 19200 5760 0.023316
5000 19200 5760 0.022570
5000 19200 5760 0.022086
5000 19200 5760 0.021741
5000 19200 5760 0.021831
5000 19200 5760 0.031956
5000 19200 5760 0.032064
5000 19200 5760 0.021591
5000 19200 5760 0.019988
5000 19200 5760 0.021996
5000 19200 5760 0.022082
5000 19200 5760 0.021718
5000 19200 5760 0.021476
5000 19200 5760 0.021977
5000 19200 5760 0.021199
5000 19200 5760 0.030634
5000 19200 5760 0.021704
5000 19200 5760 0.022625
5000 19200 5760 0.022490
5000 19200 5760 0.023320
5000 19200 5760 0.021720
5000 19200 5760 0.023911
5000 19200 5760 0.020523
5000 19200 5760 0.021300
5000 19200 5760 0.021751
5000 19200 5760 0.022838
5000 19200 5760 0.022042
5000 19200 5760 0.023135
5000 19200 5760 0.022179
5000 19200 5760 0.022589
5000 19200 5760 0.022917
5000 19200 5760 0.021475
5000 19200 5760 0.026949
5000 19200 5760 0.027460
5000 19200 5760 0.023305
5000 19200 5760 0.021928
5000 19200 5760 0.022770
5000 19200 5760 0.022300
5000 19200 5760 0.022235
5000 19200 5760 0.021483
5000 19200 5760 0.022902
5000 19200 5760 0.021848
5000 19200 5760 0.022038
5000 19200 5760 0.022684
5000 19200 5760 0.022713
5000 19200 5760 0.022288
5000 19200 5760 0.022904
5000 19200 5760 0.021730
5000 19200 5760 0.022080
5000 19200 5760 0.021924
5000 19200 5760 0.021462
5000 19200 5760 0.021227
5000 19200 5760 0.022314
5000 19200 5760 0.022355
5000 19200 5760 0.022260
5000 19200 5760 0.022159
5000 19200 5760 0.022749
5000 19200 5760 0.021693
5000 19200 5760 0.021694
5000 19200 5760 0.027581
5000 19200 5760 0.021916
5000 19200 5760 0.021318
5000 19200 5760 0.023044
5000 19200 5760 0.021109
5000 19200 5760 0.023150
5000 19200 5760 0.021965
5000 19200 5760 0.022490
5000 19200 5760 0.020358
5000 19200 5760 0.021965
5000 19200 5760 0.021853
5000 19200 5760 0.022946
5000 19200 5760 0.021087
5000 19200 5760 0.022308
5000 19200 5760 0.021891
5000 19200 5760 0.021517
5000 19200 5760 0.022797
5000 19200 5760 0.022508
5000 19200 5760 0.022549
5000 19200 5760 0.022920
5000 19200 5760 0.021448
5000 19200 5760 0.023454
5000 19200 5760 0.021893
5000 19200 5760 0.022134
5000 19200 5760 0.022115
5000 19200 5760 0.022678
5000 19200 5760 0.021732
5000 19200 5760 0.022015
5000 19200 5760 0.023007
5000 19200 5760 0.022767
5000 19200 5760 0.022936
5000 19200 5760 0.022231
5000 19200 5760 0.021953
5000 19200 5760 0.022047
5000 19200 5760 0.023104
5000 19200 5760 0.021060
5000 19200 5760 0.022152
5000 19200 5760 0.023192
9000 37211 11163 0.139127
9000 37211 11163 0.074326
9000 37211 11163 0.077041
9000 37211 11163 0.076558
9000 37211 11163 0.076777
9000 37211 11163 0.076487
9000 37211 11163 0.073919
9000 37211 11163 0.077657
9000 37211 11163 0.079858
9000 37211 11163 0.073912
9000 37211 11163 0.072160
9000 37211 11163 0.116787
9000 37211 11163 0.086904
9000 37211 11163 0.073198
9000 37211 11163 0.075811
9000 37211 11163 0.071401
9000 37211 11163 0.075049
9000 37211 11163 0.077151
9000 37211 11163 0.076515
9000 37211 11163 0.073530
9000 37211 11163 0.077467
9000 37211 11163 0.073743
9000 37211 11163 0.077536
9000 37211 11163 0.074881
9000 37211 11163 0.075340
9000 37211 11163 0.076770
9000 37211 11163 0.075478
9000 37211 11163 0.074679
9000 37211 11163 0.075697
9000 37211 11163 0.104130
9000 37211 11163 0.074216
9000 37211 11163 0.072257
9000 37211 11163 0.075405
9000 37211 11163 0.083249
9000 37211 11163 0.101747
9000 37211 11163 0.078800
9000 37211 11163 0.075191
9000 37211 11163 0.074353
9000 37211 11163 0.075740
9000 37211 11163 0.076944
9000 37211 11163 0.075636
9000 37211 11163 0.076072
9000 37211 11163 0.077500
9000 37211 11163 0.074282
9000 37211 11163 0.075442
9000 37211 11163 0.073609
9000 37211 11163 0.076675
9000 37211 11163 0.076131
9000 37211 11163 0.076707
9000 37211 11163 0.076402
9000 37211 11163 0.075035
9000 37211 11163 0.076756
9000 37211 11163 0.075160
9000 37211 11163 0.074845
9000 37211 11163 0.073984
9000 37211 11163 0.076173
9000 37211 11163 0.074619
9000 37211 11163 0.075441
9000 37211 11163 0.076405
9000 37211 11163 0.078110
9000 37211 11163 0.076064
9000 37211 11163 0.074323
9000 37211 11163 0.075751
9000 37211 11163 0.075049
9000 37211 11163 0.074445
9000 37211 11163 0.074029
9000 37211 11163 0.075389
9000 37211 11163 0.074283
9000 37211 11163 0.075164
9000 37211 11163 0.076719
9000 37211 11163 0.074555
9000 37211 11163 0.087569
9000 37211 11163 0.075076
9000 37211 11163 0.078926
9000 37211 11163 0.075279
9000 37211 11163 0.079015
9000 37211 11163 0.074357
9000 37211 11163 0.075594
9000 37211 11163 0.074043
9000 37211 11163 0.086426
9000 37211 11163 0.076723
9000 37211 11163 0.076968
9000 37211 11163 0.073685
9000 37211 11163 0.076137
9000 37211 11163 0.075482
9000 37211 11163 0.079854
9000 37211 11163 0.106976
9000 37211 11163 0.078586
9000 37211 11163 0.070753
9000 37211 11163 0.078475
9000 37211 11163 0.076660
9000 37211 11163 0.076151
9000 37211 11163 0.073549
9000 37211 11163 0.086762
9000 37211 11163 0.073782
9000 37211 11163 0.073318
9000 37211 11163 0.076704
9000 37211 11163 0.073544
9000 37211 11163 0.074224
9000 37211 11163 0.074388
9000 37211 11163 0.073501
