10 10000 5000 0.005556
10 10000 5000 0.002629
10 10000 5000 0.000217
10 10000 5000 0.004635
10 10000 5000 0.000218
10 10000 5000 0.002810
10 10000 5000 0.002676
10 10000 5000 0.002679
10 10000 5000 0.002741
10 10000 5000 0.002743
10 10000 5000 0.000211
10 10000 5000 0.003592
10 10000 5000 0.004116
10 10000 5000 0.000210
10 10000 5000 0.005612
10 10000 5000 0.000205
10 10000 5000 0.000209
10 10000 5000 0.003775
10 10000 5000 0.000203
10 10000 5000 0.000685
10 10000 5000 0.000205
50 10000 5000 0.000256
50 10000 5000 0.003637
50 10000 5000 0.005666
50 10000 5000 0.001454
50 10000 5000 0.000240
50 10000 5000 0.000227
50 10000 5000 0.003333
50 10000 5000 0.002765
50 10000 5000 0.002602
50 10000 5000 0.008677
50 10000 5000 0.001442
50 10000 5000 0.000225
50 10000 5000 0.002758
50 10000 5000 0.003069
50 10000 5000 0.004619
50 10000 5000 0.003470
50 10000 5000 0.005354
50 10000 5000 0.002757
50 10000 5000 0.002755
50 10000 5000 0.002964
50 10000 5000 0.002754
50 10000 5000 0.002753
50 10000 5000 0.002749
50 10000 5000 0.002755
50 10000 5000 0.002753
50 10000 5000 0.002753
50 10000 5000 0.002762
50 10000 5000 0.002762
50 10000 5000 0.002760
50 10000 5000 0.002766
50 10000 5000 0.002761
50 10000 5000 0.002759
100 10000 5000 0.000254
100 10000 5000 0.000247
100 10000 5000 0.002228
100 10000 5000 0.002679
100 10000 5000 0.002910
100 10000 5000 0.003466
100 10000 5000 0.002781
100 10000 5000 0.002746
100 10000 5000 0.003902
100 10000 5000 0.000231
100 10000 5000 0.000915
100 10000 5000 0.003947
100 10000 5000 0.001319
100 10000 5000 0.002704
100 10000 5000 0.004534
100 10000 5000 0.003968
100 10000 5000 0.003838
100 10000 5000 0.002761
100 10000 5000 0.002744
100 10000 5000 0.002759
100 10000 5000 0.002770
100 10000 5000 0.005677
100 10000 5000 0.001438
100 10000 5000 0.003831
100 10000 5000 0.005352
100 10000 5000 0.002755
100 10000 5000 0.002757
100 10000 5000 0.000227
100 10000 5000 0.003087
100 10000 5000 0.000225
100 10000 5000 0.006109
100 10000 5000 0.002765
100 10000 5000 0.002262
100 10000 5000 0.001482
100 10000 5000 0.000225
100 10000 5000 0.002745
100 10000 5000 0.000220
100 10000 5000 0.002650
100 10000 5000 0.003669
100 10000 5000 0.002658
100 10000 5000 0.005064
100 10000 5000 0.002749
100 10000 5000 0.002762
100 10000 5000 0.001154
100 10000 5000 0.003319
100 10000 5000 0.002984
100 10000 5000 0.000221
100 10000 5000 0.000223
100 10000 5000 0.009024
100 10000 5000 0.001489
100 10000 5000 0.004185
100 10000 5000 0.002752
100 10000 5000 0.000219
100 10000 5000 0.002742
100 10000 5000 0.001462
