100 185 55 0.000171
100 185 55 0.000163
100 185 55 0.000160
100 185 55 0.000166
100 185 55 0.000142
100 185 55 0.000140
100 185 55 0.000156
100 185 55 0.000151
100 185 55 0.000170
100 185 55 0.000161
100 185 55 0.000155
100 185 55 0.000146
100 185 55 0.000152
100 185 55 0.000146
100 185 55 0.000151
100 185 55 0.000150
100 185 55 0.000149
100 185 55 0.000158
100 185 55 0.000154
100 185 55 0.000151
100 185 55 0.000153
100 185 55 0.000146
100 185 55 0.000161
100 185 55 0.000157
100 185 55 0.000163
100 185 55 0.000150
100 185 55 0.000147
100 185 55 0.000140
100 185 55 0.000144
100 185 55 0.000160
100 185 55 0.000156
100 185 55 0.000153
100 185 55 0.000182
100 185 55 0.000154
100 185 55 0.000147
100 185 55 0.000134
100 185 55 0.000159
100 185 55 0.000164
100 185 55 0.000139
100 185 55 0.000155
100 185 55 0.000174
100 185 55 0.000162
100 185 55 0.000150
100 185 55 0.000156
100 185 55 0.000155
100 185 55 0.000142
100 185 55 0.000164
100 185 55 0.000146
100 185 55 0.000162
100 185 55 0.000151
100 185 55 0.000136
100 185 55 0.000149
100 185 55 0.000158
100 185 55 0.000168
100 185 55 0.000145
100 185 55 0.000158
100 185 55 0.000171
100 185 55 0.000173
100 185 55 0.000146
100 185 55 0.000148
100 185 55 0.000146
100 185 55 0.000158
100 185 55 0.000152
100 185 55 0.000159
100 185 55 0.000152
100 185 55 0.000150
100 185 55 0.000161
100 185 55 0.000154
100 185 55 0.000173
100 185 55 0.000147
100 185 55 0.000150
100 185 55 0.000163
100 185 55 0.000153
100 185 55 0.000154
100 185 55 0.000144
100 185 55 0.000149
100 185 55 0.000153
100 185 55 0.000162
100 185 55 0.000147
100 185 55 0.000141
100 185 55 0.000173
100 185 55 0.000151
100 185 55 0.000150
100 185 55 0.000153
100 185 55 0.000155
100 185 55 0.000160
100 185 55 0.000165
100 185 55 0.000135
100 185 55 0.000155
100 185 55 0.000143
100 185 55 0.000150
100 185 55 0.000143
100 185 55 0.000166
100 185 55 0.000154
100 185 55 0.000149
100 185 55 0.000158
100 185 55 0.000159
100 185 55 0.000146
100 185 55 0.000145
100 185 55 0.000136
100 185 55 0.000152
200 442 132 0.000185
200 442 132 0.000173
200 442 132 0.000162
200 442 132 0.000179
200 442 132 0.000159
200 442 132 0.000145
200 442 132 0.000171
200 442 132 0.000148
200 442 132 0.000151
200 442 132 0.000158
200 442 132 0.000163
200 442 132 0.000161
200 442 132 0.000156
200 442 132 0.000185
200 442 132 0.000146
200 442 132 0.000157
200 442 132 0.000157
200 442 132 0.000148
200 442 132 0.000163
200 442 132 0.000153
200 442 132 0.000153
200 442 132 0.000182
200 442 132 0.000173
200 442 132 0.000158
200 442 132 0.000157
200 442 132 0.000182
200 442 132 0.000173
200 442 132 0.000166
200 442 132 0.000171
200 442 132 0.000169
200 442 132 0.000163
200 442 132 0.000161
200 442 132 0.000171
200 442 132 0.000165
200 442 132 0.000146
200 442 132 0.000151
200 442 132 0.000165
200 442 132 0.000158
200 442 132 0.000160
200 442 132 0.000160
200 442 132 0.000138
200 442 132 0.000181
200 442 132 0.000155
200 442 132 0.000168
200 442 132 0.000174
200 442 132 0.000153
200 442 132 0.000167
200 442 132 0.000157
200 442 132 0.000163
200 442 132 0.000159
200 442 132 0.000152
200 442 132 0.000136
200 442 132 0.000155
200 442 132 0.000176
200 442 132 0.000166
200 442 132 0.000174
200 442 132 0.000174
200 442 132 0.000150
200 442 132 0.000160
200 442 132 0.000156
200 442 132 0.000183
200 442 132 0.000173
200 442 132 0.000159
200 442 132 0.000162
200 442 132 0.000167
200 442 132 0.000189
200 442 132 0.000154
200 442 132 0.000157
200 442 132 0.000171
200 442 132 0.000175
200 442 132 0.000164
200 442 132 0.000158
200 442 132 0.000170
200 442 132 0.000162
200 442 132 0.000145
200 442 132 0.000141
200 442 132 0.000157
200 442 132 0.000167
200 442 132 0.000162
200 442 132 0.000142
200 442 132 0.000167
200 442 132 0.000164
200 442 132 0.000164
200 442 132 0.000152
200 442 132 0.000163
200 442 132 0.000156
200 442 132 0.000162
200 442 132 0.000160
200 442 132 0.000164
200 442 132 0.000161
200 442 132 0.000157
200 442 132 0.000177
200 442 132 0.000153
200 442 132 0.000148
200 442 132 0.000177
200 442 132 0.000157
200 442 132 0.000161
200 442 132 0.000149
200 442 132 0.000138
200 442 132 0.000159
200 442 132 0.000155
300 726 217 0.000189
300 726 217 0.000169
300 726 217 0.000161
300 726 217 0.000156
300 726 217 0.000166
300 726 217 0.000175
300 726 217 0.000174
300 726 217 0.000170
300 726 217 0.000182
300 726 217 0.000153
300 726 217 0.000156
300 726 217 0.000168
300 726 217 0.000172
300 726 217 0.000190
300 726 217 0.000167
300 726 217 0.000171
300 726 217 0.000143
300 726 217 0.000179
300 726 217 0.000174
300 726 217 0.000162
300 726 217 0.000166
300 726 217 0.000155
300 726 217 0.000173
300 726 217 0.000156
300 726 217 0.000163
300 726 217 0.000162
300 726 217 0.000161
300 726 217 0.000164
300 726 217 0.000164
300 726 217 0.000168
300 726 217 0.000163
300 726 217 0.000163
300 726 217 0.000176
300 726 217 0.000164
300 726 217 0.000172
300 726 217 0.000149
300 726 217 0.000150
300 726 217 0.000172
300 726 217 0.000169
300 726 217 0.000160
300 726 217 0.000171
300 726 217 0.000163
300 726 217 0.000171
300 726 217 0.000188
300 726 217 0.000168
300 726 217 0.000169
300 726 217 0.000165
300 726 217 0.000166
300 726 217 0.000179
300 726 217 0.000157
300 726 217 0.000174
300 726 217 0.000157
300 726 217 0.000172
300 726 217 0.000171
300 726 217 0.000165
300 726 217 0.000163
300 726 217 0.000159
300 726 217 0.000169
300 726 217 0.000155
300 726 217 0.000166
300 726 217 0.000161
300 726 217 0.000176
300 726 217 0.000158
300 726 217 0.000164
300 726 217 0.000162
300 726 217 0.000173
300 726 217 0.000173
300 726 217 0.000167
300 726 217 0.000170
300 726 217 0.000169
300 726 217 0.000165
300 726 217 0.000170
300 726 217 0.000171
300 726 217 0.000170
300 726 217 0.000168
300 726 217 0.000153
300 726 217 0.000163
300 726 217 0.000174
300 726 217 0.000167
300 726 217 0.000167
300 726 217 0.000176
300 726 217 0.000158
300 726 217 0.000161
300 726 217 0.000148
300 726 217 0.000160
300 726 217 0.000164
300 726 217 0.000168
300 726 217 0.000159
300 726 217 0.000151
300 726 217 0.000141
300 726 217 0.000163
300 726 217 0.000172
300 726 217 0.000179
300 726 217 0.000157
300 726 217 0.000164
300 726 217 0.000147
300 726 217 0.000154
300 726 217 0.000156
300 726 217 0.000180
300 726 217 0.000174
300 726 217 0.000164
400 1026 307 0.000196
400 1026 307 0.000179
400 1026 307 0.000172
400 1026 307 0.000181
400 1026 307 0.000202
400 1026 307 0.000168
400 1026 307 0.000190
400 1026 307 0.000181
400 1026 307 0.002175
400 1026 307 0.000169
400 1026 307 0.000174
400 1026 307 0.000189
400 1026 307 0.000194
400 1026 307 0.000176
400 1026 307 0.000201
400 1026 307 0.000181
400 1026 307 0.000181
400 1026 307 0.000191
400 1026 307 0.000172
400 1026 307 0.000183
400 1026 307 0.000172
400 1026 307 0.000200
400 1026 307 0.000172
400 1026 307 0.000188
400 1026 307 0.000188
400 1026 307 0.000188
400 1026 307 0.000172
400 1026 307 0.000166
400 1026 307 0.000189
400 1026 307 0.000181
400 1026 307 0.000189
400 1026 307 0.000165
400 1026 307 0.000170
400 1026 307 0.000183
400 1026 307 0.000171
400 1026 307 0.000186
400 1026 307 0.000186
400 1026 307 0.000165
400 1026 307 0.000194
400 1026 307 0.000185
400 1026 307 0.000180
400 1026 307 0.000192
400 1026 307 0.000184
400 1026 307 0.000174
400 1026 307 0.000192
400 1026 307 0.000170
400 1026 307 0.000202
400 1026 307 0.000210
400 1026 307 0.000196
400 1026 307 0.002222
400 1026 307 0.000183
400 1026 307 0.000185
400 1026 307 0.000181
400 1026 307 0.000182
400 1026 307 0.000190
400 1026 307 0.000170
400 1026 307 0.000184
400 1026 307 0.000198
400 1026 307 0.000184
400 1026 307 0.000168
400 1026 307 0.000182
400 1026 307 0.000179
400 1026 307 0.000166
400 1026 307 0.002234
400 1026 307 0.000196
400 1026 307 0.000186
400 1026 307 0.000163
400 1026 307 0.000171
400 1026 307 0.000176
400 1026 307 0.000174
400 1026 307 0.000169
400 1026 307 0.000179
400 1026 307 0.000181
400 1026 307 0.000181
400 1026 307 0.000169
400 1026 307 0.000172
400 1026 307 0.000163
400 1026 307 0.000181
400 1026 307 0.000176
400 1026 307 0.000198
400 1026 307 0.000162
400 1026 307 0.000174
400 1026 307 0.000182
400 1026 307 0.000178
400 1026 307 0.000180
400 1026 307 0.000175
400 1026 307 0.000182
400 1026 307 0.000179
400 1026 307 0.000156
400 1026 307 0.000186
400 1026 307 0.000170
400 1026 307 0.000179
400 1026 307 0.000189
400 1026 307 0.002154
400 1026 307 0.000197
400 1026 307 0.000179
400 1026 307 0.000160
400 1026 307 0.000192
400 1026 307 0.000172
400 1026 307 0.000193
400 1026 307 0.000178
500 1340 402 0.000190
500 1340 402 0.000166
500 1340 402 0.000210
500 1340 402 0.000195
500 1340 402 0.000194
500 1340 402 0.002238
500 1340 402 0.000184
500 1340 402 0.000178
500 1340 402 0.000172
500 1340 402 0.000193
500 1340 402 0.000201
500 1340 402 0.002211
500 1340 402 0.000171
500 1340 402 0.000194
500 1340 402 0.002249
500 1340 402 0.000197
500 1340 402 0.000186
500 1340 402 0.000180
500 1340 402 0.000183
500 1340 402 0.000191
500 1340 402 0.000169
500 1340 402 0.000201
500 1340 402 0.000178
500 1340 402 0.000212
500 1340 402 0.000183
500 1340 402 0.000186
500 1340 402 0.000185
500 1340 402 0.002238
500 1340 402 0.000181
500 1340 402 0.000194
500 1340 402 0.000170
500 1340 402 0.000175
500 1340 402 0.000185
500 1340 402 0.000171
500 1340 402 0.000183
500 1340 402 0.000162
500 1340 402 0.000176
500 1340 402 0.000176
500 1340 402 0.000194
500 1340 402 0.000186
500 1340 402 0.000177
500 1340 402 0.000178
500 1340 402 0.000185
500 1340 402 0.000181
500 1340 402 0.000190
500 1340 402 0.000168
500 1340 402 0.002267
500 1340 402 0.000177
500 1340 402 0.000173
500 1340 402 0.000187
500 1340 402 0.000197
500 1340 402 0.002225
500 1340 402 0.000198
500 1340 402 0.000206
500 1340 402 0.000175
500 1340 402 0.000189
500 1340 402 0.000166
500 1340 402 0.000190
500 1340 402 0.000177
500 1340 402 0.000163
500 1340 402 0.000175
500 1340 402 0.000177
500 1340 402 0.000192
500 1340 402 0.000201
500 1340 402 0.000175
500 1340 402 0.002251
500 1340 402 0.000194
500 1340 402 0.002238
500 1340 402 0.000178
500 1340 402 0.000181
500 1340 402 0.000172
500 1340 402 0.002237
500 1340 402 0.002245
500 1340 402 0.000187
500 1340 402 0.000172
500 1340 402 0.000191
500 1340 402 0.000170
500 1340 402 0.000181
500 1340 402 0.000188
500 1340 402 0.000192
500 1340 402 0.000180
500 1340 402 0.000163
500 1340 402 0.000161
500 1340 402 0.000190
500 1340 402 0.000166
500 1340 402 0.000173
500 1340 402 0.002250
500 1340 402 0.000176
500 1340 402 0.000189
500 1340 402 0.000182
500 1340 402 0.000184
500 1340 402 0.000178
500 1340 402 0.000193
500 1340 402 0.000173
500 1340 402 0.000187
500 1340 402 0.000178
500 1340 402 0.000169
500 1340 402 0.000184
500 1340 402 0.000173
500 1340 402 0.000168
500 1340 402 0.000193
600 1663 498 0.000203
600 1663 498 0.000187
600 1663 498 0.000179
600 1663 498 0.000186
600 1663 498 0.000197
600 1663 498 0.000201
600 1663 498 0.002262
600 1663 498 0.000179
600 1663 498 0.002249
600 1663 498 0.000187
600 1663 498 0.000179
600 1663 498 0.000197
600 1663 498 0.000174
600 1663 498 0.000196
600 1663 498 0.002274
600 1663 498 0.000201
600 1663 498 0.002245
600 1663 498 0.002286
600 1663 498 0.000220
600 1663 498 0.000190
600 1663 498 0.002267
600 1663 498 0.002261
600 1663 498 0.000194
600 1663 498 0.000185
600 1663 498 0.000179
600 1663 498 0.000182
600 1663 498 0.000184
600 1663 498 0.000176
600 1663 498 0.000177
600 1663 498 0.002239
600 1663 498 0.000199
600 1663 498 0.000194
600 1663 498 0.000190
600 1663 498 0.000166
600 1663 498 0.002144
600 1663 498 0.000198
600 1663 498 0.000178
600 1663 498 0.000187
600 1663 498 0.000194
600 1663 498 0.000189
600 1663 498 0.000184
600 1663 498 0.000206
600 1663 498 0.002230
600 1663 498 0.000189
600 1663 498 0.000184
600 1663 498 0.000187
600 1663 498 0.000174
600 1663 498 0.000189
600 1663 498 0.000171
600 1663 498 0.000217
600 1663 498 0.000174
600 1663 498 0.000207
600 1663 498 0.000197
600 1663 498 0.000179
600 1663 498 0.000176
600 1663 498 0.000175
600 1663 498 0.000165
600 1663 498 0.000186
600 1663 498 0.000174
600 1663 498 0.000191
600 1663 498 0.000188
600 1663 498 0.000184
600 1663 498 0.002245
600 1663 498 0.000173
600 1663 498 0.000190
600 1663 498 0.002262
600 1663 498 0.000172
600 1663 498 0.000182
600 1663 498 0.000189
600 1663 498 0.000179
600 1663 498 0.000178
600 1663 498 0.000178
600 1663 498 0.002262
600 1663 498 0.000184
600 1663 498 0.002241
600 1663 498 0.000193
600 1663 498 0.002190
600 1663 498 0.002186
600 1663 498 0.000183
600 1663 498 0.000184
600 1663 498 0.000192
600 1663 498 0.000193
600 1663 498 0.000218
600 1663 498 0.000194
600 1663 498 0.000185
600 1663 498 0.000198
600 1663 498 0.000165
600 1663 498 0.000176
600 1663 498 0.000169
600 1663 498 0.000185
600 1663 498 0.000182
600 1663 498 0.002244
600 1663 498 0.000194
600 1663 498 0.000174
600 1663 498 0.000182
600 1663 498 0.000172
600 1663 498 0.000184
600 1663 498 0.000202
600 1663 498 0.002227
600 1663 498 0.000185
600 1663 498 0.000183
700 1995 598 0.000218
700 1995 598 0.000210
700 1995 598 0.000212
700 1995 598 0.000212
700 1995 598 0.002261
700 1995 598 0.000202
700 1995 598 0.000205
700 1995 598 0.000204
700 1995 598 0.000198
700 1995 598 0.000205
700 1995 598 0.004328
700 1995 598 0.000213
700 1995 598 0.002266
700 1995 598 0.002272
700 1995 598 0.000207
700 1995 598 0.000194
700 1995 598 0.000182
700 1995 598 0.002278
700 1995 598 0.000208
700 1995 598 0.002249
700 1995 598 0.000187
700 1995 598 0.000208
700 1995 598 0.000214
700 1995 598 0.000197
700 1995 598 0.000218
700 1995 598 0.000200
700 1995 598 0.000202
700 1995 598 0.000209
700 1995 598 0.000203
700 1995 598 0.000173
700 1995 598 0.002148
700 1995 598 0.000192
700 1995 598 0.000182
700 1995 598 0.000184
700 1995 598 0.000211
700 1995 598 0.002272
700 1995 598 0.002279
700 1995 598 0.000172
700 1995 598 0.000208
700 1995 598 0.002264
700 1995 598 0.004351
700 1995 598 0.002230
700 1995 598 0.000183
700 1995 598 0.002294
700 1995 598 0.000201
700 1995 598 0.000197
700 1995 598 0.000217
700 1995 598 0.000201
700 1995 598 0.002261
700 1995 598 0.002262
700 1995 598 0.000182
700 1995 598 0.000192
700 1995 598 0.002280
700 1995 598 0.000186
700 1995 598 0.002187
700 1995 598 0.000186
700 1995 598 0.000206
700 1995 598 0.002253
700 1995 598 0.002260
700 1995 598 0.002251
700 1995 598 0.002246
700 1995 598 0.000182
700 1995 598 0.000181
700 1995 598 0.002231
700 1995 598 0.000195
700 1995 598 0.000194
700 1995 598 0.002164
700 1995 598 0.000213
700 1995 598 0.000209
700 1995 598 0.000189
700 1995 598 0.002242
700 1995 598 0.000180
700 1995 598 0.000223
700 1995 598 0.000199
700 1995 598 0.000195
700 1995 598 0.000183
700 1995 598 0.000200
700 1995 598 0.000191
700 1995 598 0.002221
700 1995 598 0.000194
700 1995 598 0.000177
700 1995 598 0.002261
700 1995 598 0.000189
700 1995 598 0.000216
700 1995 598 0.000201
700 1995 598 0.000180
700 1995 598 0.000193
700 1995 598 0.002243
700 1995 598 0.000183
700 1995 598 0.002145
700 1995 598 0.000219
700 1995 598 0.000187
700 1995 598 0.000181
700 1995 598 0.000200
700 1995 598 0.000219
700 1995 598 0.000212
700 1995 598 0.002297
700 1995 598 0.000188
700 1995 598 0.002156
700 1995 598 0.000184
700 1995 598 0.002240
800 2334 700 0.000214
800 2334 700 0.000221
800 2334 700 0.002183
800 2334 700 0.002281
800 2334 700 0.002240
800 2334 700 0.000205
800 2334 700 0.000238
800 2334 700 0.002307
800 2334 700 0.002299
800 2334 700 0.000226
800 2334 700 0.000224
800 2334 700 0.002269
800 2334 700 0.000197
800 2334 700 0.002301
800 2334 700 0.002330
800 2334 700 0.000227
800 2334 700 0.002288
800 2334 700 0.000232
800 2334 700 0.000196
800 2334 700 0.000222
800 2334 700 0.002143
800 2334 700 0.000213
800 2334 700 0.002273
800 2334 700 0.002275
800 2334 700 0.002286
800 2334 700 0.000218
800 2334 700 0.004385
800 2334 700 0.004335
800 2334 700 0.002267
800 2334 700 0.002291
800 2334 700 0.002274
800 2334 700 0.000246
800 2334 700 0.000183
800 2334 700 0.000205
800 2334 700 0.000207
800 2334 700 0.000198
800 2334 700 0.000201
800 2334 700 0.002166
800 2334 700 0.000199
800 2334 700 0.000214
800 2334 700 0.000238
800 2334 700 0.000194
800 2334 700 0.002253
800 2334 700 0.000229
800 2334 700 0.000184
800 2334 700 0.000187
800 2334 700 0.000211
800 2334 700 0.000212
800 2334 700 0.002265
800 2334 700 0.002293
800 2334 700 0.002312
800 2334 700 0.002315
800 2334 700 0.000220
800 2334 700 0.002254
800 2334 700 0.002291
800 2334 700 0.000238
800 2334 700 0.002272
800 2334 700 0.000202
800 2334 700 0.000196
800 2334 700 0.002305
800 2334 700 0.000197
800 2334 700 0.002284
800 2334 700 0.000192
800 2334 700 0.000190
800 2334 700 0.000216
800 2334 700 0.002286
800 2334 700 0.002283
800 2334 700 0.002254
800 2334 700 0.000189
800 2334 700 0.000210
800 2334 700 0.000196
800 2334 700 0.000184
800 2334 700 0.000203
800 2334 700 0.000202
800 2334 700 0.002281
800 2334 700 0.002263
800 2334 700 0.002280
800 2334 700 0.002260
800 2334 700 0.000219
800 2334 700 0.002260
800 2334 700 0.000212
800 2334 700 0.000224
800 2334 700 0.000198
800 2334 700 0.000197
800 2334 700 0.000201
800 2334 700 0.000206
800 2334 700 0.002305
800 2334 700 0.000216
800 2334 700 0.000206
800 2334 700 0.000226
800 2334 700 0.000241
800 2334 700 0.002272
800 2334 700 0.000181
800 2334 700 0.000198
800 2334 700 0.000198
800 2334 700 0.002245
800 2334 700 0.000221
800 2334 700 0.002249
800 2334 700 0.002270
800 2334 700 0.000186
800 2334 700 0.000225
900 2680 804 0.000242
900 2680 804 0.000219
900 2680 804 0.000248
900 2680 804 0.000209
900 2680 804 0.002280
900 2680 804 0.000217
900 2680 804 0.002310
900 2680 804 0.002284
900 2680 804 0.002280
900 2680 804 0.002286
900 2680 804 0.004471
900 2680 804 0.000247
900 2680 804 0.002298
900 2680 804 0.000235
900 2680 804 0.000238
900 2680 804 0.002241
900 2680 804 0.000223
900 2680 804 0.002311
900 2680 804 0.004362
900 2680 804 0.000225
900 2680 804 0.000180
900 2680 804 0.000202
900 2680 804 0.000231
900 2680 804 0.000238
900 2680 804 0.000210
900 2680 804 0.002306
900 2680 804 0.002175
900 2680 804 0.002333
900 2680 804 0.000211
900 2680 804 0.000206
900 2680 804 0.000194
900 2680 804 0.000219
900 2680 804 0.002353
900 2680 804 0.002295
900 2680 804 0.002250
900 2680 804 0.000228
900 2680 804 0.000197
900 2680 804 0.000232
900 2680 804 0.002287
900 2680 804 0.000202
900 2680 804 0.002248
900 2680 804 0.000236
900 2680 804 0.002162
900 2680 804 0.002249
900 2680 804 0.002261
900 2680 804 0.004290
900 2680 804 0.000201
900 2680 804 0.002270
900 2680 804 0.000201
900 2680 804 0.000221
900 2680 804 0.000198
900 2680 804 0.002319
900 2680 804 0.000211
900 2680 804 0.002300
900 2680 804 0.002231
900 2680 804 0.002298
900 2680 804 0.000196
900 2680 804 0.000201
900 2680 804 0.000218
900 2680 804 0.000202
900 2680 804 0.000246
900 2680 804 0.000197
900 2680 804 0.002281
900 2680 804 0.002316
900 2680 804 0.000196
900 2680 804 0.000226
900 2680 804 0.002314
900 2680 804 0.000235
900 2680 804 0.000219
900 2680 804 0.002244
900 2680 804 0.000220
900 2680 804 0.000200
900 2680 804 0.000212
900 2680 804 0.000210
900 2680 804 0.000237
900 2680 804 0.000214
900 2680 804 0.000191
900 2680 804 0.002306
900 2680 804 0.002200
900 2680 804 0.000214
900 2680 804 0.000212
900 2680 804 0.000188
900 2680 804 0.002258
900 2680 804 0.000194
900 2680 804 0.000208
900 2680 804 0.002300
900 2680 804 0.000221
900 2680 804 0.002358
900 2680 804 0.000222
900 2680 804 0.002241
900 2680 804 0.000230
900 2680 804 0.000247
900 2680 804 0.002295
900 2680 804 0.000209
900 2680 804 0.000210
900 2680 804 0.000198
900 2680 804 0.004318
900 2680 804 0.002287
900 2680 804 0.004373
900 2680 804 0.000192
900 2680 804 0.002272
1000 3031 909 0.000236
1000 3031 909 0.000240
1000 3031 909 0.000286
1000 3031 909 0.002306
1000 3031 909 0.000232
1000 3031 909 0.002346
1000 3031 909 0.002287
1000 3031 909 0.000224
1000 3031 909 0.000234
1000 3031 909 0.002285
1000 3031 909 0.000247
1000 3031 909 0.002267
1000 3031 909 0.002292
1000 3031 909 0.000226
1000 3031 909 0.000252
1000 3031 909 0.000255
1000 3031 909 0.002267
1000 3031 909 0.004429
1000 3031 909 0.000240
1000 3031 909 0.002296
1000 3031 909 0.002299
1000 3031 909 0.000217
1000 3031 909 0.000218
1000 3031 909 0.002186
1000 3031 909 0.002315
1000 3031 909 0.004403
1000 3031 909 0.002228
1000 3031 909 0.000203
1000 3031 909 0.004361
1000 3031 909 0.000191
1000 3031 909 0.002273
1000 3031 909 0.002285
1000 3031 909 0.000243
1000 3031 909 0.000212
1000 3031 909 0.000263
1000 3031 909 0.000199
1000 3031 909 0.000196
1000 3031 909 0.000230
1000 3031 909 0.002243
1000 3031 909 0.000209
1000 3031 909 0.000210
1000 3031 909 0.000219
1000 3031 909 0.000185
1000 3031 909 0.000247
1000 3031 909 0.000249
1000 3031 909 0.000199
1000 3031 909 0.000215
1000 3031 909 0.000233
1000 3031 909 0.002197
1000 3031 909 0.002313
1000 3031 909 0.000241
1000 3031 909 0.000207
1000 3031 909 0.004415
1000 3031 909 0.000222
1000 3031 909 0.000222
1000 3031 909 0.002222
1000 3031 909 0.002316
1000 3031 909 0.002298
1000 3031 909 0.000225
1000 3031 909 0.000209
1000 3031 909 0.000196
1000 3031 909 0.000198
1000 3031 909 0.000238
1000 3031 909 0.000204
1000 3031 909 0.000238
1000 3031 909 0.000231
1000 3031 909 0.000220
1000 3031 909 0.000218
1000 3031 909 0.000198
1000 3031 909 0.000206
1000 3031 909 0.000230
1000 3031 909 0.000205
1000 3031 909 0.002296
1000 3031 909 0.000201
1000 3031 909 0.002312
1000 3031 909 0.002314
1000 3031 909 0.000241
1000 3031 909 0.000223
1000 3031 909 0.002311
1000 3031 909 0.000235
1000 3031 909 0.000219
1000 3031 909 0.000223
1000 3031 909 0.000246
1000 3031 909 0.000235
1000 3031 909 0.000239
1000 3031 909 0.000205
1000 3031 909 0.000219
1000 3031 909 0.000207
1000 3031 909 0.000205
1000 3031 909 0.000215
1000 3031 909 0.000228
1000 3031 909 0.000248
1000 3031 909 0.000232
1000 3031 909 0.000221
1000 3031 909 0.000222
1000 3031 909 0.000243
1000 3031 909 0.000226
1000 3031 909 0.000226
1000 3031 909 0.000192
1000 3031 909 0.000200
1000 3031 909 0.000208
2000 6760 2028 0.000303
2000 6760 2028 0.000303
2000 6760 2028 0.000378
2000 6760 2028 0.000280
2000 6760 2028 0.000306
2000 6760 2028 0.000308
2000 6760 2028 0.000337
2000 6760 2028 0.002422
2000 6760 2028 0.000327
2000 6760 2028 0.002433
2000 6760 2028 0.000350
2000 6760 2028 0.000298
2000 6760 2028 0.000305
2000 6760 2028 0.000319
2000 6760 2028 0.002220
2000 6760 2028 0.000365
2000 6760 2028 0.000276
2000 6760 2028 0.000274
2000 6760 2028 0.000294
2000 6760 2028 0.000296
2000 6760 2028 0.000253
2000 6760 2028 0.000278
2000 6760 2028 0.000372
2000 6760 2028 0.000348
2000 6760 2028 0.000287
2000 6760 2028 0.000309
2000 6760 2028 0.000315
2000 6760 2028 0.000305
2000 6760 2028 0.000281
2000 6760 2028 0.000391
2000 6760 2028 0.000374
2000 6760 2028 0.000235
2000 6760 2028 0.000304
2000 6760 2028 0.000281
2000 6760 2028 0.000300
2000 6760 2028 0.000343
2000 6760 2028 0.000279
2000 6760 2028 0.000379
2000 6760 2028 0.000330
2000 6760 2028 0.000233
2000 6760 2028 0.000324
2000 6760 2028 0.000336
2000 6760 2028 0.000370
2000 6760 2028 0.000281
2000 6760 2028 0.000301
2000 6760 2028 0.000288
2000 6760 2028 0.000309
2000 6760 2028 0.000305
2000 6760 2028 0.000294
2000 6760 2028 0.000316
2000 6760 2028 0.000301
2000 6760 2028 0.000320
2000 6760 2028 0.000271
2000 6760 2028 0.000292
2000 6760 2028 0.000282
2000 6760 2028 0.000296
2000 6760 2028 0.000364
2000 6760 2028 0.000366
2000 6760 2028 0.000320
2000 6760 2028 0.000276
2000 6760 2028 0.000360
2000 6760 2028 0.000228
2000 6760 2028 0.000272
2000 6760 2028 0.000301
2000 6760 2028 0.000281
2000 6760 2028 0.000282
2000 6760 2028 0.000294
2000 6760 2028 0.000276
2000 6760 2028 0.000298
2000 6760 2028 0.000285
2000 6760 2028 0.000288
2000 6760 2028 0.000318
2000 6760 2028 0.000322
2000 6760 2028 0.000265
2000 6760 2028 0.000314
2000 6760 2028 0.000293
2000 6760 2028 0.000301
2000 6760 2028 0.000277
2000 6760 2028 0.000281
2000 6760 2028 0.000365
2000 6760 2028 0.000272
2000 6760 2028 0.000355
2000 6760 2028 0.000253
2000 6760 2028 0.000265
2000 6760 2028 0.000311
2000 6760 2028 0.000277
2000 6760 2028 0.000303
2000 6760 2028 0.000366
2000 6760 2028 0.000313
2000 6760 2028 0.000284
2000 6760 2028 0.000291
2000 6760 2028 0.000312
2000 6760 2028 0.000317
2000 6760 2028 0.000297
2000 6760 2028 0.000302
2000 6760 2028 0.000285
2000 6760 2028 0.000271
2000 6760 2028 0.000297
2000 6760 2028 0.000322
2000 6760 2028 0.000370
2000 6760 2028 0.000347
100 185 55 0.000161
100 185 55 0.000165
100 185 55 0.000152
100 185 55 0.000158
100 185 55 0.000152
100 185 55 0.000157
100 185 55 0.000155
100 185 55 0.000169
100 185 55 0.000150
100 185 55 0.000154
100 185 55 0.000149
100 185 55 0.000153
100 185 55 0.000165
100 185 55 0.000149
100 185 55 0.000159
100 185 55 0.000178
100 185 55 0.000147
100 185 55 0.000141
100 185 55 0.000162
100 185 55 0.000162
100 185 55 0.000151
100 185 55 0.000148
100 185 55 0.000151
100 185 55 0.000152
100 185 55 0.000147
100 185 55 0.000165
100 185 55 0.000149
100 185 55 0.000164
100 185 55 0.000139
100 185 55 0.000153
100 185 55 0.000146
100 185 55 0.000153
100 185 55 0.000172
100 185 55 0.000170
100 185 55 0.000147
100 185 55 0.000138
100 185 55 0.000155
100 185 55 0.000150
100 185 55 0.000151
100 185 55 0.000159
100 185 55 0.000173
100 185 55 0.000148
100 185 55 0.000160
100 185 55 0.000163
100 185 55 0.000146
100 185 55 0.000156
100 185 55 0.000160
100 185 55 0.000156
100 185 55 0.000153
100 185 55 0.000162
100 185 55 0.000162
100 185 55 0.000151
100 185 55 0.000150
100 185 55 0.000161
100 185 55 0.000138
100 185 55 0.000156
100 185 55 0.000159
100 185 55 0.000162
100 185 55 0.000157
100 185 55 0.000141
100 185 55 0.000151
100 185 55 0.000143
100 185 55 0.000155
100 185 55 0.000142
100 185 55 0.000155
100 185 55 0.000159
100 185 55 0.000149
100 185 55 0.000152
100 185 55 0.000150
100 185 55 0.000149
100 185 55 0.000146
100 185 55 0.000146
100 185 55 0.000149
100 185 55 0.000142
100 185 55 0.000136
100 185 55 0.000156
100 185 55 0.000157
100 185 55 0.000166
100 185 55 0.000162
100 185 55 0.000158
100 185 55 0.000157
100 185 55 0.000157
100 185 55 0.000155
100 185 55 0.000162
100 185 55 0.000153
100 185 55 0.000139
100 185 55 0.000154
100 185 55 0.000151
100 185 55 0.000162
100 185 55 0.000160
100 185 55 0.000159
100 185 55 0.000153
100 185 55 0.000144
100 185 55 0.000154
100 185 55 0.000147
100 185 55 0.000160
100 185 55 0.000158
100 185 55 0.000131
100 185 55 0.000144
100 185 55 0.000154
100 185 55 0.000149
200 442 132 0.000181
200 442 132 0.000188
200 442 132 0.000177
200 442 132 0.000173
200 442 132 0.000165
200 442 132 0.000170
200 442 132 0.000161
200 442 132 0.000152
200 442 132 0.000156
200 442 132 0.000173
200 442 132 0.000177
200 442 132 0.000176
200 442 132 0.000172
200 442 132 0.000160
200 442 132 0.000155
200 442 132 0.000165
200 442 132 0.000139
200 442 132 0.000154
200 442 132 0.000149
200 442 132 0.000145
200 442 132 0.000144
200 442 132 0.000132
200 442 132 0.000153
200 442 132 0.000162
200 442 132 0.000165
200 442 132 0.000146
200 442 132 0.000162
200 442 132 0.000149
200 442 132 0.000180
200 442 132 0.000154
200 442 132 0.000162
200 442 132 0.000147
200 442 132 0.000162
200 442 132 0.000170
200 442 132 0.000178
200 442 132 0.000166
200 442 132 0.000162
200 442 132 0.000152
200 442 132 0.000168
200 442 132 0.000153
200 442 132 0.000181
200 442 132 0.000175
200 442 132 0.000158
200 442 132 0.000159
200 442 132 0.000159
200 442 132 0.000152
200 442 132 0.000164
200 442 132 0.000145
200 442 132 0.000155
200 442 132 0.000164
200 442 132 0.000167
200 442 132 0.000164
200 442 132 0.000159
200 442 132 0.000144
200 442 132 0.000169
200 442 132 0.000154
200 442 132 0.000156
200 442 132 0.000136
200 442 132 0.000179
200 442 132 0.000168
200 442 132 0.000163
200 442 132 0.000160
200 442 132 0.000184
200 442 132 0.000166
200 442 132 0.000165
200 442 132 0.000164
200 442 132 0.000176
200 442 132 0.000163
200 442 132 0.000161
200 442 132 0.000174
200 442 132 0.000175
200 442 132 0.000165
200 442 132 0.000158
200 442 132 0.000155
200 442 132 0.000167
200 442 132 0.000177
200 442 132 0.000155
200 442 132 0.000148
200 442 132 0.000173
200 442 132 0.000168
200 442 132 0.000149
200 442 132 0.000150
200 442 132 0.000147
200 442 132 0.000161
200 442 132 0.000168
200 442 132 0.000168
200 442 132 0.000174
200 442 132 0.000167
200 442 132 0.000173
200 442 132 0.000156
200 442 132 0.000151
200 442 132 0.000165
200 442 132 0.000183
200 442 132 0.000167
200 442 132 0.000150
200 442 132 0.000168
200 442 132 0.000146
200 442 132 0.000157
200 442 132 0.000159
200 442 132 0.000148
200 442 132 0.000156
300 726 217 0.000196
300 726 217 0.000171
300 726 217 0.000164
300 726 217 0.000169
300 726 217 0.000176
300 726 217 0.000180
300 726 217 0.000165
300 726 217 0.000160
300 726 217 0.000185
300 726 217 0.000173
300 726 217 0.000174
300 726 217 0.000164
300 726 217 0.000179
300 726 217 0.000176
300 726 217 0.000179
300 726 217 0.000181
300 726 217 0.000163
300 726 217 0.000178
300 726 217 0.000164
300 726 217 0.000180
300 726 217 0.000166
300 726 217 0.000159
300 726 217 0.000154
300 726 217 0.000167
300 726 217 0.000164
300 726 217 0.000193
300 726 217 0.000163
300 726 217 0.000171
300 726 217 0.000182
300 726 217 0.000179
300 726 217 0.000165
300 726 217 0.000157
300 726 217 0.000169
300 726 217 0.000176
300 726 217 0.000174
300 726 217 0.000172
300 726 217 0.000167
300 726 217 0.000166
300 726 217 0.000178
300 726 217 0.000187
300 726 217 0.000167
300 726 217 0.000169
300 726 217 0.000166
300 726 217 0.000174
300 726 217 0.000161
300 726 217 0.000171
300 726 217 0.000166
300 726 217 0.000185
300 726 217 0.000159
300 726 217 0.000167
300 726 217 0.000173
300 726 217 0.000168
300 726 217 0.000152
300 726 217 0.000185
300 726 217 0.000172
300 726 217 0.000175
300 726 217 0.000163
300 726 217 0.000162
300 726 217 0.000165
300 726 217 0.000171
300 726 217 0.000186
300 726 217 0.000171
300 726 217 0.000177
300 726 217 0.000183
300 726 217 0.000161
300 726 217 0.000166
300 726 217 0.000179
300 726 217 0.000193
300 726 217 0.000180
300 726 217 0.000152
300 726 217 0.000174
300 726 217 0.000177
300 726 217 0.000178
300 726 217 0.000159
300 726 217 0.000158
300 726 217 0.000163
300 726 217 0.000166
300 726 217 0.000174
300 726 217 0.000172
300 726 217 0.000176
300 726 217 0.000170
300 726 217 0.000173
300 726 217 0.000179
300 726 217 0.000153
300 726 217 0.000168
300 726 217 0.000178
300 726 217 0.000177
300 726 217 0.000166
300 726 217 0.000155
300 726 217 0.000184
300 726 217 0.000147
300 726 217 0.000180
300 726 217 0.000179
300 726 217 0.000174
300 726 217 0.000141
300 726 217 0.000160
300 726 217 0.000168
300 726 217 0.000173
300 726 217 0.000171
300 726 217 0.000168
300 726 217 0.000183
400 1026 307 0.000215
400 1026 307 0.000197
400 1026 307 0.000181
400 1026 307 0.000187
400 1026 307 0.000172
400 1026 307 0.000158
400 1026 307 0.000178
400 1026 307 0.000167
400 1026 307 0.000177
400 1026 307 0.000171
400 1026 307 0.000173
400 1026 307 0.000171
400 1026 307 0.000170
400 1026 307 0.000184
400 1026 307 0.000167
400 1026 307 0.000174
400 1026 307 0.000189
400 1026 307 0.000173
400 1026 307 0.000182
400 1026 307 0.000181
400 1026 307 0.000178
400 1026 307 0.000179
400 1026 307 0.000159
400 1026 307 0.000173
400 1026 307 0.000178
400 1026 307 0.002258
400 1026 307 0.000159
400 1026 307 0.000179
400 1026 307 0.000187
400 1026 307 0.000166
400 1026 307 0.000169
400 1026 307 0.000166
400 1026 307 0.000176
400 1026 307 0.000167
400 1026 307 0.000171
400 1026 307 0.000166
400 1026 307 0.000180
400 1026 307 0.000179
400 1026 307 0.000187
400 1026 307 0.000173
400 1026 307 0.000155
400 1026 307 0.000155
400 1026 307 0.000175
400 1026 307 0.000185
400 1026 307 0.000166
400 1026 307 0.000188
400 1026 307 0.000179
400 1026 307 0.000161
400 1026 307 0.000167
400 1026 307 0.000169
400 1026 307 0.000180
400 1026 307 0.000192
400 1026 307 0.000163
400 1026 307 0.000178
400 1026 307 0.000169
400 1026 307 0.000176
400 1026 307 0.000199
400 1026 307 0.000171
400 1026 307 0.000162
400 1026 307 0.000161
400 1026 307 0.000193
400 1026 307 0.000187
400 1026 307 0.000174
400 1026 307 0.000164
400 1026 307 0.002230
400 1026 307 0.000169
400 1026 307 0.000181
400 1026 307 0.000159
400 1026 307 0.000179
400 1026 307 0.000190
400 1026 307 0.000195
400 1026 307 0.000196
400 1026 307 0.000176
400 1026 307 0.000176
400 1026 307 0.000184
400 1026 307 0.000182
400 1026 307 0.000181
400 1026 307 0.000179
400 1026 307 0.000199
400 1026 307 0.000186
400 1026 307 0.000154
400 1026 307 0.000185
400 1026 307 0.000174
400 1026 307 0.000175
400 1026 307 0.000176
400 1026 307 0.000164
400 1026 307 0.000175
400 1026 307 0.000173
400 1026 307 0.000183
400 1026 307 0.000189
400 1026 307 0.000173
400 1026 307 0.000179
400 1026 307 0.000170
400 1026 307 0.000169
400 1026 307 0.000164
400 1026 307 0.000169
400 1026 307 0.000170
400 1026 307 0.000174
400 1026 307 0.000170
400 1026 307 0.000163
400 1026 307 0.000172
500 1340 402 0.000207
500 1340 402 0.000165
500 1340 402 0.000181
500 1340 402 0.000170
500 1340 402 0.000174
500 1340 402 0.002286
500 1340 402 0.000196
500 1340 402 0.000198
500 1340 402 0.000169
500 1340 402 0.000172
500 1340 402 0.000175
500 1340 402 0.000172
500 1340 402 0.000202
500 1340 402 0.000195
500 1340 402 0.002196
500 1340 402 0.000171
500 1340 402 0.000184
500 1340 402 0.000177
500 1340 402 0.000189
500 1340 402 0.000189
500 1340 402 0.000183
500 1340 402 0.000189
500 1340 402 0.000160
500 1340 402 0.002237
500 1340 402 0.000176
500 1340 402 0.000183
500 1340 402 0.002240
500 1340 402 0.000179
500 1340 402 0.000164
500 1340 402 0.000194
500 1340 402 0.000194
500 1340 402 0.000167
500 1340 402 0.000192
500 1340 402 0.002231
500 1340 402 0.000191
500 1340 402 0.000167
500 1340 402 0.000178
500 1340 402 0.000193
500 1340 402 0.000177
500 1340 402 0.000183
500 1340 402 0.000194
500 1340 402 0.002237
500 1340 402 0.000200
500 1340 402 0.000173
500 1340 402 0.000180
500 1340 402 0.000178
500 1340 402 0.000171
500 1340 402 0.002240
500 1340 402 0.000176
500 1340 402 0.000167
500 1340 402 0.000181
500 1340 402 0.000174
500 1340 402 0.000166
500 1340 402 0.000187
500 1340 402 0.000175
500 1340 402 0.000176
500 1340 402 0.000179
500 1340 402 0.000175
500 1340 402 0.000179
500 1340 402 0.000167
500 1340 402 0.000173
500 1340 402 0.000215
500 1340 402 0.000162
500 1340 402 0.000188
500 1340 402 0.000183
500 1340 402 0.000167
500 1340 402 0.000201
500 1340 402 0.000201
500 1340 402 0.000197
500 1340 402 0.000185
500 1340 402 0.002248
500 1340 402 0.000177
500 1340 402 0.000177
500 1340 402 0.000173
500 1340 402 0.000198
500 1340 402 0.000200
500 1340 402 0.000198
500 1340 402 0.002239
500 1340 402 0.000173
500 1340 402 0.000181
500 1340 402 0.000175
500 1340 402 0.000168
500 1340 402 0.002259
500 1340 402 0.002228
500 1340 402 0.000189
500 1340 402 0.000165
500 1340 402 0.000195
500 1340 402 0.000176
500 1340 402 0.000176
500 1340 402 0.000193
500 1340 402 0.000175
500 1340 402 0.002283
500 1340 402 0.000175
500 1340 402 0.000161
500 1340 402 0.000171
500 1340 402 0.000172
500 1340 402 0.000189
500 1340 402 0.000184
500 1340 402 0.000181
500 1340 402 0.000178
500 1340 402 0.000183
600 1663 498 0.000191
600 1663 498 0.000194
600 1663 498 0.000196
600 1663 498 0.002230
600 1663 498 0.000200
600 1663 498 0.000199
600 1663 498 0.000201
600 1663 498 0.000199
600 1663 498 0.000198
600 1663 498 0.000194
600 1663 498 0.002273
600 1663 498 0.002245
600 1663 498 0.002264
600 1663 498 0.000162
600 1663 498 0.000201
600 1663 498 0.000188
600 1663 498 0.000176
600 1663 498 0.000185
600 1663 498 0.000192
600 1663 498 0.000194
600 1663 498 0.002245
600 1663 498 0.000189
600 1663 498 0.002273
600 1663 498 0.000191
600 1663 498 0.000215
600 1663 498 0.000181
600 1663 498 0.000211
600 1663 498 0.002151
600 1663 498 0.000233
600 1663 498 0.002247
600 1663 498 0.002266
600 1663 498 0.002249
600 1663 498 0.000203
600 1663 498 0.000188
600 1663 498 0.000175
600 1663 498 0.000179
600 1663 498 0.000174
600 1663 498 0.000191
600 1663 498 0.000177
600 1663 498 0.000204
600 1663 498 0.002240
600 1663 498 0.000192
600 1663 498 0.000213
600 1663 498 0.000195
600 1663 498 0.000174
600 1663 498 0.000170
600 1663 498 0.000199
600 1663 498 0.000190
600 1663 498 0.000178
600 1663 498 0.000183
600 1663 498 0.000179
600 1663 498 0.000212
600 1663 498 0.000184
600 1663 498 0.002249
600 1663 498 0.000186
600 1663 498 0.000178
600 1663 498 0.002258
600 1663 498 0.000171
600 1663 498 0.000186
600 1663 498 0.000178
600 1663 498 0.000180
600 1663 498 0.000174
600 1663 498 0.002272
600 1663 498 0.000182
600 1663 498 0.002241
600 1663 498 0.000172
600 1663 498 0.002284
600 1663 498 0.000192
600 1663 498 0.000183
600 1663 498 0.000194
600 1663 498 0.000186
600 1663 498 0.000205
600 1663 498 0.000170
600 1663 498 0.000177
600 1663 498 0.000167
600 1663 498 0.000179
600 1663 498 0.000187
600 1663 498 0.000193
600 1663 498 0.000185
600 1663 498 0.000187
600 1663 498 0.000201
600 1663 498 0.000184
600 1663 498 0.000177
600 1663 498 0.000184
600 1663 498 0.002296
600 1663 498 0.002281
600 1663 498 0.000183
600 1663 498 0.000190
600 1663 498 0.000190
600 1663 498 0.000208
600 1663 498 0.000194
600 1663 498 0.000170
600 1663 498 0.002168
600 1663 498 0.000184
600 1663 498 0.000172
600 1663 498 0.000183
600 1663 498 0.000185
600 1663 498 0.002266
600 1663 498 0.000176
600 1663 498 0.000183
600 1663 498 0.000187
700 1995 598 0.000208
700 1995 598 0.000184
700 1995 598 0.000213
700 1995 598 0.000213
700 1995 598 0.000220
700 1995 598 0.000224
700 1995 598 0.000212
700 1995 598 0.000205
700 1995 598 0.002228
700 1995 598 0.000208
700 1995 598 0.000198
700 1995 598 0.000179
700 1995 598 0.000187
700 1995 598 0.002235
700 1995 598 0.002288
700 1995 598 0.000167
700 1995 598 0.004340
700 1995 598 0.000185
700 1995 598 0.000217
700 1995 598 0.000198
700 1995 598 0.004347
700 1995 598 0.002290
700 1995 598 0.004395
700 1995 598 0.002312
700 1995 598 0.000199
700 1995 598 0.002251
700 1995 598 0.000236
700 1995 598 0.000199
700 1995 598 0.002276
700 1995 598 0.000224
700 1995 598 0.000195
700 1995 598 0.002276
700 1995 598 0.002236
700 1995 598 0.000188
700 1995 598 0.002291
700 1995 598 0.000201
700 1995 598 0.000221
700 1995 598 0.000176
700 1995 598 0.000198
700 1995 598 0.002302
700 1995 598 0.000218
700 1995 598 0.000213
700 1995 598 0.000199
700 1995 598 0.000198
700 1995 598 0.002247
700 1995 598 0.000195
700 1995 598 0.002264
700 1995 598 0.000218
700 1995 598 0.000181
700 1995 598 0.000199
700 1995 598 0.000188
700 1995 598 0.000205
700 1995 598 0.000191
700 1995 598 0.000203
700 1995 598 0.000197
700 1995 598 0.000274
700 1995 598 0.000203
700 1995 598 0.000220
700 1995 598 0.000174
700 1995 598 0.000191
700 1995 598 0.000204
700 1995 598 0.000196
700 1995 598 0.000190
700 1995 598 0.002253
700 1995 598 0.000195
700 1995 598 0.000212
700 1995 598 0.000189
700 1995 598 0.000199
700 1995 598 0.000163
700 1995 598 0.000212
700 1995 598 0.002291
700 1995 598 0.000203
700 1995 598 0.000202
700 1995 598 0.000195
700 1995 598 0.000181
700 1995 598 0.000184
700 1995 598 0.002272
700 1995 598 0.000200
700 1995 598 0.000199
700 1995 598 0.000194
700 1995 598 0.000180
700 1995 598 0.000184
700 1995 598 0.000199
700 1995 598 0.002254
700 1995 598 0.000188
700 1995 598 0.000206
700 1995 598 0.000177
700 1995 598 0.000209
700 1995 598 0.000195
700 1995 598 0.000201
700 1995 598 0.000191
700 1995 598 0.000194
700 1995 598 0.002316
700 1995 598 0.000185
700 1995 598 0.002266
700 1995 598 0.000198
700 1995 598 0.000190
700 1995 598 0.000196
700 1995 598 0.002288
700 1995 598 0.000216
700 1995 598 0.000172
800 2334 700 0.000225
800 2334 700 0.000226
800 2334 700 0.000191
800 2334 700 0.000212
800 2334 700 0.002358
800 2334 700 0.000223
800 2334 700 0.000224
800 2334 700 0.002294
800 2334 700 0.000192
800 2334 700 0.002298
800 2334 700 0.000242
800 2334 700 0.000221
800 2334 700 0.000209
800 2334 700 0.000200
800 2334 700 0.000203
800 2334 700 0.002258
800 2334 700 0.000228
800 2334 700 0.002248
800 2334 700 0.000176
800 2334 700 0.002258
800 2334 700 0.002275
800 2334 700 0.002322
800 2334 700 0.000241
800 2334 700 0.000196
800 2334 700 0.002257
800 2334 700 0.000220
800 2334 700 0.002210
800 2334 700 0.000216
800 2334 700 0.002271
800 2334 700 0.000236
800 2334 700 0.000219
800 2334 700 0.002260
800 2334 700 0.000213
800 2334 700 0.002281
800 2334 700 0.000204
800 2334 700 0.002278
800 2334 700 0.002277
800 2334 700 0.000240
800 2334 700 0.000201
800 2334 700 0.002157
800 2334 700 0.000188
800 2334 700 0.002289
800 2334 700 0.002271
800 2334 700 0.000178
800 2334 700 0.000224
800 2334 700 0.000205
800 2334 700 0.000168
800 2334 700 0.000216
800 2334 700 0.002137
800 2334 700 0.000199
800 2334 700 0.000204
800 2334 700 0.002135
800 2334 700 0.002317
800 2334 700 0.000234
800 2334 700 0.002283
800 2334 700 0.000174
800 2334 700 0.002254
800 2334 700 0.000198
800 2334 700 0.000199
800 2334 700 0.002263
800 2334 700 0.002342
800 2334 700 0.000243
800 2334 700 0.000199
800 2334 700 0.000223
800 2334 700 0.000216
800 2334 700 0.000192
800 2334 700 0.000205
800 2334 700 0.002238
800 2334 700 0.002298
800 2334 700 0.000220
800 2334 700 0.000226
800 2334 700 0.000215
800 2334 700 0.000206
800 2334 700 0.000225
800 2334 700 0.002201
800 2334 700 0.000219
800 2334 700 0.002240
800 2334 700 0.000216
800 2334 700 0.002302
800 2334 700 0.000183
800 2334 700 0.000195
800 2334 700 0.002270
800 2334 700 0.000220
800 2334 700 0.000211
800 2334 700 0.000233
800 2334 700 0.000197
800 2334 700 0.002280
800 2334 700 0.000210
800 2334 700 0.000223
800 2334 700 0.000273
800 2334 700 0.000184
800 2334 700 0.000191
800 2334 700 0.000182
800 2334 700 0.000213
800 2334 700 0.000208
800 2334 700 0.000193
800 2334 700 0.000200
800 2334 700 0.000224
800 2334 700 0.000219
800 2334 700 0.000221
800 2334 700 0.000197
900 2680 804 0.000209
900 2680 804 0.000217
900 2680 804 0.000234
900 2680 804 0.000253
900 2680 804 0.000227
900 2680 804 0.002273
900 2680 804 0.002306
900 2680 804 0.000234
900 2680 804 0.002302
900 2680 804 0.000231
900 2680 804 0.004352
900 2680 804 0.002156
900 2680 804 0.002304
900 2680 804 0.000215
900 2680 804 0.002158
900 2680 804 0.002306
900 2680 804 0.002306
900 2680 804 0.000228
900 2680 804 0.002274
900 2680 804 0.000216
900 2680 804 0.002309
900 2680 804 0.000261
900 2680 804 0.002271
900 2680 804 0.002320
900 2680 804 0.000235
900 2680 804 0.002300
900 2680 804 0.000247
900 2680 804 0.000215
900 2680 804 0.000209
900 2680 804 0.002259
900 2680 804 0.002281
900 2680 804 0.000252
900 2680 804 0.000225
900 2680 804 0.002292
900 2680 804 0.000219
900 2680 804 0.000222
900 2680 804 0.000212
900 2680 804 0.000222
900 2680 804 0.000233
900 2680 804 0.002290
900 2680 804 0.000219
900 2680 804 0.002300
900 2680 804 0.000233
900 2680 804 0.002231
900 2680 804 0.002343
900 2680 804 0.000234
900 2680 804 0.002304
900 2680 804 0.000221
900 2680 804 0.000256
900 2680 804 0.004351
900 2680 804 0.000255
900 2680 804 0.002167
900 2680 804 0.000191
900 2680 804 0.002323
900 2680 804 0.000213
900 2680 804 0.000192
900 2680 804 0.000207
900 2680 804 0.000200
900 2680 804 0.002274
900 2680 804 0.000235
900 2680 804 0.000213
900 2680 804 0.000198
900 2680 804 0.000222
900 2680 804 0.002257
900 2680 804 0.000211
900 2680 804 0.002257
900 2680 804 0.000232
900 2680 804 0.000192
900 2680 804 0.000211
900 2680 804 0.002250
900 2680 804 0.004364
900 2680 804 0.000221
900 2680 804 0.002266
900 2680 804 0.000215
900 2680 804 0.000206
900 2680 804 0.002314
900 2680 804 0.000239
900 2680 804 0.000239
900 2680 804 0.002282
900 2680 804 0.000258
900 2680 804 0.000242
900 2680 804 0.000252
900 2680 804 0.000215
900 2680 804 0.002286
900 2680 804 0.000202
900 2680 804 0.002247
900 2680 804 0.000236
900 2680 804 0.000211
900 2680 804 0.000234
900 2680 804 0.000196
900 2680 804 0.000205
900 2680 804 0.000190
900 2680 804 0.000205
900 2680 804 0.002271
900 2680 804 0.002290
900 2680 804 0.000207
900 2680 804 0.000203
900 2680 804 0.000220
900 2680 804 0.000198
900 2680 804 0.000196
900 2680 804 0.000189
1000 3031 909 0.000257
1000 3031 909 0.002282
1000 3031 909 0.000255
1000 3031 909 0.002352
1000 3031 909 0.000232
1000 3031 909 0.002311
1000 3031 909 0.000252
1000 3031 909 0.002321
1000 3031 909 0.000243
1000 3031 909 0.000242
1000 3031 909 0.000285
1000 3031 909 0.000253
1000 3031 909 0.000237
1000 3031 909 0.002303
1000 3031 909 0.002332
1000 3031 909 0.002358
1000 3031 909 0.000209
1000 3031 909 0.002315
1000 3031 909 0.000217
1000 3031 909 0.000255
1000 3031 909 0.002308
1000 3031 909 0.000215
1000 3031 909 0.004354
1000 3031 909 0.000222
1000 3031 909 0.000243
1000 3031 909 0.002299
1000 3031 909 0.002329
1000 3031 909 0.000223
1000 3031 909 0.000211
1000 3031 909 0.002299
1000 3031 909 0.002294
1000 3031 909 0.002240
1000 3031 909 0.000231
1000 3031 909 0.000211
1000 3031 909 0.000227
1000 3031 909 0.000272
1000 3031 909 0.002279
1000 3031 909 0.002182
1000 3031 909 0.004368
1000 3031 909 0.000252
1000 3031 909 0.000207
1000 3031 909 0.000266
1000 3031 909 0.002317
1000 3031 909 0.000206
1000 3031 909 0.000226
1000 3031 909 0.000221
1000 3031 909 0.002306
1000 3031 909 0.002284
1000 3031 909 0.000258
1000 3031 909 0.000240
1000 3031 909 0.002317
1000 3031 909 0.000268
1000 3031 909 0.000238
1000 3031 909 0.000237
1000 3031 909 0.000259
1000 3031 909 0.000223
1000 3031 909 0.002293
1000 3031 909 0.000223
1000 3031 909 0.000219
1000 3031 909 0.004419
1000 3031 909 0.000211
1000 3031 909 0.000218
1000 3031 909 0.000222
1000 3031 909 0.000204
1000 3031 909 0.002263
1000 3031 909 0.000254
1000 3031 909 0.000237
1000 3031 909 0.002260
1000 3031 909 0.000256
1000 3031 909 0.000233
1000 3031 909 0.000228
1000 3031 909 0.004387
1000 3031 909 0.000250
1000 3031 909 0.000227
1000 3031 909 0.000211
1000 3031 909 0.000229
1000 3031 909 0.000215
1000 3031 909 0.002259
1000 3031 909 0.000241
1000 3031 909 0.002331
1000 3031 909 0.002302
1000 3031 909 0.000255
1000 3031 909 0.000215
1000 3031 909 0.002312
1000 3031 909 0.000230
1000 3031 909 0.000212
1000 3031 909 0.000245
1000 3031 909 0.000220
1000 3031 909 0.000224
1000 3031 909 0.000256
1000 3031 909 0.000237
1000 3031 909 0.000263
1000 3031 909 0.000249
1000 3031 909 0.000245
1000 3031 909 0.002280
1000 3031 909 0.000217
1000 3031 909 0.000230
1000 3031 909 0.000248
1000 3031 909 0.000236
1000 3031 909 0.002301
1000 3031 909 0.002310
2000 6760 2028 0.000290
2000 6760 2028 0.000312
2000 6760 2028 0.000281
2000 6760 2028 0.000351
2000 6760 2028 0.000288
2000 6760 2028 0.000316
2000 6760 2028 0.000288
2000 6760 2028 0.000303
2000 6760 2028 0.000345
2000 6760 2028 0.000391
2000 6760 2028 0.000270
2000 6760 2028 0.000283
2000 6760 2028 0.000307
2000 6760 2028 0.000374
2000 6760 2028 0.000284
2000 6760 2028 0.000301
2000 6760 2028 0.000287
2000 6760 2028 0.000278
2000 6760 2028 0.002268
2000 6760 2028 0.000364
2000 6760 2028 0.000281
2000 6760 2028 0.000258
2000 6760 2028 0.000282
2000 6760 2028 0.000273
2000 6760 2028 0.000298
2000 6760 2028 0.000345
2000 6760 2028 0.000287
2000 6760 2028 0.000299
2000 6760 2028 0.000439
2000 6760 2028 0.000305
2000 6760 2028 0.002197
2000 6760 2028 0.000290
2000 6760 2028 0.000275
2000 6760 2028 0.000267
2000 6760 2028 0.000344
2000 6760 2028 0.000334
2000 6760 2028 0.000299
2000 6760 2028 0.000287
2000 6760 2028 0.000318
2000 6760 2028 0.000301
2000 6760 2028 0.000320
2000 6760 2028 0.000364
2000 6760 2028 0.000279
2000 6760 2028 0.000379
2000 6760 2028 0.000282
2000 6760 2028 0.000281
2000 6760 2028 0.000285
2000 6760 2028 0.000287
2000 6760 2028 0.000364
2000 6760 2028 0.000321
2000 6760 2028 0.000275
2000 6760 2028 0.000364
2000 6760 2028 0.000280
2000 6760 2028 0.000297
2000 6760 2028 0.000344
2000 6760 2028 0.000306
2000 6760 2028 0.000313
2000 6760 2028 0.000268
2000 6760 2028 0.000279
2000 6760 2028 0.000325
2000 6760 2028 0.000293
2000 6760 2028 0.000262
2000 6760 2028 0.000304
2000 6760 2028 0.000271
2000 6760 2028 0.000267
2000 6760 2028 0.000272
2000 6760 2028 0.000322
2000 6760 2028 0.000282
2000 6760 2028 0.000298
2000 6760 2028 0.000298
2000 6760 2028 0.000275
2000 6760 2028 0.000325
2000 6760 2028 0.000291
2000 6760 2028 0.000301
2000 6760 2028 0.000337
2000 6760 2028 0.000280
2000 6760 2028 0.000304
2000 6760 2028 0.000344
2000 6760 2028 0.000301
2000 6760 2028 0.000303
2000 6760 2028 0.000278
2000 6760 2028 0.000272
2000 6760 2028 0.002403
2000 6760 2028 0.000281
2000 6760 2028 0.000292
2000 6760 2028 0.000298
2000 6760 2028 0.000275
2000 6760 2028 0.000265
2000 6760 2028 0.000292
2000 6760 2028 0.000269
2000 6760 2028 0.000310
2000 6760 2028 0.000279
2000 6760 2028 0.000279
2000 6760 2028 0.000218
2000 6760 2028 0.002361
2000 6760 2028 0.000233
2000 6760 2028 0.000292
2000 6760 2028 0.000281
2000 6760 2028 0.000297
2000 6760 2028 0.000332
2000 6760 2028 0.000283
