10 10000 5000 0.002776
10 10000 5000 0.002757
10 10000 5000 0.002746
10 10000 5000 0.001703
10 10000 5000 0.003596
10 10000 5000 0.000211
10 10000 5000 0.003636
10 10000 5000 0.001347
10 10000 5000 0.000210
10 10000 5000 0.002653
10 10000 5000 0.002754
10 10000 5000 0.002681
10 10000 5000 0.002708
10 10000 5000 0.002741
10 10000 5000 0.002653
10 10000 5000 0.002119
10 10000 5000 0.002659
10 10000 5000 0.003312
10 10000 5000 0.000209
10 10000 5000 0.000207
10 10000 5000 0.000213
50 10000 5000 0.002822
50 10000 5000 0.004779
50 10000 5000 0.001364
50 10000 5000 0.004099
50 10000 5000 0.004204
50 10000 5000 0.005163
50 10000 5000 0.002624
50 10000 5000 0.003679
50 10000 5000 0.002643
50 10000 5000 0.000222
50 10000 5000 0.003231
50 10000 5000 0.000504
50 10000 5000 0.000220
50 10000 5000 0.002701
50 10000 5000 0.000220
50 10000 5000 0.002696
50 10000 5000 0.000224
50 10000 5000 0.006569
50 10000 5000 0.003980
50 10000 5000 0.003091
50 10000 5000 0.000225
50 10000 5000 0.003927
50 10000 5000 0.000223
50 10000 5000 0.003060
50 10000 5000 0.000219
50 10000 5000 0.002881
50 10000 5000 0.000217
50 10000 5000 0.000222
50 10000 5000 0.003156
100 10000 5000 0.000253
100 10000 5000 0.003531
100 10000 5000 0.005806
100 10000 5000 0.002680
100 10000 5000 0.001325
100 10000 5000 0.003673
100 10000 5000 0.004532
100 10000 5000 0.000227
100 10000 5000 0.000230
100 10000 5000 0.008850
100 10000 5000 0.000229
100 10000 5000 0.001560
100 10000 5000 0.005279
100 10000 5000 0.002673
100 10000 5000 0.002686
100 10000 5000 0.005340
100 10000 5000 0.005892
100 10000 5000 0.000226
100 10000 5000 0.004546
100 10000 5000 0.007850
100 10000 5000 0.000226
100 10000 5000 0.000223
100 10000 5000 0.001709
100 10000 5000 0.001471
100 10000 5000 0.001441
100 10000 5000 0.005671
100 10000 5000 0.002693
100 10000 5000 0.005862
100 10000 5000 0.004682
100 10000 5000 0.001804
100 10000 5000 0.000220
100 10000 5000 0.004467
100 10000 5000 0.000224
100 10000 5000 0.000377
100 10000 5000 0.004942
100 10000 5000 0.000465
100 10000 5000 0.002126
100 10000 5000 0.001430
100 10000 5000 0.003097
100 10000 5000 0.002564
100 10000 5000 0.002757
100 10000 5000 0.005223
100 10000 5000 0.003221
100 10000 5000 0.002698
100 10000 5000 0.006118
100 10000 5000 0.000217
100 10000 5000 0.005657
100 10000 5000 0.004725
100 10000 5000 0.000220
100 10000 5000 0.001430
100 10000 5000 0.004059
100 10000 5000 0.000217
100 10000 5000 0.003723
100 10000 5000 0.004271
100 10000 5000 0.002674
100 10000 5000 0.000212
100 10000 5000 0.000219
100 10000 5000 0.002919
100 10000 5000 0.002657
100 10000 5000 0.000216
100 10000 5000 0.000217
100 10000 5000 0.000229
100 10000 5000 0.001492
100 10000 5000 0.000217
100 10000 5000 0.001831
100 10000 5000 0.002446
100 10000 5000 0.002749
100 10000 5000 0.000219
100 10000 5000 0.002676
100 10000 5000 0.000217
100 10000 5000 0.002662
100 10000 5000 0.002185
100 10000 5000 0.002718
100 10000 5000 0.000217
