10 10000 5000 0.006078
10 10000 5000 0.006900
10 10000 5000 0.008084
10 10000 5000 0.005762
10 10000 5000 0.004401
10 10000 5000 0.005895
10 10000 5000 0.007908
10 10000 5000 0.007372
10 10000 5000 0.007978
10 10000 5000 0.004941
10 10000 5000 0.003437
10 10000 5000 0.002643
10 10000 5000 0.008467
10 10000 5000 0.005991
10 10000 5000 0.003553
10 10000 5000 0.008402
10 10000 5000 0.010069
10 10000 5000 0.004113
10 10000 5000 0.003497
10 10000 5000 0.005043
10 10000 5000 0.005041
10 10000 5000 0.003889
10 10000 5000 0.005875
10 10000 5000 0.008825
10 10000 5000 0.004252
10 10000 5000 0.006117
10 10000 5000 0.004535
10 10000 5000 0.010077
10 10000 5000 0.004911
10 10000 5000 0.007988
10 10000 5000 0.004898
10 10000 5000 0.005755
10 10000 5000 0.005902
10 10000 5000 0.004102
10 10000 5000 0.004428
10 10000 5000 0.006094
50 10000 5000 0.018128
50 10000 5000 0.017546
50 10000 5000 0.015135
50 10000 5000 0.015674
50 10000 5000 0.010410
50 10000 5000 0.021679
50 10000 5000 0.011449
50 10000 5000 0.014573
50 10000 5000 0.016617
50 10000 5000 0.013293
50 10000 5000 0.021302
50 10000 5000 0.016612
50 10000 5000 0.021737
50 10000 5000 0.016226
50 10000 5000 0.010028
50 10000 5000 0.014421
50 10000 5000 0.016476
50 10000 5000 0.010014
50 10000 5000 0.015505
50 10000 5000 0.016841
50 10000 5000 0.011917
50 10000 5000 0.012720
50 10000 5000 0.010030
50 10000 5000 0.013476
50 10000 5000 0.010740
50 10000 5000 0.007050
50 10000 5000 0.016976
50 10000 5000 0.017442
50 10000 5000 0.010631
50 10000 5000 0.012513
50 10000 5000 0.010781
50 10000 5000 0.013178
50 10000 5000 0.011352
50 10000 5000 0.015981
50 10000 5000 0.010861
50 10000 5000 0.025026
50 10000 5000 0.009218
50 10000 5000 0.014297
50 10000 5000 0.012725
50 10000 5000 0.009737
50 10000 5000 0.008503
50 10000 5000 0.015698
50 10000 5000 0.009020
50 10000 5000 0.018850
50 10000 5000 0.010410
50 10000 5000 0.009946
50 10000 5000 0.010917
50 10000 5000 0.014607
50 10000 5000 0.013802
50 10000 5000 0.014101
50 10000 5000 0.011116
50 10000 5000 0.014344
50 10000 5000 0.009746
50 10000 5000 0.011935
50 10000 5000 0.009793
100 10000 5000 0.031778
100 10000 5000 0.022046
100 10000 5000 0.020350
100 10000 5000 0.017180
100 10000 5000 0.024164
100 10000 5000 0.023792
100 10000 5000 0.023584
100 10000 5000 0.025264
100 10000 5000 0.024083
100 10000 5000 0.019061
100 10000 5000 0.031906
100 10000 5000 0.032596
100 10000 5000 0.021442
100 10000 5000 0.028461
100 10000 5000 0.038895
100 10000 5000 0.029220
100 10000 5000 0.029736
100 10000 5000 0.028265
100 10000 5000 0.031484
100 10000 5000 0.021245
100 10000 5000 0.035100
100 10000 5000 0.036301
100 10000 5000 0.025396
100 10000 5000 0.023758
100 10000 5000 0.025005
100 10000 5000 0.022160
100 10000 5000 0.031517
100 10000 5000 0.020717
100 10000 5000 0.026046
100 10000 5000 0.028060
100 10000 5000 0.026623
100 10000 5000 0.021655
100 10000 5000 0.024550
100 10000 5000 0.024472
100 10000 5000 0.019255
100 10000 5000 0.020110
100 10000 5000 0.033168
100 10000 5000 0.025586
100 10000 5000 0.026693
100 10000 5000 0.028318
100 10000 5000 0.025847
100 10000 5000 0.026340
100 10000 5000 0.027135
100 10000 5000 0.019168
100 10000 5000 0.021686
100 10000 5000 0.018693
100 10000 5000 0.018750
100 10000 5000 0.020274
100 10000 5000 0.028834
100 10000 5000 0.019673
100 10000 5000 0.027159
100 10000 5000 0.024169
100 10000 5000 0.018269
100 10000 5000 0.019626
100 10000 5000 0.026844
100 10000 5000 0.021424
100 10000 5000 0.018626
100 10000 5000 0.023940
100 10000 5000 0.028324
100 10000 5000 0.025816
100 10000 5000 0.029689
100 10000 5000 0.027452
100 10000 5000 0.021416
100 10000 5000 0.018678
100 10000 5000 0.024854
100 10000 5000 0.028981
100 10000 5000 0.019110
100 10000 5000 0.021925
100 10000 5000 0.017966
100 10000 5000 0.017680
10 10000 5000 0.006553
10 10000 5000 0.007326
10 10000 5000 0.005662
10 10000 5000 0.005609
10 10000 5000 0.007838
10 10000 5000 0.003188
10 10000 5000 0.003714
10 10000 5000 0.005675
10 10000 5000 0.005903
10 10000 5000 0.013771
10 10000 5000 0.004655
10 10000 5000 0.004480
10 10000 5000 0.003426
10 10000 5000 0.004243
10 10000 5000 0.004837
10 10000 5000 0.005416
10 10000 5000 0.006003
10 10000 5000 0.005656
10 10000 5000 0.007068
10 10000 5000 0.010918
10 10000 5000 0.006842
10 10000 5000 0.011554
10 10000 5000 0.006661
10 10000 5000 0.003686
10 10000 5000 0.010504
10 10000 5000 0.005920
10 10000 5000 0.004701
10 10000 5000 0.009498
10 10000 5000 0.006954
10 10000 5000 0.006667
10 10000 5000 0.012580
10 10000 5000 0.005202
10 10000 5000 0.013277
10 10000 5000 0.006083
10 10000 5000 0.014651
10 10000 5000 0.004142
50 10000 5000 0.016205
50 10000 5000 0.013859
50 10000 5000 0.013986
50 10000 5000 0.011748
50 10000 5000 0.011233
50 10000 5000 0.009840
50 10000 5000 0.012064
50 10000 5000 0.012437
50 10000 5000 0.020324
50 10000 5000 0.014961
50 10000 5000 0.018686
50 10000 5000 0.011953
50 10000 5000 0.017325
50 10000 5000 0.018625
50 10000 5000 0.011114
50 10000 5000 0.010102
50 10000 5000 0.010398
50 10000 5000 0.023620
50 10000 5000 0.009726
50 10000 5000 0.016445
50 10000 5000 0.017598
50 10000 5000 0.013401
50 10000 5000 0.013473
50 10000 5000 0.017176
50 10000 5000 0.012306
50 10000 5000 0.009879
50 10000 5000 0.009891
50 10000 5000 0.018288
50 10000 5000 0.010758
50 10000 5000 0.014379
50 10000 5000 0.014468
50 10000 5000 0.023624
50 10000 5000 0.010390
50 10000 5000 0.014333
50 10000 5000 0.011445
50 10000 5000 0.013688
50 10000 5000 0.009613
50 10000 5000 0.011280
50 10000 5000 0.012789
50 10000 5000 0.012259
50 10000 5000 0.011166
50 10000 5000 0.008909
50 10000 5000 0.008828
50 10000 5000 0.009948
50 10000 5000 0.029449
50 10000 5000 0.011319
50 10000 5000 0.010155
50 10000 5000 0.009475
50 10000 5000 0.012339
50 10000 5000 0.011046
50 10000 5000 0.013339
50 10000 5000 0.011775
50 10000 5000 0.010145
50 10000 5000 0.008672
100 10000 5000 0.023064
100 10000 5000 0.029134
100 10000 5000 0.033711
100 10000 5000 0.030614
100 10000 5000 0.027673
100 10000 5000 0.023928
100 10000 5000 0.044915
100 10000 5000 0.033584
100 10000 5000 0.016598
100 10000 5000 0.019402
100 10000 5000 0.019317
100 10000 5000 0.030335
100 10000 5000 0.027446
100 10000 5000 0.029763
100 10000 5000 0.027967
100 10000 5000 0.028760
100 10000 5000 0.034961
100 10000 5000 0.031166
100 10000 5000 0.030603
100 10000 5000 0.020874
100 10000 5000 0.028671
100 10000 5000 0.024654
100 10000 5000 0.026209
100 10000 5000 0.019821
100 10000 5000 0.026435
100 10000 5000 0.032102
100 10000 5000 0.025353
100 10000 5000 0.035017
100 10000 5000 0.020684
100 10000 5000 0.019904
100 10000 5000 0.029733
100 10000 5000 0.027233
100 10000 5000 0.019379
100 10000 5000 0.019142
100 10000 5000 0.025257
100 10000 5000 0.024849
100 10000 5000 0.029550
100 10000 5000 0.019267
100 10000 5000 0.023120
100 10000 5000 0.036448
100 10000 5000 0.018272
100 10000 5000 0.020157
100 10000 5000 0.028738
100 10000 5000 0.020025
100 10000 5000 0.024742
100 10000 5000 0.016845
100 10000 5000 0.021463
100 10000 5000 0.020281
100 10000 5000 0.021968
100 10000 5000 0.016900
100 10000 5000 0.020779
100 10000 5000 0.019238
100 10000 5000 0.025488
100 10000 5000 0.017261
100 10000 5000 0.019563
100 10000 5000 0.019345
100 10000 5000 0.017343
100 10000 5000 0.017790
100 10000 5000 0.019628
100 10000 5000 0.016954
100 10000 5000 0.026422
100 10000 5000 0.018122
100 10000 5000 0.031319
100 10000 5000 0.019982
100 10000 5000 0.021576
100 10000 5000 0.015792
100 10000 5000 0.019410
100 10000 5000 0.015880
100 10000 5000 0.020930
100 10000 5000 0.018589
100 10000 5000 0.014728
100 10000 5000 0.015122
100 10000 5000 0.033949
100 10000 5000 0.022462
100 10000 5000 0.022087
100 10000 5000 0.015976
100 10000 5000 0.017284
100 10000 5000 0.015444
100 10000 5000 0.015523
100 10000 5000 0.020171
100 10000 5000 0.021408
100 10000 5000 0.020251
10 10000 5000 0.006572
10 10000 5000 0.006933
10 10000 5000 0.009101
10 10000 5000 0.004152
10 10000 5000 0.008387
10 10000 5000 0.008598
10 10000 5000 0.008946
10 10000 5000 0.006117
10 10000 5000 0.009894
10 10000 5000 0.005131
10 10000 5000 0.004753
10 10000 5000 0.004888
10 10000 5000 0.004481
10 10000 5000 0.005175
10 10000 5000 0.004777
10 10000 5000 0.010664
10 10000 5000 0.010618
10 10000 5000 0.006705
10 10000 5000 0.011774
10 10000 5000 0.003877
10 10000 5000 0.011018
10 10000 5000 0.007828
10 10000 5000 0.007443
10 10000 5000 0.006275
10 10000 5000 0.005135
10 10000 5000 0.003753
10 10000 5000 0.005023
10 10000 5000 0.010967
10 10000 5000 0.005256
10 10000 5000 0.007364
10 10000 5000 0.006637
10 10000 5000 0.004069
10 10000 5000 0.008322
10 10000 5000 0.007748
10 10000 5000 0.005529
10 10000 5000 0.004822
50 10000 5000 0.012133
50 10000 5000 0.011160
50 10000 5000 0.016229
50 10000 5000 0.018944
50 10000 5000 0.014847
50 10000 5000 0.015148
50 10000 5000 0.011016
50 10000 5000 0.011080
50 10000 5000 0.014647
50 10000 5000 0.019860
50 10000 5000 0.019231
50 10000 5000 0.016807
50 10000 5000 0.016280
50 10000 5000 0.020544
50 10000 5000 0.017331
50 10000 5000 0.014693
50 10000 5000 0.014773
50 10000 5000 0.014876
50 10000 5000 0.014448
50 10000 5000 0.011618
50 10000 5000 0.015744
50 10000 5000 0.015283
50 10000 5000 0.012355
50 10000 5000 0.022903
50 10000 5000 0.013763
50 10000 5000 0.009905
50 10000 5000 0.013618
50 10000 5000 0.016029
50 10000 5000 0.010747
50 10000 5000 0.011704
50 10000 5000 0.011578
50 10000 5000 0.010382
50 10000 5000 0.008926
50 10000 5000 0.013935
50 10000 5000 0.010020
50 10000 5000 0.013303
50 10000 5000 0.009655
50 10000 5000 0.026662
50 10000 5000 0.011992
50 10000 5000 0.009884
50 10000 5000 0.010230
50 10000 5000 0.011532
50 10000 5000 0.008266
50 10000 5000 0.009412
50 10000 5000 0.010209
50 10000 5000 0.011372
50 10000 5000 0.012509
50 10000 5000 0.011940
50 10000 5000 0.017647
50 10000 5000 0.010995
50 10000 5000 0.011797
50 10000 5000 0.016743
50 10000 5000 0.010331
100 10000 5000 0.031617
100 10000 5000 0.034717
100 10000 5000 0.030927
100 10000 5000 0.029808
100 10000 5000 0.022141
100 10000 5000 0.021941
100 10000 5000 0.036181
100 10000 5000 0.024194
100 10000 5000 0.033274
100 10000 5000 0.031742
100 10000 5000 0.024031
100 10000 5000 0.032962
100 10000 5000 0.031409
100 10000 5000 0.027109
100 10000 5000 0.021896
100 10000 5000 0.032855
100 10000 5000 0.022903
100 10000 5000 0.017028
100 10000 5000 0.026359
100 10000 5000 0.027054
100 10000 5000 0.029852
100 10000 5000 0.024417
100 10000 5000 0.033983
100 10000 5000 0.022317
100 10000 5000 0.025436
100 10000 5000 0.024077
100 10000 5000 0.027949
100 10000 5000 0.024747
100 10000 5000 0.029696
100 10000 5000 0.019720
100 10000 5000 0.026713
100 10000 5000 0.029479
100 10000 5000 0.019123
100 10000 5000 0.016321
100 10000 5000 0.025244
100 10000 5000 0.019792
100 10000 5000 0.026619
100 10000 5000 0.021310
100 10000 5000 0.032875
100 10000 5000 0.024076
100 10000 5000 0.019249
100 10000 5000 0.018042
100 10000 5000 0.023055
100 10000 5000 0.024718
100 10000 5000 0.020210
100 10000 5000 0.020367
100 10000 5000 0.021616
100 10000 5000 0.033540
100 10000 5000 0.026542
100 10000 5000 0.021777
100 10000 5000 0.018165
100 10000 5000 0.025954
100 10000 5000 0.025475
100 10000 5000 0.018093
100 10000 5000 0.017712
100 10000 5000 0.019057
100 10000 5000 0.017957
100 10000 5000 0.016797
100 10000 5000 0.018139
100 10000 5000 0.018001
100 10000 5000 0.017358
100 10000 5000 0.021387
100 10000 5000 0.025560
100 10000 5000 0.017299
100 10000 5000 0.032102
100 10000 5000 0.018801
100 10000 5000 0.024042
100 10000 5000 0.020640
100 10000 5000 0.022363
100 10000 5000 0.024943
100 10000 5000 0.015974
100 10000 5000 0.029617
