10 10000 5000 0.003336
10 10000 5000 0.009762
10 10000 5000 0.011885
10 10000 5000 0.004859
10 10000 5000 0.003643
10 10000 5000 0.006553
10 10000 5000 0.009153
10 10000 5000 0.003434
10 10000 5000 0.006728
10 10000 5000 0.005946
10 10000 5000 0.005876
10 10000 5000 0.003061
10 10000 5000 0.007226
10 10000 5000 0.009076
10 10000 5000 0.007205
10 10000 5000 0.004728
10 10000 5000 0.004404
10 10000 5000 0.005079
10 10000 5000 0.005660
10 10000 5000 0.006668
10 10000 5000 0.006575
10 10000 5000 0.006488
10 10000 5000 0.004136
10 10000 5000 0.005197
10 10000 5000 0.007555
10 10000 5000 0.003212
10 10000 5000 0.009987
10 10000 5000 0.004149
10 10000 5000 0.005117
10 10000 5000 0.007774
10 10000 5000 0.005802
10 10000 5000 0.006185
10 10000 5000 0.010705
10 10000 5000 0.008619
10 10000 5000 0.003908
10 10000 5000 0.004991
50 10000 5000 0.015900
50 10000 5000 0.017831
50 10000 5000 0.010406
50 10000 5000 0.014597
50 10000 5000 0.014963
50 10000 5000 0.014947
50 10000 5000 0.017177
50 10000 5000 0.019152
50 10000 5000 0.008879
50 10000 5000 0.011397
50 10000 5000 0.009828
50 10000 5000 0.023965
50 10000 5000 0.013466
50 10000 5000 0.015966
50 10000 5000 0.022303
50 10000 5000 0.014507
50 10000 5000 0.009675
50 10000 5000 0.015416
50 10000 5000 0.008952
50 10000 5000 0.013378
50 10000 5000 0.020338
50 10000 5000 0.011475
50 10000 5000 0.010393
50 10000 5000 0.014481
50 10000 5000 0.009908
50 10000 5000 0.012463
50 10000 5000 0.026017
50 10000 5000 0.010988
50 10000 5000 0.009749
50 10000 5000 0.010097
50 10000 5000 0.008656
50 10000 5000 0.013304
50 10000 5000 0.009755
50 10000 5000 0.010035
50 10000 5000 0.027828
50 10000 5000 0.008432
50 10000 5000 0.013263
50 10000 5000 0.008180
50 10000 5000 0.017175
50 10000 5000 0.010300
50 10000 5000 0.008892
50 10000 5000 0.007520
50 10000 5000 0.007461
50 10000 5000 0.011005
50 10000 5000 0.011320
50 10000 5000 0.014616
50 10000 5000 0.010527
50 10000 5000 0.010599
50 10000 5000 0.008439
50 10000 5000 0.016356
50 10000 5000 0.007920
50 10000 5000 0.008844
50 10000 5000 0.010148
50 10000 5000 0.008712
50 10000 5000 0.009668
100 10000 5000 0.030011
100 10000 5000 0.030778
100 10000 5000 0.027144
100 10000 5000 0.026997
100 10000 5000 0.021258
100 10000 5000 0.032967
100 10000 5000 0.021300
100 10000 5000 0.036494
100 10000 5000 0.019818
100 10000 5000 0.025581
100 10000 5000 0.033665
100 10000 5000 0.029066
100 10000 5000 0.026080
100 10000 5000 0.033750
100 10000 5000 0.029989
100 10000 5000 0.020934
100 10000 5000 0.040284
100 10000 5000 0.027501
100 10000 5000 0.020602
100 10000 5000 0.023026
100 10000 5000 0.042043
100 10000 5000 0.025816
100 10000 5000 0.019501
100 10000 5000 0.030124
100 10000 5000 0.029782
100 10000 5000 0.025032
100 10000 5000 0.021438
100 10000 5000 0.020255
100 10000 5000 0.026304
100 10000 5000 0.025773
100 10000 5000 0.026509
100 10000 5000 0.019105
100 10000 5000 0.028599
100 10000 5000 0.022765
100 10000 5000 0.023558
100 10000 5000 0.029798
100 10000 5000 0.024034
100 10000 5000 0.026676
100 10000 5000 0.025150
100 10000 5000 0.026707
100 10000 5000 0.021587
100 10000 5000 0.020623
100 10000 5000 0.024059
100 10000 5000 0.023364
100 10000 5000 0.018691
100 10000 5000 0.025372
100 10000 5000 0.019710
100 10000 5000 0.022895
100 10000 5000 0.019769
100 10000 5000 0.020643
100 10000 5000 0.022416
100 10000 5000 0.020610
100 10000 5000 0.016130
100 10000 5000 0.022000
100 10000 5000 0.022568
100 10000 5000 0.022502
100 10000 5000 0.016553
100 10000 5000 0.019213
100 10000 5000 0.020983
100 10000 5000 0.022985
100 10000 5000 0.016952
100 10000 5000 0.023580
100 10000 5000 0.019561
100 10000 5000 0.023224
100 10000 5000 0.021001
100 10000 5000 0.023796
100 10000 5000 0.019044
10 10000 5000 0.006013
10 10000 5000 0.004544
10 10000 5000 0.004565
10 10000 5000 0.005373
10 10000 5000 0.006019
10 10000 5000 0.004192
10 10000 5000 0.004982
10 10000 5000 0.005617
10 10000 5000 0.004058
10 10000 5000 0.007029
10 10000 5000 0.004363
10 10000 5000 0.003577
10 10000 5000 0.007020
10 10000 5000 0.006445
10 10000 5000 0.006045
10 10000 5000 0.005118
10 10000 5000 0.004369
10 10000 5000 0.006026
10 10000 5000 0.018126
10 10000 5000 0.007091
10 10000 5000 0.008558
10 10000 5000 0.005249
10 10000 5000 0.012744
10 10000 5000 0.005182
10 10000 5000 0.004743
10 10000 5000 0.006980
10 10000 5000 0.006043
10 10000 5000 0.007425
10 10000 5000 0.004618
10 10000 5000 0.004888
10 10000 5000 0.005749
10 10000 5000 0.004939
10 10000 5000 0.007738
10 10000 5000 0.005745
10 10000 5000 0.008102
10 10000 5000 0.013773
50 10000 5000 0.013113
50 10000 5000 0.009527
50 10000 5000 0.014176
50 10000 5000 0.023205
50 10000 5000 0.014507
50 10000 5000 0.012637
50 10000 5000 0.020661
50 10000 5000 0.017082
50 10000 5000 0.010921
50 10000 5000 0.015829
50 10000 5000 0.017466
50 10000 5000 0.018395
50 10000 5000 0.010264
50 10000 5000 0.009863
50 10000 5000 0.009780
50 10000 5000 0.015745
50 10000 5000 0.011257
50 10000 5000 0.012086
50 10000 5000 0.015907
50 10000 5000 0.010797
50 10000 5000 0.009776
50 10000 5000 0.014710
50 10000 5000 0.014259
50 10000 5000 0.015089
50 10000 5000 0.009739
50 10000 5000 0.015556
50 10000 5000 0.013225
50 10000 5000 0.012430
50 10000 5000 0.014184
50 10000 5000 0.010196
50 10000 5000 0.010930
50 10000 5000 0.010954
50 10000 5000 0.010844
50 10000 5000 0.010856
50 10000 5000 0.010822
50 10000 5000 0.018695
50 10000 5000 0.016121
50 10000 5000 0.015396
50 10000 5000 0.014657
50 10000 5000 0.008329
50 10000 5000 0.012222
50 10000 5000 0.014105
50 10000 5000 0.010429
50 10000 5000 0.013192
50 10000 5000 0.010241
50 10000 5000 0.009270
50 10000 5000 0.009911
50 10000 5000 0.014314
50 10000 5000 0.007307
50 10000 5000 0.017643
50 10000 5000 0.008367
50 10000 5000 0.007241
50 10000 5000 0.018325
100 10000 5000 0.027078
100 10000 5000 0.036840
100 10000 5000 0.018290
100 10000 5000 0.026090
100 10000 5000 0.032433
100 10000 5000 0.023706
100 10000 5000 0.036992
100 10000 5000 0.028339
100 10000 5000 0.026989
100 10000 5000 0.017426
100 10000 5000 0.030306
100 10000 5000 0.031300
100 10000 5000 0.021078
100 10000 5000 0.025302
100 10000 5000 0.032340
100 10000 5000 0.025002
100 10000 5000 0.035126
100 10000 5000 0.029871
100 10000 5000 0.022448
100 10000 5000 0.020671
100 10000 5000 0.038501
100 10000 5000 0.035765
100 10000 5000 0.024987
100 10000 5000 0.032685
100 10000 5000 0.026292
100 10000 5000 0.034503
100 10000 5000 0.032239
100 10000 5000 0.027770
100 10000 5000 0.024664
100 10000 5000 0.018885
100 10000 5000 0.031492
100 10000 5000 0.033348
100 10000 5000 0.021955
100 10000 5000 0.020802
100 10000 5000 0.022011
100 10000 5000 0.029926
100 10000 5000 0.023082
100 10000 5000 0.030807
100 10000 5000 0.019685
100 10000 5000 0.022104
100 10000 5000 0.017072
100 10000 5000 0.034373
100 10000 5000 0.027005
100 10000 5000 0.029248
100 10000 5000 0.019096
100 10000 5000 0.020170
100 10000 5000 0.019480
100 10000 5000 0.019238
100 10000 5000 0.019552
100 10000 5000 0.021377
100 10000 5000 0.021761
100 10000 5000 0.020233
100 10000 5000 0.018905
100 10000 5000 0.021973
100 10000 5000 0.021670
100 10000 5000 0.021568
100 10000 5000 0.030208
100 10000 5000 0.018451
100 10000 5000 0.023115
100 10000 5000 0.021294
100 10000 5000 0.017973
100 10000 5000 0.021550
100 10000 5000 0.021079
100 10000 5000 0.018686
100 10000 5000 0.022841
100 10000 5000 0.026466
100 10000 5000 0.018563
10 10000 5000 0.006875
10 10000 5000 0.012062
10 10000 5000 0.006278
10 10000 5000 0.009938
10 10000 5000 0.007878
10 10000 5000 0.006371
10 10000 5000 0.008006
10 10000 5000 0.004897
10 10000 5000 0.006178
10 10000 5000 0.006154
10 10000 5000 0.012135
10 10000 5000 0.004629
10 10000 5000 0.014100
10 10000 5000 0.005898
10 10000 5000 0.016304
10 10000 5000 0.004353
10 10000 5000 0.005909
10 10000 5000 0.012960
10 10000 5000 0.005306
10 10000 5000 0.007217
10 10000 5000 0.005587
10 10000 5000 0.004422
10 10000 5000 0.004473
10 10000 5000 0.008244
10 10000 5000 0.004468
10 10000 5000 0.006110
10 10000 5000 0.007261
10 10000 5000 0.002762
10 10000 5000 0.005667
10 10000 5000 0.008366
10 10000 5000 0.009301
10 10000 5000 0.005718
10 10000 5000 0.005080
10 10000 5000 0.003105
10 10000 5000 0.004951
10 10000 5000 0.005672
50 10000 5000 0.018937
50 10000 5000 0.023257
50 10000 5000 0.015081
50 10000 5000 0.016102
50 10000 5000 0.011772
50 10000 5000 0.012501
50 10000 5000 0.016937
50 10000 5000 0.018799
50 10000 5000 0.011255
50 10000 5000 0.013383
50 10000 5000 0.011115
50 10000 5000 0.019202
50 10000 5000 0.017098
50 10000 5000 0.014939
50 10000 5000 0.009494
50 10000 5000 0.010728
50 10000 5000 0.012192
50 10000 5000 0.013442
50 10000 5000 0.016449
50 10000 5000 0.011991
50 10000 5000 0.023164
50 10000 5000 0.017948
50 10000 5000 0.011006
50 10000 5000 0.009954
50 10000 5000 0.011402
50 10000 5000 0.011219
50 10000 5000 0.010987
50 10000 5000 0.009967
50 10000 5000 0.010935
50 10000 5000 0.009870
50 10000 5000 0.025994
50 10000 5000 0.012051
50 10000 5000 0.017688
50 10000 5000 0.011009
50 10000 5000 0.009403
50 10000 5000 0.014717
50 10000 5000 0.017441
50 10000 5000 0.009896
50 10000 5000 0.012429
50 10000 5000 0.015307
50 10000 5000 0.022030
50 10000 5000 0.010444
50 10000 5000 0.015134
50 10000 5000 0.013976
50 10000 5000 0.018097
50 10000 5000 0.012885
50 10000 5000 0.017300
50 10000 5000 0.011466
50 10000 5000 0.016249
50 10000 5000 0.008757
100 10000 5000 0.035532
100 10000 5000 0.029377
100 10000 5000 0.035630
100 10000 5000 0.029682
100 10000 5000 0.030455
100 10000 5000 0.024471
100 10000 5000 0.020259
100 10000 5000 0.023501
100 10000 5000 0.036440
100 10000 5000 0.022422
100 10000 5000 0.030743
100 10000 5000 0.031893
100 10000 5000 0.030887
100 10000 5000 0.027387
100 10000 5000 0.029178
100 10000 5000 0.026901
100 10000 5000 0.033390
100 10000 5000 0.026152
100 10000 5000 0.026896
100 10000 5000 0.028293
100 10000 5000 0.024485
100 10000 5000 0.038431
100 10000 5000 0.029641
100 10000 5000 0.020348
100 10000 5000 0.021685
100 10000 5000 0.027002
100 10000 5000 0.020060
100 10000 5000 0.021729
100 10000 5000 0.037479
100 10000 5000 0.021273
100 10000 5000 0.020634
100 10000 5000 0.024624
100 10000 5000 0.026278
100 10000 5000 0.022520
100 10000 5000 0.022214
100 10000 5000 0.023777
100 10000 5000 0.020939
100 10000 5000 0.032791
100 10000 5000 0.026036
100 10000 5000 0.025587
100 10000 5000 0.024435
100 10000 5000 0.021491
100 10000 5000 0.019927
100 10000 5000 0.018693
100 10000 5000 0.027355
100 10000 5000 0.028289
100 10000 5000 0.018585
100 10000 5000 0.019875
100 10000 5000 0.020183
100 10000 5000 0.019910
100 10000 5000 0.016878
100 10000 5000 0.015181
100 10000 5000 0.016271
100 10000 5000 0.030820
100 10000 5000 0.021859
100 10000 5000 0.021510
100 10000 5000 0.016767
100 10000 5000 0.016846
100 10000 5000 0.019470
100 10000 5000 0.018087
100 10000 5000 0.015998
100 10000 5000 0.016941
100 10000 5000 0.038900
100 10000 5000 0.018236
100 10000 5000 0.015793
100 10000 5000 0.026826
100 10000 5000 0.016523
100 10000 5000 0.019549
100 10000 5000 0.035366
100 10000 5000 0.026037
100 10000 5000 0.018847
100 10000 5000 0.025911
100 10000 5000 0.021589
100 10000 5000 0.021701
