100 185 55 0.002297
100 185 55 0.000497
100 185 55 0.000499
100 185 55 0.000513
100 185 55 0.000512
100 185 55 0.000516
100 185 55 0.000502
100 185 55 0.000484
100 185 55 0.000482
100 185 55 0.000497
100 185 55 0.000537
100 185 55 0.000494
100 185 55 0.000488
100 185 55 0.000489
100 185 55 0.000473
100 185 55 0.000494
100 185 55 0.000516
100 185 55 0.000496
100 185 55 0.000477
100 185 55 0.000505
100 185 55 0.000499
100 185 55 0.000496
100 185 55 0.000506
100 185 55 0.000496
100 185 55 0.000489
100 185 55 0.000509
100 185 55 0.000493
100 185 55 0.000489
100 185 55 0.000477
100 185 55 0.000466
100 185 55 0.000471
100 185 55 0.000476
100 185 55 0.000481
100 185 55 0.000505
100 185 55 0.000499
100 185 55 0.000495
100 185 55 0.000487
100 185 55 0.000480
100 185 55 0.000509
100 185 55 0.000503
100 185 55 0.000494
100 185 55 0.000479
100 185 55 0.000473
100 185 55 0.000501
100 185 55 0.000501
100 185 55 0.000480
100 185 55 0.000505
100 185 55 0.000509
100 185 55 0.000487
100 185 55 0.000479
100 185 55 0.000472
100 185 55 0.000455
100 185 55 0.000466
100 185 55 0.000468
100 185 55 0.000465
100 185 55 0.000474
100 185 55 0.000465
100 185 55 0.000491
100 185 55 0.000516
100 185 55 0.000488
100 185 55 0.000482
100 185 55 0.000521
100 185 55 0.000490
100 185 55 0.000476
100 185 55 0.000472
100 185 55 0.000470
100 185 55 0.000505
100 185 55 0.000479
100 185 55 0.000468
100 185 55 0.000468
100 185 55 0.000479
100 185 55 0.000482
100 185 55 0.000498
100 185 55 0.000500
100 185 55 0.000482
100 185 55 0.000471
100 185 55 0.000481
100 185 55 0.000477
100 185 55 0.000474
100 185 55 0.000498
100 185 55 0.000467
100 185 55 0.000481
100 185 55 0.000466
100 185 55 0.000481
100 185 55 0.000478
100 185 55 0.000486
100 185 55 0.000463
100 185 55 0.000465
100 185 55 0.000486
100 185 55 0.000477
100 185 55 0.000468
100 185 55 0.000477
100 185 55 0.000473
100 185 55 0.000463
100 185 55 0.000481
100 185 55 0.000515
100 185 55 0.000492
100 185 55 0.000494
100 185 55 0.000461
100 185 55 0.000462
100 185 55 0.002526
100 185 55 0.000488
100 185 55 0.000535
100 185 55 0.000512
100 185 55 0.000495
100 185 55 0.000501
100 185 55 0.000496
100 185 55 0.000490
100 185 55 0.000520
100 185 55 0.000470
100 185 55 0.000509
100 185 55 0.000493
100 185 55 0.000511
100 185 55 0.000489
100 185 55 0.000489
100 185 55 0.000486
100 185 55 0.000495
100 185 55 0.000517
100 185 55 0.000486
100 185 55 0.000507
100 185 55 0.000474
100 185 55 0.000483
100 185 55 0.000475
100 185 55 0.000481
100 185 55 0.000475
100 185 55 0.000492
100 185 55 0.000475
100 185 55 0.000480
100 185 55 0.000484
100 185 55 0.000482
100 185 55 0.000499
100 185 55 0.000489
100 185 55 0.000484
100 185 55 0.000474
100 185 55 0.000496
100 185 55 0.000483
100 185 55 0.000492
100 185 55 0.000505
100 185 55 0.000474
100 185 55 0.000517
100 185 55 0.000473
100 185 55 0.000498
100 185 55 0.000470
100 185 55 0.000493
100 185 55 0.000504
100 185 55 0.000468
100 185 55 0.000481
100 185 55 0.000465
100 185 55 0.000483
100 185 55 0.000463
100 185 55 0.000465
100 185 55 0.000473
100 185 55 0.000478
100 185 55 0.000475
100 185 55 0.000487
100 185 55 0.000485
100 185 55 0.000495
100 185 55 0.000490
100 185 55 0.000480
100 185 55 0.000482
100 185 55 0.000479
100 185 55 0.000487
100 185 55 0.000458
100 185 55 0.000471
100 185 55 0.000464
100 185 55 0.000468
100 185 55 0.000464
100 185 55 0.000464
100 185 55 0.000490
100 185 55 0.000467
100 185 55 0.000483
100 185 55 0.000482
100 185 55 0.000458
100 185 55 0.000465
100 185 55 0.000477
100 185 55 0.000478
100 185 55 0.000493
100 185 55 0.000473
100 185 55 0.000494
100 185 55 0.000499
100 185 55 0.000469
100 185 55 0.000467
100 185 55 0.000493
100 185 55 0.000487
100 185 55 0.000488
100 185 55 0.000488
100 185 55 0.000467
100 185 55 0.000475
100 185 55 0.000470
100 185 55 0.000477
100 185 55 0.000470
100 185 55 0.000455
100 185 55 0.000467
100 185 55 0.000492
100 185 55 0.000472
100 185 55 0.000464
100 185 55 0.000479
100 185 55 0.000452
100 185 55 0.000465
100 185 55 0.000465
100 185 55 0.000708
100 185 55 0.000477
100 185 55 0.000492
100 185 55 0.000478
100 185 55 0.000488
100 185 55 0.000459
100 185 55 0.000463
100 185 55 0.000464
100 185 55 0.000476
100 185 55 0.000462
100 185 55 0.000507
100 185 55 0.000507
100 185 55 0.000483
100 185 55 0.000497
100 185 55 0.000469
100 185 55 0.000513
100 185 55 0.000474
100 185 55 0.000481
100 185 55 0.000475
100 185 55 0.000487
100 185 55 0.000472
100 185 55 0.000478
100 185 55 0.000466
100 185 55 0.000481
100 185 55 0.000490
100 185 55 0.000471
100 185 55 0.000460
100 185 55 0.000477
100 185 55 0.000500
100 185 55 0.000473
100 185 55 0.000489
100 185 55 0.000491
100 185 55 0.000508
100 185 55 0.000487
100 185 55 0.000479
100 185 55 0.000492
100 185 55 0.000488
100 185 55 0.000531
100 185 55 0.000476
100 185 55 0.000492
100 185 55 0.000471
100 185 55 0.000484
100 185 55 0.000474
100 185 55 0.000460
100 185 55 0.000497
100 185 55 0.000474
100 185 55 0.000490
100 185 55 0.000476
100 185 55 0.000481
100 185 55 0.000474
100 185 55 0.000467
100 185 55 0.000473
100 185 55 0.000494
100 185 55 0.000510
100 185 55 0.000494
100 185 55 0.000485
100 185 55 0.000477
100 185 55 0.000490
100 185 55 0.000487
100 185 55 0.000470
100 185 55 0.000470
100 185 55 0.000481
100 185 55 0.000472
100 185 55 0.000463
100 185 55 0.000472
100 185 55 0.000465
100 185 55 0.000495
100 185 55 0.000476
100 185 55 0.000461
100 185 55 0.000483
100 185 55 0.000480
100 185 55 0.000477
100 185 55 0.000470
100 185 55 0.000490
100 185 55 0.000461
100 185 55 0.000464
100 185 55 0.000467
100 185 55 0.000484
100 185 55 0.000461
100 185 55 0.000480
100 185 55 0.000488
100 185 55 0.000477
100 185 55 0.000469
100 185 55 0.000470
100 185 55 0.000475
100 185 55 0.000476
100 185 55 0.000473
100 185 55 0.000459
100 185 55 0.000472
100 185 55 0.000468
100 185 55 0.000470
100 185 55 0.000469
100 185 55 0.000451
100 185 55 0.000477
100 185 55 0.000459
100 185 55 0.000480
100 185 55 0.000469
100 185 55 0.000465
100 185 55 0.000476
100 185 55 0.000493
200 442 132 0.002878
200 442 132 0.002314
200 442 132 0.002424
200 442 132 0.002353
200 442 132 0.002312
200 442 132 0.002296
200 442 132 0.002284
200 442 132 0.002175
200 442 132 0.002270
200 442 132 0.002310
200 442 132 0.002308
200 442 132 0.002316
200 442 132 0.002225
200 442 132 0.002352
200 442 132 0.002192
200 442 132 0.002193
200 442 132 0.002281
200 442 132 0.002261
200 442 132 0.002306
200 442 132 0.002307
200 442 132 0.002200
200 442 132 0.002304
200 442 132 0.002264
200 442 132 0.002187
200 442 132 0.002167
200 442 132 0.002175
200 442 132 0.002154
200 442 132 0.002128
200 442 132 0.002231
200 442 132 0.002098
200 442 132 0.002129
200 442 132 0.002142
200 442 132 0.002238
200 442 132 0.002172
200 442 132 0.002116
200 442 132 0.002182
200 442 132 0.002173
200 442 132 0.002171
200 442 132 0.002171
200 442 132 0.002102
200 442 132 0.002146
200 442 132 0.002177
200 442 132 0.002202
200 442 132 0.002224
200 442 132 0.002241
200 442 132 0.002129
200 442 132 0.002309
200 442 132 0.002160
200 442 132 0.002165
200 442 132 0.002190
200 442 132 0.002214
200 442 132 0.002223
200 442 132 0.002193
200 442 132 0.002193
200 442 132 0.002172
200 442 132 0.002166
200 442 132 0.002176
200 442 132 0.002134
200 442 132 0.002144
200 442 132 0.002145
200 442 132 0.002157
200 442 132 0.002153
200 442 132 0.002174
200 442 132 0.002140
200 442 132 0.002159
200 442 132 0.002178
200 442 132 0.002208
200 442 132 0.002152
200 442 132 0.002143
200 442 132 0.002131
200 442 132 0.002111
200 442 132 0.002115
200 442 132 0.002113
200 442 132 0.002175
200 442 132 0.002171
200 442 132 0.002137
200 442 132 0.002213
200 442 132 0.002125
200 442 132 0.002130
200 442 132 0.002122
200 442 132 0.002145
200 442 132 0.002139
200 442 132 0.002115
200 442 132 0.002178
200 442 132 0.002210
200 442 132 0.002230
200 442 132 0.002210
200 442 132 0.002142
200 442 132 0.002280
200 442 132 0.002214
200 442 132 0.002120
200 442 132 0.002153
200 442 132 0.002141
200 442 132 0.002210
200 442 132 0.002103
200 442 132 0.002105
200 442 132 0.002203
200 442 132 0.002141
200 442 132 0.002083
200 442 132 0.002115
200 442 132 0.002792
200 442 132 0.002311
200 442 132 0.002338
200 442 132 0.002257
200 442 132 0.002300
200 442 132 0.002339
200 442 132 0.002408
200 442 132 0.002309
200 442 132 0.002190
200 442 132 0.002241
200 442 132 0.002208
200 442 132 0.002238
200 442 132 0.002188
200 442 132 0.002121
200 442 132 0.002094
200 442 132 0.002105
200 442 132 0.002253
200 442 132 0.002223
200 442 132 0.002276
200 442 132 0.002216
200 442 132 0.002191
200 442 132 0.002218
200 442 132 0.002210
200 442 132 0.002192
200 442 132 0.002279
200 442 132 0.002225
200 442 132 0.002205
200 442 132 0.002257
200 442 132 0.002155
200 442 132 0.002147
200 442 132 0.002170
200 442 132 0.002286
200 442 132 0.002329
200 442 132 0.002233
200 442 132 0.002168
200 442 132 0.002216
200 442 132 0.002167
200 442 132 0.002173
200 442 132 0.002120
200 442 132 0.002146
200 442 132 0.002183
200 442 132 0.002188
200 442 132 0.002110
200 442 132 0.002135
200 442 132 0.002138
200 442 132 0.002101
200 442 132 0.002205
200 442 132 0.002199
200 442 132 0.002218
200 442 132 0.002168
200 442 132 0.002236
200 442 132 0.002290
200 442 132 0.002224
200 442 132 0.002204
200 442 132 0.002141
200 442 132 0.002179
200 442 132 0.002154
200 442 132 0.002175
200 442 132 0.002222
200 442 132 0.002113
200 442 132 0.002102
200 442 132 0.002129
200 442 132 0.002158
200 442 132 0.002125
200 442 132 0.002129
200 442 132 0.002139
200 442 132 0.002170
200 442 132 0.002147
200 442 132 0.002171
200 442 132 0.002131
200 442 132 0.002167
200 442 132 0.002171
200 442 132 0.002136
200 442 132 0.002139
200 442 132 0.002127
200 442 132 0.002099
200 442 132 0.002128
200 442 132 0.002137
200 442 132 0.002134
200 442 132 0.002138
200 442 132 0.002089
200 442 132 0.002164
200 442 132 0.002135
200 442 132 0.002145
200 442 132 0.002130
200 442 132 0.002137
200 442 132 0.002184
200 442 132 0.002177
200 442 132 0.002119
200 442 132 0.002168
200 442 132 0.002230
200 442 132 0.002213
200 442 132 0.002134
200 442 132 0.002185
200 442 132 0.002284
200 442 132 0.002135
200 442 132 0.002132
200 442 132 0.002124
200 442 132 0.002116
200 442 132 0.002097
200 442 132 0.003849
200 442 132 0.002312
200 442 132 0.002328
200 442 132 0.002240
200 442 132 0.002195
200 442 132 0.002219
200 442 132 0.002203
200 442 132 0.002223
200 442 132 0.002233
200 442 132 0.002367
200 442 132 0.002204
200 442 132 0.002249
200 442 132 0.002418
200 442 132 0.002217
200 442 132 0.002227
200 442 132 0.002217
200 442 132 0.002210
200 442 132 0.002240
200 442 132 0.002150
200 442 132 0.002359
200 442 132 0.002237
200 442 132 0.002207
200 442 132 0.002177
200 442 132 0.002275
200 442 132 0.002161
200 442 132 0.002170
200 442 132 0.002171
200 442 132 0.002230
200 442 132 0.002153
200 442 132 0.002184
200 442 132 0.002145
200 442 132 0.002174
200 442 132 0.002269
200 442 132 0.002198
200 442 132 0.002181
200 442 132 0.002131
200 442 132 0.002128
200 442 132 0.002120
200 442 132 0.002144
200 442 132 0.002168
200 442 132 0.002152
200 442 132 0.002212
200 442 132 0.002177
200 442 132 0.002111
200 442 132 0.002123
200 442 132 0.002197
200 442 132 0.002092
200 442 132 0.002145
200 442 132 0.002135
200 442 132 0.002149
200 442 132 0.002155
200 442 132 0.002127
200 442 132 0.002148
200 442 132 0.002152
200 442 132 0.002145
200 442 132 0.002114
200 442 132 0.002155
200 442 132 0.002143
200 442 132 0.002115
200 442 132 0.002135
200 442 132 0.002122
200 442 132 0.002118
200 442 132 0.002144
200 442 132 0.002079
200 442 132 0.002101
200 442 132 0.002117
200 442 132 0.002099
200 442 132 0.002125
200 442 132 0.002120
200 442 132 0.002155
200 442 132 0.002184
200 442 132 0.002127
200 442 132 0.002232
200 442 132 0.002098
200 442 132 0.002085
200 442 132 0.002143
200 442 132 0.002127
200 442 132 0.002174
200 442 132 0.002107
200 442 132 0.002077
200 442 132 0.002133
200 442 132 0.002153
200 442 132 0.002108
200 442 132 0.002260
200 442 132 0.002133
200 442 132 0.002264
200 442 132 0.002159
200 442 132 0.002135
200 442 132 0.002176
200 442 132 0.002110
200 442 132 0.002109
200 442 132 0.002078
200 442 132 0.002102
200 442 132 0.002108
200 442 132 0.002139
200 442 132 0.002117
200 442 132 0.002101
200 442 132 0.002114
200 442 132 0.002142
200 442 132 0.002141
300 726 217 0.006069
300 726 217 0.005863
300 726 217 0.005647
300 726 217 0.005733
300 726 217 0.005681
300 726 217 0.005677
300 726 217 0.005680
300 726 217 0.005763
300 726 217 0.005794
300 726 217 0.005541
300 726 217 0.005648
300 726 217 0.005538
300 726 217 0.005534
300 726 217 0.005476
300 726 217 0.005529
300 726 217 0.005764
300 726 217 0.005779
300 726 217 0.005670
300 726 217 0.005835
300 726 217 0.005729
300 726 217 0.005891
300 726 217 0.005594
300 726 217 0.005599
300 726 217 0.005632
300 726 217 0.005630
300 726 217 0.005419
300 726 217 0.005414
300 726 217 0.005307
300 726 217 0.005551
300 726 217 0.005516
300 726 217 0.005530
300 726 217 0.005390
300 726 217 0.005577
300 726 217 0.005415
300 726 217 0.005617
300 726 217 0.005779
300 726 217 0.005542
300 726 217 0.005778
300 726 217 0.005495
300 726 217 0.005290
300 726 217 0.005429
300 726 217 0.005317
300 726 217 0.005258
300 726 217 0.005412
300 726 217 0.005377
300 726 217 0.005431
300 726 217 0.005634
300 726 217 0.005447
300 726 217 0.005708
300 726 217 0.005794
300 726 217 0.005631
300 726 217 0.005372
300 726 217 0.005376
300 726 217 0.005265
300 726 217 0.005376
300 726 217 0.005241
300 726 217 0.005420
300 726 217 0.005390
300 726 217 0.005427
300 726 217 0.005308
300 726 217 0.005374
300 726 217 0.005331
300 726 217 0.005376
300 726 217 0.005346
300 726 217 0.005330
300 726 217 0.005525
300 726 217 0.005358
300 726 217 0.005490
300 726 217 0.005441
300 726 217 0.005420
300 726 217 0.005360
300 726 217 0.005355
300 726 217 0.005349
300 726 217 0.005256
300 726 217 0.005591
300 726 217 0.005622
300 726 217 0.005278
300 726 217 0.005312
300 726 217 0.005361
300 726 217 0.005373
300 726 217 0.005639
300 726 217 0.005562
300 726 217 0.005421
300 726 217 0.005336
300 726 217 0.005397
300 726 217 0.005327
300 726 217 0.005561
300 726 217 0.005381
300 726 217 0.005360
300 726 217 0.005707
300 726 217 0.005308
300 726 217 0.005589
300 726 217 0.005347
300 726 217 0.005672
300 726 217 0.005298
300 726 217 0.005460
300 726 217 0.005321
300 726 217 0.005380
300 726 217 0.005359
300 726 217 0.005251
300 726 217 0.006033
300 726 217 0.005832
300 726 217 0.005699
300 726 217 0.005680
300 726 217 0.005725
300 726 217 0.005660
300 726 217 0.005436
300 726 217 0.005624
300 726 217 0.005365
300 726 217 0.005597
300 726 217 0.005452
300 726 217 0.005462
300 726 217 0.005932
300 726 217 0.005525
300 726 217 0.005317
300 726 217 0.005384
300 726 217 0.005343
300 726 217 0.005400
300 726 217 0.005331
300 726 217 0.005301
300 726 217 0.005553
300 726 217 0.005470
300 726 217 0.005421
300 726 217 0.005515
300 726 217 0.005534
300 726 217 0.005427
300 726 217 0.005459
300 726 217 0.005529
300 726 217 0.005288
300 726 217 0.005584
300 726 217 0.005819
300 726 217 0.006531
300 726 217 0.005327
300 726 217 0.005322
300 726 217 0.005243
300 726 217 0.005313
300 726 217 0.005674
300 726 217 0.005662
300 726 217 0.005350
300 726 217 0.005602
300 726 217 0.005459
300 726 217 0.005422
300 726 217 0.005397
300 726 217 0.005573
300 726 217 0.005422
300 726 217 0.005434
300 726 217 0.005383
300 726 217 0.005265
300 726 217 0.005271
300 726 217 0.005507
300 726 217 0.005566
300 726 217 0.005434
300 726 217 0.005683
300 726 217 0.005603
300 726 217 0.005449
300 726 217 0.005311
300 726 217 0.005627
300 726 217 0.005516
300 726 217 0.005456
300 726 217 0.005297
300 726 217 0.005247
300 726 217 0.005410
300 726 217 0.005379
300 726 217 0.005285
300 726 217 0.005397
300 726 217 0.005430
300 726 217 0.005565
300 726 217 0.005408
300 726 217 0.005401
300 726 217 0.005597
300 726 217 0.005456
300 726 217 0.005351
300 726 217 0.005380
300 726 217 0.005288
300 726 217 0.005323
300 726 217 0.005323
300 726 217 0.005197
300 726 217 0.005730
300 726 217 0.005334
300 726 217 0.005257
300 726 217 0.005419
300 726 217 0.005355
300 726 217 0.005283
300 726 217 0.005277
300 726 217 0.005512
300 726 217 0.005246
300 726 217 0.005351
300 726 217 0.005593
300 726 217 0.005677
300 726 217 0.005483
300 726 217 0.005573
300 726 217 0.005608
300 726 217 0.005429
300 726 217 0.005224
300 726 217 0.005480
300 726 217 0.005380
300 726 217 0.005359
300 726 217 0.005396
300 726 217 0.005872
300 726 217 0.005587
300 726 217 0.006305
300 726 217 0.005788
300 726 217 0.005727
300 726 217 0.005509
300 726 217 0.005625
300 726 217 0.005811
300 726 217 0.005989
300 726 217 0.005561
300 726 217 0.005561
300 726 217 0.005572
300 726 217 0.005356
300 726 217 0.006022
300 726 217 0.005446
300 726 217 0.005708
300 726 217 0.005486
300 726 217 0.005411
300 726 217 0.005474
300 726 217 0.005423
300 726 217 0.005784
300 726 217 0.005351
300 726 217 0.005389
300 726 217 0.005467
300 726 217 0.007349
300 726 217 0.005334
300 726 217 0.005506
300 726 217 0.005517
300 726 217 0.005450
300 726 217 0.005581
300 726 217 0.005359
300 726 217 0.005430
300 726 217 0.005366
300 726 217 0.005343
300 726 217 0.005279
300 726 217 0.005346
300 726 217 0.005257
300 726 217 0.005508
300 726 217 0.005733
300 726 217 0.005310
300 726 217 0.005456
300 726 217 0.005365
300 726 217 0.005427
300 726 217 0.005291
300 726 217 0.005325
300 726 217 0.005302
300 726 217 0.005256
300 726 217 0.005275
300 726 217 0.005278
300 726 217 0.005213
300 726 217 0.005336
300 726 217 0.005241
300 726 217 0.005381
300 726 217 0.005236
300 726 217 0.005312
300 726 217 0.005213
300 726 217 0.005241
300 726 217 0.005468
300 726 217 0.007103
300 726 217 0.005380
300 726 217 0.005277
300 726 217 0.005599
300 726 217 0.005191
300 726 217 0.005378
300 726 217 0.005145
300 726 217 0.005352
300 726 217 0.005244
300 726 217 0.005233
300 726 217 0.005290
300 726 217 0.005247
300 726 217 0.005342
300 726 217 0.005213
300 726 217 0.005529
300 726 217 0.005473
300 726 217 0.005494
300 726 217 0.005306
300 726 217 0.005203
300 726 217 0.005509
300 726 217 0.005300
300 726 217 0.005241
300 726 217 0.005275
300 726 217 0.005294
300 726 217 0.005600
300 726 217 0.005378
300 726 217 0.005217
300 726 217 0.005322
300 726 217 0.005501
300 726 217 0.005252
300 726 217 0.005152
300 726 217 0.005076
300 726 217 0.005267
300 726 217 0.005229
300 726 217 0.005327
300 726 217 0.005262
300 726 217 0.005291
300 726 217 0.005335
300 726 217 0.005354
300 726 217 0.005760
300 726 217 0.005353
300 726 217 0.005722
300 726 217 0.005347
300 726 217 0.005410
400 1026 307 0.010863
400 1026 307 0.010305
400 1026 307 0.010738
400 1026 307 0.011122
400 1026 307 0.010530
400 1026 307 0.010485
400 1026 307 0.010830
400 1026 307 0.010693
400 1026 307 0.010745
400 1026 307 0.010357
400 1026 307 0.010169
400 1026 307 0.010348
400 1026 307 0.009909
400 1026 307 0.010164
400 1026 307 0.010119
400 1026 307 0.010016
400 1026 307 0.010018
400 1026 307 0.010246
400 1026 307 0.010094
400 1026 307 0.010317
400 1026 307 0.010120
400 1026 307 0.010807
400 1026 307 0.012259
400 1026 307 0.010441
400 1026 307 0.010499
400 1026 307 0.010653
400 1026 307 0.010351
400 1026 307 0.010632
400 1026 307 0.010093
400 1026 307 0.010001
400 1026 307 0.010417
400 1026 307 0.010310
400 1026 307 0.010679
400 1026 307 0.010015
400 1026 307 0.010640
400 1026 307 0.010327
400 1026 307 0.010259
400 1026 307 0.010302
400 1026 307 0.010496
400 1026 307 0.010315
400 1026 307 0.010313
400 1026 307 0.010248
400 1026 307 0.010086
400 1026 307 0.010202
400 1026 307 0.010614
400 1026 307 0.010285
400 1026 307 0.010449
400 1026 307 0.010330
400 1026 307 0.010409
400 1026 307 0.010011
400 1026 307 0.010075
400 1026 307 0.010127
400 1026 307 0.010169
400 1026 307 0.010471
400 1026 307 0.010383
400 1026 307 0.009944
400 1026 307 0.010040
400 1026 307 0.009988
400 1026 307 0.010285
400 1026 307 0.010248
400 1026 307 0.010399
400 1026 307 0.010542
400 1026 307 0.010940
400 1026 307 0.010570
400 1026 307 0.009983
400 1026 307 0.010189
400 1026 307 0.010070
400 1026 307 0.010427
400 1026 307 0.010601
400 1026 307 0.011923
400 1026 307 0.010401
400 1026 307 0.010188
400 1026 307 0.009816
400 1026 307 0.012099
400 1026 307 0.010050
400 1026 307 0.010226
400 1026 307 0.010546
400 1026 307 0.012192
400 1026 307 0.010080
400 1026 307 0.010927
400 1026 307 0.010584
400 1026 307 0.012227
400 1026 307 0.010847
400 1026 307 0.010326
400 1026 307 0.010414
400 1026 307 0.010409
400 1026 307 0.010431
400 1026 307 0.009924
400 1026 307 0.009920
400 1026 307 0.010148
400 1026 307 0.010176
400 1026 307 0.010063
400 1026 307 0.010123
400 1026 307 0.009936
400 1026 307 0.010321
400 1026 307 0.009889
400 1026 307 0.010198
400 1026 307 0.010328
400 1026 307 0.010189
400 1026 307 0.009954
400 1026 307 0.010912
400 1026 307 0.011247
400 1026 307 0.010561
400 1026 307 0.010815
400 1026 307 0.011400
400 1026 307 0.010500
400 1026 307 0.011350
400 1026 307 0.010174
400 1026 307 0.010127
400 1026 307 0.010696
400 1026 307 0.010389
400 1026 307 0.010462
400 1026 307 0.010619
400 1026 307 0.010158
400 1026 307 0.010479
400 1026 307 0.010401
400 1026 307 0.010283
400 1026 307 0.010079
400 1026 307 0.010242
400 1026 307 0.010612
400 1026 307 0.011192
400 1026 307 0.010275
400 1026 307 0.010433
400 1026 307 0.010786
400 1026 307 0.010605
400 1026 307 0.010539
400 1026 307 0.012236
400 1026 307 0.010639
400 1026 307 0.010224
400 1026 307 0.010182
400 1026 307 0.010834
400 1026 307 0.010416
400 1026 307 0.011102
400 1026 307 0.011252
400 1026 307 0.010291
400 1026 307 0.010317
400 1026 307 0.010331
400 1026 307 0.010509
400 1026 307 0.010477
400 1026 307 0.010471
400 1026 307 0.011334
400 1026 307 0.010261
400 1026 307 0.010636
400 1026 307 0.010287
400 1026 307 0.012617
400 1026 307 0.010438
400 1026 307 0.011035
400 1026 307 0.012250
400 1026 307 0.010479
400 1026 307 0.011109
400 1026 307 0.011272
400 1026 307 0.011016
400 1026 307 0.010460
400 1026 307 0.010885
400 1026 307 0.010567
400 1026 307 0.010575
400 1026 307 0.010306
400 1026 307 0.010547
400 1026 307 0.010443
400 1026 307 0.010328
400 1026 307 0.010113
400 1026 307 0.011987
400 1026 307 0.010066
400 1026 307 0.009988
400 1026 307 0.009936
400 1026 307 0.009938
400 1026 307 0.010074
400 1026 307 0.010051
400 1026 307 0.010344
400 1026 307 0.010270
400 1026 307 0.010306
400 1026 307 0.010590
400 1026 307 0.010761
400 1026 307 0.010941
400 1026 307 0.011179
400 1026 307 0.010019
400 1026 307 0.010276
400 1026 307 0.010256
400 1026 307 0.009952
400 1026 307 0.010247
400 1026 307 0.010447
400 1026 307 0.010160
400 1026 307 0.010488
400 1026 307 0.010747
400 1026 307 0.010948
400 1026 307 0.010360
400 1026 307 0.010350
400 1026 307 0.010406
400 1026 307 0.010926
400 1026 307 0.009987
400 1026 307 0.010489
400 1026 307 0.010708
400 1026 307 0.010424
400 1026 307 0.010943
400 1026 307 0.012708
400 1026 307 0.010199
400 1026 307 0.010197
400 1026 307 0.010063
400 1026 307 0.010206
400 1026 307 0.010070
400 1026 307 0.010999
400 1026 307 0.010173
400 1026 307 0.010196
400 1026 307 0.010247
400 1026 307 0.010805
400 1026 307 0.011025
400 1026 307 0.010384
400 1026 307 0.010530
400 1026 307 0.010345
400 1026 307 0.010540
400 1026 307 0.010572
400 1026 307 0.010593
400 1026 307 0.010243
400 1026 307 0.010124
400 1026 307 0.010086
400 1026 307 0.011093
400 1026 307 0.012022
400 1026 307 0.012537
400 1026 307 0.010264
400 1026 307 0.010344
400 1026 307 0.009988
400 1026 307 0.009951
400 1026 307 0.010209
400 1026 307 0.010555
400 1026 307 0.010366
400 1026 307 0.010282
400 1026 307 0.009791
400 1026 307 0.010064
400 1026 307 0.010147
400 1026 307 0.010668
400 1026 307 0.010736
400 1026 307 0.010211
400 1026 307 0.010021
400 1026 307 0.010610
400 1026 307 0.010191
400 1026 307 0.010011
400 1026 307 0.010039
400 1026 307 0.010336
400 1026 307 0.010235
400 1026 307 0.010599
400 1026 307 0.010180
400 1026 307 0.010432
400 1026 307 0.010985
400 1026 307 0.010840
400 1026 307 0.010608
400 1026 307 0.010039
400 1026 307 0.010464
400 1026 307 0.010427
400 1026 307 0.012205
400 1026 307 0.010125
400 1026 307 0.010357
400 1026 307 0.010074
400 1026 307 0.010164
400 1026 307 0.010819
400 1026 307 0.012786
400 1026 307 0.010746
400 1026 307 0.009990
400 1026 307 0.010182
400 1026 307 0.010282
400 1026 307 0.010262
400 1026 307 0.010091
400 1026 307 0.009960
400 1026 307 0.010533
400 1026 307 0.010124
400 1026 307 0.009826
400 1026 307 0.012459
400 1026 307 0.010140
400 1026 307 0.010304
400 1026 307 0.012727
400 1026 307 0.010176
400 1026 307 0.010324
400 1026 307 0.010381
400 1026 307 0.009938
400 1026 307 0.009824
400 1026 307 0.009960
400 1026 307 0.009814
400 1026 307 0.011901
400 1026 307 0.010314
400 1026 307 0.010222
400 1026 307 0.009939
400 1026 307 0.010507
400 1026 307 0.010368
400 1026 307 0.010084
400 1026 307 0.010778
400 1026 307 0.011107
400 1026 307 0.010369
400 1026 307 0.010308
400 1026 307 0.009917
400 1026 307 0.009817
400 1026 307 0.010088
400 1026 307 0.009948
400 1026 307 0.010389
400 1026 307 0.010045
400 1026 307 0.010029
400 1026 307 0.009920
400 1026 307 0.010337
400 1026 307 0.010173
400 1026 307 0.010106
400 1026 307 0.010379
400 1026 307 0.010058
500 1340 402 0.019364
500 1340 402 0.017526
500 1340 402 0.017194
500 1340 402 0.017043
500 1340 402 0.016796
500 1340 402 0.016215
500 1340 402 0.016251
500 1340 402 0.016289
500 1340 402 0.018407
500 1340 402 0.017445
500 1340 402 0.017146
500 1340 402 0.018843
500 1340 402 0.017194
500 1340 402 0.017389
500 1340 402 0.017198
500 1340 402 0.017119
500 1340 402 0.016730
500 1340 402 0.016810
500 1340 402 0.016505
500 1340 402 0.017356
500 1340 402 0.017222
500 1340 402 0.018515
500 1340 402 0.018480
500 1340 402 0.017409
500 1340 402 0.017106
500 1340 402 0.017264
500 1340 402 0.016903
500 1340 402 0.018314
500 1340 402 0.016841
500 1340 402 0.018727
500 1340 402 0.016731
500 1340 402 0.016573
500 1340 402 0.017637
500 1340 402 0.019573
500 1340 402 0.019267
500 1340 402 0.018202
500 1340 402 0.017446
500 1340 402 0.018111
500 1340 402 0.017294
500 1340 402 0.016740
500 1340 402 0.017711
500 1340 402 0.016518
500 1340 402 0.016942
500 1340 402 0.017397
500 1340 402 0.017182
500 1340 402 0.019452
500 1340 402 0.017545
500 1340 402 0.017187
500 1340 402 0.016475
500 1340 402 0.016635
500 1340 402 0.016654
500 1340 402 0.019485
500 1340 402 0.016454
500 1340 402 0.019110
500 1340 402 0.017086
500 1340 402 0.017928
500 1340 402 0.017696
500 1340 402 0.018749
500 1340 402 0.016349
500 1340 402 0.016349
500 1340 402 0.016872
500 1340 402 0.019203
500 1340 402 0.017325
500 1340 402 0.016931
500 1340 402 0.020083
500 1340 402 0.019191
500 1340 402 0.019071
500 1340 402 0.016540
500 1340 402 0.019722
500 1340 402 0.017500
500 1340 402 0.017112
500 1340 402 0.018906
500 1340 402 0.018610
500 1340 402 0.016684
500 1340 402 0.016374
500 1340 402 0.017759
500 1340 402 0.017908
500 1340 402 0.017014
500 1340 402 0.017465
500 1340 402 0.016895
500 1340 402 0.016385
500 1340 402 0.017414
500 1340 402 0.018896
500 1340 402 0.016575
500 1340 402 0.016389
500 1340 402 0.016823
500 1340 402 0.016930
500 1340 402 0.016435
500 1340 402 0.016459
500 1340 402 0.016265
500 1340 402 0.017070
500 1340 402 0.016496
500 1340 402 0.017522
500 1340 402 0.016819
500 1340 402 0.017527
500 1340 402 0.017697
500 1340 402 0.017287
500 1340 402 0.016659
500 1340 402 0.016437
500 1340 402 0.017085
500 1340 402 0.017130
500 1340 402 0.017131
500 1340 402 0.016929
500 1340 402 0.017271
500 1340 402 0.018441
500 1340 402 0.016723
500 1340 402 0.019181
500 1340 402 0.017640
500 1340 402 0.019455
500 1340 402 0.019486
500 1340 402 0.017252
500 1340 402 0.017389
500 1340 402 0.017483
500 1340 402 0.018771
500 1340 402 0.017703
500 1340 402 0.017758
500 1340 402 0.018377
500 1340 402 0.019662
500 1340 402 0.016518
500 1340 402 0.017288
500 1340 402 0.018274
500 1340 402 0.019337
500 1340 402 0.017684
500 1340 402 0.018927
500 1340 402 0.017682
500 1340 402 0.016539
500 1340 402 0.016865
500 1340 402 0.018484
500 1340 402 0.019146
500 1340 402 0.017238
500 1340 402 0.017274
500 1340 402 0.017900
500 1340 402 0.019904
500 1340 402 0.018463
500 1340 402 0.016779
500 1340 402 0.018054
500 1340 402 0.017876
500 1340 402 0.017402
500 1340 402 0.016864
500 1340 402 0.017523
500 1340 402 0.018294
500 1340 402 0.016786
500 1340 402 0.016700
500 1340 402 0.016487
500 1340 402 0.016839
500 1340 402 0.019788
500 1340 402 0.020516
500 1340 402 0.019498
500 1340 402 0.018296
500 1340 402 0.016860
500 1340 402 0.017682
500 1340 402 0.017711
500 1340 402 0.018392
500 1340 402 0.017017
500 1340 402 0.016456
500 1340 402 0.017120
500 1340 402 0.017126
500 1340 402 0.017882
500 1340 402 0.017333
500 1340 402 0.018835
500 1340 402 0.018628
500 1340 402 0.018276
500 1340 402 0.019777
500 1340 402 0.018270
500 1340 402 0.017049
500 1340 402 0.019204
500 1340 402 0.016332
500 1340 402 0.017198
500 1340 402 0.016796
500 1340 402 0.017349
500 1340 402 0.016635
500 1340 402 0.019082
500 1340 402 0.017121
500 1340 402 0.018521
500 1340 402 0.018579
500 1340 402 0.016625
500 1340 402 0.016735
500 1340 402 0.016508
500 1340 402 0.016533
500 1340 402 0.016975
500 1340 402 0.018256
500 1340 402 0.017441
500 1340 402 0.017312
500 1340 402 0.018371
500 1340 402 0.018870
500 1340 402 0.017301
500 1340 402 0.016685
500 1340 402 0.017148
500 1340 402 0.017301
500 1340 402 0.018868
500 1340 402 0.018068
500 1340 402 0.019483
500 1340 402 0.016567
500 1340 402 0.018790
500 1340 402 0.017134
500 1340 402 0.016315
500 1340 402 0.017237
500 1340 402 0.015938
500 1340 402 0.016009
500 1340 402 0.019304
500 1340 402 0.017943
500 1340 402 0.018265
500 1340 402 0.017239
500 1340 402 0.017535
500 1340 402 0.017214
500 1340 402 0.017075
500 1340 402 0.018054
500 1340 402 0.018850
500 1340 402 0.017335
500 1340 402 0.017856
500 1340 402 0.016775
500 1340 402 0.016828
500 1340 402 0.016753
500 1340 402 0.016818
500 1340 402 0.018575
500 1340 402 0.017049
500 1340 402 0.018564
500 1340 402 0.017232
500 1340 402 0.017393
500 1340 402 0.018418
500 1340 402 0.019160
500 1340 402 0.017645
500 1340 402 0.017072
500 1340 402 0.018418
500 1340 402 0.016983
500 1340 402 0.019638
500 1340 402 0.017592
500 1340 402 0.018979
500 1340 402 0.018675
500 1340 402 0.016873
500 1340 402 0.018043
500 1340 402 0.017049
500 1340 402 0.018694
500 1340 402 0.017136
500 1340 402 0.020339
500 1340 402 0.019008
500 1340 402 0.018523
500 1340 402 0.017001
500 1340 402 0.018974
500 1340 402 0.017025
500 1340 402 0.017834
500 1340 402 0.018468
500 1340 402 0.018010
500 1340 402 0.016898
500 1340 402 0.018929
500 1340 402 0.018074
500 1340 402 0.017503
500 1340 402 0.019063
500 1340 402 0.017311
500 1340 402 0.017561
500 1340 402 0.017701
500 1340 402 0.017998
500 1340 402 0.018246
500 1340 402 0.016872
500 1340 402 0.017365
500 1340 402 0.018820
500 1340 402 0.018444
500 1340 402 0.017387
500 1340 402 0.017235
500 1340 402 0.016736
500 1340 402 0.016658
500 1340 402 0.018525
500 1340 402 0.020197
500 1340 402 0.017752
500 1340 402 0.017038
500 1340 402 0.017721
500 1340 402 0.019722
500 1340 402 0.016996
500 1340 402 0.018866
500 1340 402 0.017887
500 1340 402 0.017076
500 1340 402 0.016959
500 1340 402 0.018314
500 1340 402 0.019323
500 1340 402 0.017544
500 1340 402 0.018322
500 1340 402 0.017023
500 1340 402 0.016896
500 1340 402 0.017240
500 1340 402 0.016741
500 1340 402 0.016724
500 1340 402 0.017782
500 1340 402 0.017690
500 1340 402 0.018106
500 1340 402 0.017883
500 1340 402 0.018211
500 1340 402 0.019115
500 1340 402 0.018020
500 1340 402 0.019305
500 1340 402 0.016589
500 1340 402 0.017098
500 1340 402 0.017140
500 1340 402 0.017882
500 1340 402 0.018843
500 1340 402 0.017612
500 1340 402 0.017340
500 1340 402 0.017405
500 1340 402 0.018024
500 1340 402 0.018620
500 1340 402 0.017422
600 1663 498 0.026377
600 1663 498 0.025220
600 1663 498 0.027265
600 1663 498 0.025599
600 1663 498 0.027630
600 1663 498 0.025447
600 1663 498 0.026725
600 1663 498 0.024583
600 1663 498 0.027376
600 1663 498 0.027789
600 1663 498 0.024835
600 1663 498 0.027162
600 1663 498 0.026462
600 1663 498 0.027033
600 1663 498 0.028832
600 1663 498 0.028152
600 1663 498 0.026960
600 1663 498 0.025580
600 1663 498 0.026819
600 1663 498 0.028083
600 1663 498 0.026231
600 1663 498 0.026903
600 1663 498 0.027288
600 1663 498 0.026715
600 1663 498 0.027640
600 1663 498 0.025192
600 1663 498 0.026524
600 1663 498 0.025809
600 1663 498 0.025658
600 1663 498 0.026601
600 1663 498 0.025441
600 1663 498 0.029229
600 1663 498 0.026257
600 1663 498 0.026232
600 1663 498 0.028199
600 1663 498 0.024732
600 1663 498 0.025857
600 1663 498 0.024974
600 1663 498 0.027273
600 1663 498 0.025898
600 1663 498 0.026829
600 1663 498 0.025465
600 1663 498 0.024731
600 1663 498 0.024758
600 1663 498 0.025626
600 1663 498 0.027277
600 1663 498 0.025658
600 1663 498 0.026992
600 1663 498 0.027015
600 1663 498 0.025311
600 1663 498 0.024875
600 1663 498 0.025740
600 1663 498 0.028487
600 1663 498 0.025297
600 1663 498 0.027971
600 1663 498 0.026737
600 1663 498 0.026419
600 1663 498 0.028482
600 1663 498 0.027559
600 1663 498 0.028666
600 1663 498 0.026840
600 1663 498 0.024969
600 1663 498 0.024955
600 1663 498 0.024671
600 1663 498 0.026232
600 1663 498 0.026556
600 1663 498 0.028135
600 1663 498 0.025378
600 1663 498 0.026126
600 1663 498 0.027013
600 1663 498 0.025825
600 1663 498 0.025618
600 1663 498 0.026026
600 1663 498 0.025255
600 1663 498 0.027009
600 1663 498 0.027540
600 1663 498 0.027987
600 1663 498 0.024336
600 1663 498 0.025394
600 1663 498 0.024728
600 1663 498 0.024714
600 1663 498 0.026559
600 1663 498 0.025201
600 1663 498 0.026041
600 1663 498 0.026072
600 1663 498 0.026731
600 1663 498 0.027511
600 1663 498 0.027058
600 1663 498 0.024527
600 1663 498 0.026101
600 1663 498 0.026499
600 1663 498 0.027098
600 1663 498 0.026350
600 1663 498 0.025955
600 1663 498 0.024932
600 1663 498 0.025260
600 1663 498 0.026766
600 1663 498 0.028514
600 1663 498 0.025799
600 1663 498 0.024326
600 1663 498 0.026287
600 1663 498 0.026592
600 1663 498 0.026284
600 1663 498 0.026450
600 1663 498 0.027827
600 1663 498 0.025351
600 1663 498 0.026668
600 1663 498 0.025304
600 1663 498 0.026097
600 1663 498 0.025374
600 1663 498 0.027105
600 1663 498 0.026716
600 1663 498 0.026898
600 1663 498 0.026593
600 1663 498 0.027744
600 1663 498 0.025348
600 1663 498 0.025263
600 1663 498 0.024938
600 1663 498 0.027244
600 1663 498 0.026623
600 1663 498 0.026320
600 1663 498 0.027280
600 1663 498 0.027136
600 1663 498 0.026248
600 1663 498 0.025565
600 1663 498 0.026500
600 1663 498 0.026369
600 1663 498 0.025769
600 1663 498 0.024430
600 1663 498 0.025697
600 1663 498 0.027173
600 1663 498 0.026468
600 1663 498 0.024804
600 1663 498 0.025954
600 1663 498 0.024900
600 1663 498 0.025883
600 1663 498 0.025293
600 1663 498 0.026083
600 1663 498 0.025370
600 1663 498 0.025667
600 1663 498 0.026786
600 1663 498 0.026828
600 1663 498 0.028101
600 1663 498 0.026149
600 1663 498 0.027558
600 1663 498 0.026712
600 1663 498 0.027003
600 1663 498 0.027165
600 1663 498 0.026482
600 1663 498 0.025918
600 1663 498 0.025620
600 1663 498 0.027298
600 1663 498 0.026735
600 1663 498 0.026045
600 1663 498 0.027514
600 1663 498 0.024662
600 1663 498 0.025155
600 1663 498 0.025968
600 1663 498 0.024597
600 1663 498 0.026542
600 1663 498 0.024813
600 1663 498 0.024577
600 1663 498 0.025678
600 1663 498 0.026113
600 1663 498 0.025631
600 1663 498 0.025899
600 1663 498 0.026315
600 1663 498 0.026503
600 1663 498 0.025848
600 1663 498 0.026186
600 1663 498 0.026818
600 1663 498 0.025390
600 1663 498 0.027765
600 1663 498 0.025338
600 1663 498 0.027440
600 1663 498 0.027202
600 1663 498 0.026720
600 1663 498 0.024585
600 1663 498 0.027158
600 1663 498 0.026828
600 1663 498 0.025398
600 1663 498 0.028163
600 1663 498 0.024969
600 1663 498 0.026955
600 1663 498 0.026422
600 1663 498 0.027830
600 1663 498 0.025365
600 1663 498 0.027276
600 1663 498 0.024767
600 1663 498 0.025410
600 1663 498 0.025941
600 1663 498 0.027242
600 1663 498 0.026172
600 1663 498 0.025247
600 1663 498 0.029948
600 1663 498 0.026521
600 1663 498 0.027950
600 1663 498 0.028830
600 1663 498 0.028316
600 1663 498 0.024541
600 1663 498 0.026532
600 1663 498 0.028963
600 1663 498 0.027640
600 1663 498 0.026138
600 1663 498 0.026122
600 1663 498 0.025846
600 1663 498 0.026519
600 1663 498 0.026670
600 1663 498 0.028164
600 1663 498 0.026795
600 1663 498 0.027592
600 1663 498 0.027420
600 1663 498 0.026001
600 1663 498 0.025253
600 1663 498 0.027546
600 1663 498 0.025283
600 1663 498 0.028852
600 1663 498 0.027217
600 1663 498 0.028459
600 1663 498 0.025507
600 1663 498 0.025868
600 1663 498 0.026537
600 1663 498 0.025000
600 1663 498 0.026394
600 1663 498 0.027936
600 1663 498 0.027252
600 1663 498 0.026175
600 1663 498 0.026774
600 1663 498 0.025597
600 1663 498 0.028202
600 1663 498 0.025660
600 1663 498 0.024745
600 1663 498 0.027563
600 1663 498 0.025965
600 1663 498 0.024713
600 1663 498 0.026777
600 1663 498 0.025361
600 1663 498 0.027946
600 1663 498 0.027865
600 1663 498 0.027883
600 1663 498 0.026502
600 1663 498 0.026428
600 1663 498 0.026688
600 1663 498 0.027167
600 1663 498 0.026748
600 1663 498 0.027958
600 1663 498 0.028089
600 1663 498 0.028014
600 1663 498 0.024830
600 1663 498 0.026063
600 1663 498 0.027134
600 1663 498 0.029060
600 1663 498 0.029258
600 1663 498 0.024932
600 1663 498 0.028933
600 1663 498 0.027344
600 1663 498 0.026707
600 1663 498 0.029619
600 1663 498 0.025581
600 1663 498 0.029030
600 1663 498 0.028766
600 1663 498 0.024927
600 1663 498 0.025950
600 1663 498 0.027556
600 1663 498 0.027606
600 1663 498 0.026113
600 1663 498 0.028968
600 1663 498 0.027923
600 1663 498 0.025549
600 1663 498 0.026115
600 1663 498 0.025143
600 1663 498 0.027607
600 1663 498 0.025767
600 1663 498 0.027141
600 1663 498 0.027989
600 1663 498 0.028824
600 1663 498 0.025870
600 1663 498 0.028724
600 1663 498 0.026289
600 1663 498 0.026371
600 1663 498 0.026744
600 1663 498 0.027454
600 1663 498 0.024265
600 1663 498 0.027198
600 1663 498 0.027666
600 1663 498 0.024034
600 1663 498 0.026379
600 1663 498 0.025572
600 1663 498 0.026584
600 1663 498 0.027327
600 1663 498 0.024695
600 1663 498 0.024508
600 1663 498 0.026412
600 1663 498 0.028522
600 1663 498 0.026091
600 1663 498 0.026633
600 1663 498 0.026138
600 1663 498 0.025359
600 1663 498 0.026538
600 1663 498 0.024900
700 1995 598 0.039122
700 1995 598 0.036228
700 1995 598 0.040313
700 1995 598 0.040380
700 1995 598 0.038175
700 1995 598 0.036536
700 1995 598 0.038674
700 1995 598 0.038225
700 1995 598 0.038821
700 1995 598 0.040033
700 1995 598 0.036610
700 1995 598 0.039798
700 1995 598 0.038956
700 1995 598 0.037828
700 1995 598 0.037019
700 1995 598 0.039060
700 1995 598 0.036916
700 1995 598 0.039434
700 1995 598 0.036001
700 1995 598 0.035874
700 1995 598 0.038994
700 1995 598 0.039879
700 1995 598 0.037614
700 1995 598 0.037757
700 1995 598 0.038248
700 1995 598 0.036706
700 1995 598 0.035564
700 1995 598 0.036075
700 1995 598 0.039365
700 1995 598 0.036495
700 1995 598 0.040656
700 1995 598 0.039704
700 1995 598 0.038079
700 1995 598 0.034755
700 1995 598 0.035753
700 1995 598 0.039258
700 1995 598 0.039794
700 1995 598 0.035333
700 1995 598 0.034791
700 1995 598 0.036580
700 1995 598 0.035982
700 1995 598 0.035677
700 1995 598 0.039054
700 1995 598 0.039541
700 1995 598 0.035631
700 1995 598 0.039125
700 1995 598 0.039390
700 1995 598 0.038143
700 1995 598 0.036154
700 1995 598 0.034974
700 1995 598 0.038159
700 1995 598 0.036630
700 1995 598 0.036097
700 1995 598 0.035253
700 1995 598 0.034667
700 1995 598 0.036583
700 1995 598 0.036561
700 1995 598 0.035035
700 1995 598 0.037671
700 1995 598 0.037636
700 1995 598 0.037920
700 1995 598 0.036975
700 1995 598 0.038944
700 1995 598 0.041549
700 1995 598 0.038961
700 1995 598 0.035595
700 1995 598 0.036853
700 1995 598 0.035682
700 1995 598 0.037078
700 1995 598 0.037725
700 1995 598 0.034735
700 1995 598 0.037667
700 1995 598 0.037434
700 1995 598 0.036496
700 1995 598 0.039134
700 1995 598 0.037348
700 1995 598 0.034985
700 1995 598 0.037984
700 1995 598 0.038041
700 1995 598 0.037928
700 1995 598 0.036818
700 1995 598 0.039730
700 1995 598 0.037744
700 1995 598 0.038537
700 1995 598 0.036736
700 1995 598 0.037378
700 1995 598 0.036986
700 1995 598 0.037607
700 1995 598 0.035309
700 1995 598 0.035396
700 1995 598 0.038098
700 1995 598 0.036464
700 1995 598 0.038412
700 1995 598 0.036477
700 1995 598 0.038101
700 1995 598 0.037773
700 1995 598 0.036317
700 1995 598 0.036926
700 1995 598 0.037191
700 1995 598 0.036080
700 1995 598 0.038418
700 1995 598 0.038042
700 1995 598 0.040913
700 1995 598 0.035279
700 1995 598 0.037404
700 1995 598 0.035572
700 1995 598 0.037939
700 1995 598 0.036035
700 1995 598 0.039405
700 1995 598 0.038374
700 1995 598 0.035030
700 1995 598 0.037818
700 1995 598 0.036664
700 1995 598 0.037780
700 1995 598 0.039682
700 1995 598 0.038409
700 1995 598 0.037127
700 1995 598 0.038980
700 1995 598 0.037283
700 1995 598 0.035695
700 1995 598 0.037815
700 1995 598 0.036034
700 1995 598 0.038244
700 1995 598 0.036493
700 1995 598 0.035768
700 1995 598 0.039631
700 1995 598 0.038695
700 1995 598 0.038353
700 1995 598 0.038089
700 1995 598 0.036568
700 1995 598 0.039894
700 1995 598 0.038231
700 1995 598 0.037964
700 1995 598 0.037980
700 1995 598 0.035741
700 1995 598 0.036414
700 1995 598 0.037127
700 1995 598 0.035338
700 1995 598 0.034906
700 1995 598 0.037505
700 1995 598 0.036721
700 1995 598 0.035861
700 1995 598 0.035025
700 1995 598 0.038919
700 1995 598 0.039771
700 1995 598 0.036322
700 1995 598 0.037384
700 1995 598 0.040736
700 1995 598 0.037662
700 1995 598 0.037017
700 1995 598 0.037095
700 1995 598 0.040713
700 1995 598 0.035914
700 1995 598 0.037300
700 1995 598 0.036980
700 1995 598 0.037834
700 1995 598 0.036602
700 1995 598 0.035202
700 1995 598 0.038015
700 1995 598 0.038797
700 1995 598 0.034755
700 1995 598 0.038286
700 1995 598 0.036133
700 1995 598 0.038061
700 1995 598 0.035826
700 1995 598 0.036680
700 1995 598 0.037058
700 1995 598 0.036114
700 1995 598 0.035944
700 1995 598 0.040151
700 1995 598 0.038436
700 1995 598 0.036780
700 1995 598 0.037246
700 1995 598 0.037440
700 1995 598 0.037272
700 1995 598 0.036003
700 1995 598 0.036911
700 1995 598 0.037676
700 1995 598 0.039822
700 1995 598 0.038404
700 1995 598 0.036470
700 1995 598 0.036701
700 1995 598 0.037718
700 1995 598 0.038342
700 1995 598 0.037953
700 1995 598 0.035728
700 1995 598 0.036431
700 1995 598 0.037450
700 1995 598 0.035535
700 1995 598 0.038105
700 1995 598 0.036429
700 1995 598 0.037588
700 1995 598 0.034808
700 1995 598 0.036886
700 1995 598 0.037886
700 1995 598 0.035480
700 1995 598 0.034916
700 1995 598 0.039364
700 1995 598 0.040405
700 1995 598 0.035610
700 1995 598 0.037597
700 1995 598 0.037335
700 1995 598 0.038104
700 1995 598 0.041513
700 1995 598 0.036488
700 1995 598 0.036713
700 1995 598 0.037488
700 1995 598 0.036834
700 1995 598 0.036865
700 1995 598 0.039211
700 1995 598 0.036152
700 1995 598 0.036182
700 1995 598 0.038051
700 1995 598 0.037202
700 1995 598 0.039505
700 1995 598 0.037312
700 1995 598 0.038586
700 1995 598 0.036265
700 1995 598 0.036552
700 1995 598 0.036273
700 1995 598 0.036854
700 1995 598 0.036399
700 1995 598 0.038873
700 1995 598 0.035047
700 1995 598 0.036842
700 1995 598 0.036226
700 1995 598 0.037615
700 1995 598 0.037471
700 1995 598 0.038136
700 1995 598 0.037475
700 1995 598 0.035256
700 1995 598 0.038998
700 1995 598 0.035645
700 1995 598 0.037029
700 1995 598 0.037752
700 1995 598 0.036934
700 1995 598 0.036527
700 1995 598 0.036629
700 1995 598 0.038059
700 1995 598 0.036137
700 1995 598 0.035541
700 1995 598 0.037505
700 1995 598 0.036550
700 1995 598 0.039424
700 1995 598 0.035300
700 1995 598 0.042019
700 1995 598 0.036635
700 1995 598 0.039846
700 1995 598 0.039861
700 1995 598 0.037605
700 1995 598 0.036289
700 1995 598 0.036246
700 1995 598 0.038732
700 1995 598 0.039355
700 1995 598 0.036745
700 1995 598 0.036019
700 1995 598 0.038074
700 1995 598 0.037562
700 1995 598 0.036348
700 1995 598 0.036632
700 1995 598 0.035294
700 1995 598 0.038051
700 1995 598 0.035788
700 1995 598 0.038239
700 1995 598 0.034762
700 1995 598 0.037003
700 1995 598 0.038323
700 1995 598 0.036137
700 1995 598 0.036157
700 1995 598 0.035072
700 1995 598 0.037411
700 1995 598 0.035069
700 1995 598 0.035528
700 1995 598 0.037245
700 1995 598 0.039899
700 1995 598 0.035182
700 1995 598 0.037305
700 1995 598 0.036944
700 1995 598 0.036016
700 1995 598 0.037260
700 1995 598 0.034430
700 1995 598 0.037759
700 1995 598 0.035323
700 1995 598 0.036257
700 1995 598 0.037477
700 1995 598 0.038359
700 1995 598 0.035112
700 1995 598 0.034763
700 1995 598 0.037657
700 1995 598 0.036209
700 1995 598 0.037511
700 1995 598 0.037948
700 1995 598 0.035032
700 1995 598 0.036786
700 1995 598 0.038109
700 1995 598 0.035004
700 1995 598 0.036225
700 1995 598 0.037330
700 1995 598 0.034652
700 1995 598 0.036088
800 2334 700 0.052321
800 2334 700 0.047548
800 2334 700 0.048879
800 2334 700 0.051703
800 2334 700 0.054342
800 2334 700 0.050670
800 2334 700 0.054246
800 2334 700 0.053859
800 2334 700 0.050024
800 2334 700 0.052946
800 2334 700 0.050459
800 2334 700 0.054003
800 2334 700 0.049319
800 2334 700 0.047489
800 2334 700 0.052829
800 2334 700 0.052162
800 2334 700 0.053981
800 2334 700 0.047841
800 2334 700 0.050931
800 2334 700 0.049374
800 2334 700 0.051195
800 2334 700 0.054123
800 2334 700 0.053535
800 2334 700 0.049752
800 2334 700 0.052737
800 2334 700 0.055607
800 2334 700 0.053782
800 2334 700 0.054062
800 2334 700 0.052446
800 2334 700 0.051761
800 2334 700 0.053348
800 2334 700 0.048722
800 2334 700 0.049864
800 2334 700 0.051887
800 2334 700 0.053616
800 2334 700 0.049955
800 2334 700 0.053828
800 2334 700 0.051388
800 2334 700 0.050720
800 2334 700 0.051778
800 2334 700 0.049432
800 2334 700 0.053420
800 2334 700 0.052051
800 2334 700 0.052862
800 2334 700 0.047503
800 2334 700 0.049847
800 2334 700 0.052367
800 2334 700 0.048700
800 2334 700 0.053787
800 2334 700 0.055267
800 2334 700 0.053847
800 2334 700 0.049132
800 2334 700 0.051647
800 2334 700 0.051560
800 2334 700 0.050529
800 2334 700 0.056507
800 2334 700 0.054904
800 2334 700 0.052975
800 2334 700 0.049121
800 2334 700 0.047362
800 2334 700 0.050418
800 2334 700 0.049244
800 2334 700 0.050853
800 2334 700 0.051372
800 2334 700 0.051291
800 2334 700 0.055076
800 2334 700 0.050016
800 2334 700 0.054538
800 2334 700 0.051604
800 2334 700 0.051578
800 2334 700 0.052508
800 2334 700 0.051662
800 2334 700 0.050899
800 2334 700 0.050625
800 2334 700 0.049732
800 2334 700 0.048057
800 2334 700 0.048119
800 2334 700 0.048993
800 2334 700 0.049160
800 2334 700 0.050197
800 2334 700 0.053298
800 2334 700 0.051103
800 2334 700 0.049239
800 2334 700 0.050255
800 2334 700 0.049508
800 2334 700 0.048078
800 2334 700 0.048610
800 2334 700 0.051730
800 2334 700 0.053853
800 2334 700 0.052244
800 2334 700 0.050288
800 2334 700 0.048740
800 2334 700 0.051764
800 2334 700 0.049224
800 2334 700 0.047931
800 2334 700 0.050595
800 2334 700 0.051798
800 2334 700 0.050553
800 2334 700 0.050183
800 2334 700 0.055336
800 2334 700 0.047917
800 2334 700 0.049573
800 2334 700 0.050519
800 2334 700 0.054184
800 2334 700 0.051355
800 2334 700 0.051151
800 2334 700 0.051827
800 2334 700 0.054390
800 2334 700 0.051462
800 2334 700 0.049947
800 2334 700 0.048164
800 2334 700 0.048810
800 2334 700 0.052169
800 2334 700 0.047205
800 2334 700 0.057856
800 2334 700 0.050626
800 2334 700 0.051192
800 2334 700 0.051682
800 2334 700 0.054118
800 2334 700 0.057303
800 2334 700 0.051433
800 2334 700 0.051302
800 2334 700 0.052295
800 2334 700 0.051606
800 2334 700 0.051693
800 2334 700 0.054289
800 2334 700 0.055320
800 2334 700 0.052268
800 2334 700 0.050987
800 2334 700 0.054805
800 2334 700 0.047549
800 2334 700 0.051354
800 2334 700 0.047806
800 2334 700 0.054932
800 2334 700 0.049614
800 2334 700 0.054301
800 2334 700 0.049403
800 2334 700 0.053392
800 2334 700 0.048444
800 2334 700 0.047645
800 2334 700 0.050325
800 2334 700 0.052129
800 2334 700 0.049721
800 2334 700 0.054841
800 2334 700 0.056986
800 2334 700 0.053858
800 2334 700 0.049291
800 2334 700 0.049441
800 2334 700 0.051965
800 2334 700 0.053384
800 2334 700 0.050480
800 2334 700 0.054265
800 2334 700 0.046422
800 2334 700 0.051385
800 2334 700 0.054793
800 2334 700 0.048919
800 2334 700 0.052020
800 2334 700 0.050490
800 2334 700 0.049122
800 2334 700 0.053487
800 2334 700 0.050360
800 2334 700 0.050836
800 2334 700 0.048699
800 2334 700 0.049986
800 2334 700 0.049975
800 2334 700 0.053110
800 2334 700 0.049705
800 2334 700 0.057642
800 2334 700 0.055000
800 2334 700 0.051873
800 2334 700 0.047994
800 2334 700 0.049976
800 2334 700 0.047345
800 2334 700 0.049567
800 2334 700 0.048901
800 2334 700 0.051358
800 2334 700 0.047640
800 2334 700 0.047808
800 2334 700 0.051553
800 2334 700 0.048084
800 2334 700 0.051890
800 2334 700 0.054161
800 2334 700 0.047095
800 2334 700 0.051008
800 2334 700 0.053514
800 2334 700 0.054298
800 2334 700 0.050977
800 2334 700 0.049207
800 2334 700 0.048663
800 2334 700 0.054584
800 2334 700 0.049560
800 2334 700 0.050880
800 2334 700 0.051719
800 2334 700 0.048840
800 2334 700 0.051033
800 2334 700 0.057883
800 2334 700 0.053266
800 2334 700 0.047627
800 2334 700 0.046472
800 2334 700 0.047336
800 2334 700 0.047702
800 2334 700 0.048899
800 2334 700 0.047028
800 2334 700 0.051199
800 2334 700 0.051966
800 2334 700 0.049491
800 2334 700 0.048720
800 2334 700 0.048290
800 2334 700 0.049845
800 2334 700 0.051938
800 2334 700 0.051797
800 2334 700 0.052895
800 2334 700 0.053142
800 2334 700 0.049913
800 2334 700 0.051493
800 2334 700 0.050596
800 2334 700 0.048214
800 2334 700 0.049812
800 2334 700 0.050627
800 2334 700 0.048753
800 2334 700 0.051468
800 2334 700 0.047102
800 2334 700 0.049725
800 2334 700 0.050230
800 2334 700 0.056397
800 2334 700 0.047765
800 2334 700 0.050045
800 2334 700 0.048984
800 2334 700 0.049647
800 2334 700 0.051238
800 2334 700 0.050821
800 2334 700 0.053061
800 2334 700 0.050499
800 2334 700 0.048621
800 2334 700 0.051197
800 2334 700 0.052282
800 2334 700 0.052740
800 2334 700 0.050812
800 2334 700 0.052738
800 2334 700 0.050957
800 2334 700 0.051160
800 2334 700 0.048856
800 2334 700 0.054230
800 2334 700 0.050650
800 2334 700 0.050390
800 2334 700 0.049752
800 2334 700 0.052201
800 2334 700 0.051813
800 2334 700 0.053245
800 2334 700 0.049216
800 2334 700 0.054335
800 2334 700 0.048253
800 2334 700 0.048866
800 2334 700 0.052776
800 2334 700 0.052388
800 2334 700 0.047471
800 2334 700 0.047177
800 2334 700 0.055022
800 2334 700 0.048520
800 2334 700 0.048509
800 2334 700 0.050360
800 2334 700 0.050417
800 2334 700 0.046767
800 2334 700 0.052306
800 2334 700 0.050086
800 2334 700 0.049520
800 2334 700 0.049976
800 2334 700 0.049211
800 2334 700 0.050116
800 2334 700 0.052638
800 2334 700 0.051647
800 2334 700 0.048990
800 2334 700 0.049922
800 2334 700 0.048491
800 2334 700 0.048825
800 2334 700 0.050894
800 2334 700 0.049505
800 2334 700 0.050273
800 2334 700 0.054892
800 2334 700 0.049226
800 2334 700 0.050523
800 2334 700 0.053446
800 2334 700 0.053754
800 2334 700 0.050579
800 2334 700 0.047701
800 2334 700 0.049033
800 2334 700 0.052076
800 2334 700 0.048041
800 2334 700 0.046639
800 2334 700 0.049353
800 2334 700 0.054414
800 2334 700 0.047103
800 2334 700 0.048422
800 2334 700 0.051402
800 2334 700 0.054199
800 2334 700 0.047439
800 2334 700 0.052637
800 2334 700 0.047378
800 2334 700 0.052197
800 2334 700 0.055000
900 2680 804 0.064148
900 2680 804 0.061658
900 2680 804 0.063602
900 2680 804 0.067505
900 2680 804 0.072072
900 2680 804 0.068174
900 2680 804 0.061953
900 2680 804 0.068432
900 2680 804 0.068435
900 2680 804 0.068072
900 2680 804 0.066939
900 2680 804 0.064918
900 2680 804 0.066631
900 2680 804 0.059968
900 2680 804 0.063313
900 2680 804 0.063316
900 2680 804 0.066442
900 2680 804 0.073707
900 2680 804 0.064179
900 2680 804 0.061852
900 2680 804 0.071474
900 2680 804 0.066157
900 2680 804 0.069088
900 2680 804 0.071928
900 2680 804 0.064923
900 2680 804 0.061751
900 2680 804 0.062998
900 2680 804 0.065750
900 2680 804 0.070646
900 2680 804 0.070763
900 2680 804 0.065791
900 2680 804 0.061834
900 2680 804 0.067412
900 2680 804 0.063363
900 2680 804 0.065673
900 2680 804 0.069673
900 2680 804 0.067301
900 2680 804 0.063801
900 2680 804 0.072136
900 2680 804 0.065407
900 2680 804 0.067694
900 2680 804 0.065194
900 2680 804 0.068721
900 2680 804 0.068100
900 2680 804 0.069703
900 2680 804 0.071689
900 2680 804 0.062092
900 2680 804 0.068809
900 2680 804 0.069695
900 2680 804 0.060964
900 2680 804 0.069648
900 2680 804 0.062584
900 2680 804 0.064640
900 2680 804 0.071887
900 2680 804 0.063332
900 2680 804 0.072264
900 2680 804 0.073172
900 2680 804 0.069741
900 2680 804 0.069812
900 2680 804 0.067463
900 2680 804 0.063687
900 2680 804 0.060788
900 2680 804 0.073391
900 2680 804 0.068012
900 2680 804 0.063104
900 2680 804 0.061781
900 2680 804 0.064331
900 2680 804 0.064407
900 2680 804 0.070232
900 2680 804 0.067184
900 2680 804 0.070973
900 2680 804 0.066641
900 2680 804 0.067477
900 2680 804 0.066540
900 2680 804 0.069207
900 2680 804 0.064527
900 2680 804 0.073004
900 2680 804 0.068779
900 2680 804 0.064525
900 2680 804 0.061795
900 2680 804 0.066182
900 2680 804 0.064365
900 2680 804 0.071078
900 2680 804 0.066609
900 2680 804 0.063567
900 2680 804 0.063903
900 2680 804 0.061269
900 2680 804 0.063288
900 2680 804 0.069643
900 2680 804 0.068927
900 2680 804 0.065543
900 2680 804 0.068267
900 2680 804 0.070885
900 2680 804 0.062020
900 2680 804 0.063180
900 2680 804 0.061563
900 2680 804 0.069396
900 2680 804 0.067681
900 2680 804 0.065358
900 2680 804 0.068285
900 2680 804 0.063819
900 2680 804 0.076350
900 2680 804 0.065775
900 2680 804 0.069756
900 2680 804 0.072687
900 2680 804 0.067389
900 2680 804 0.064525
900 2680 804 0.071716
900 2680 804 0.067820
900 2680 804 0.061927
900 2680 804 0.063719
900 2680 804 0.070036
900 2680 804 0.070102
900 2680 804 0.062602
900 2680 804 0.068171
900 2680 804 0.074258
900 2680 804 0.073429
900 2680 804 0.071200
900 2680 804 0.062162
900 2680 804 0.066178
900 2680 804 0.067547
900 2680 804 0.071609
900 2680 804 0.070069
900 2680 804 0.069787
900 2680 804 0.068650
900 2680 804 0.069730
900 2680 804 0.064619
900 2680 804 0.069214
900 2680 804 0.067148
900 2680 804 0.066164
900 2680 804 0.067029
900 2680 804 0.065676
900 2680 804 0.065691
900 2680 804 0.073159
900 2680 804 0.065517
900 2680 804 0.066482
900 2680 804 0.069072
900 2680 804 0.064655
900 2680 804 0.064502
900 2680 804 0.070968
900 2680 804 0.068358
900 2680 804 0.065029
900 2680 804 0.068113
900 2680 804 0.072534
900 2680 804 0.066091
900 2680 804 0.068473
900 2680 804 0.071571
900 2680 804 0.071912
900 2680 804 0.062026
900 2680 804 0.068870
900 2680 804 0.070105
900 2680 804 0.072477
900 2680 804 0.071741
900 2680 804 0.064209
900 2680 804 0.064637
900 2680 804 0.065860
900 2680 804 0.061960
900 2680 804 0.067779
900 2680 804 0.071708
900 2680 804 0.073155
900 2680 804 0.068733
900 2680 804 0.068548
900 2680 804 0.064380
900 2680 804 0.071004
900 2680 804 0.064302
900 2680 804 0.067795
900 2680 804 0.067295
900 2680 804 0.067481
900 2680 804 0.071884
900 2680 804 0.071630
900 2680 804 0.072798
900 2680 804 0.069842
900 2680 804 0.066866
900 2680 804 0.063647
900 2680 804 0.064171
900 2680 804 0.072710
900 2680 804 0.070159
900 2680 804 0.063258
900 2680 804 0.071871
900 2680 804 0.066572
900 2680 804 0.071759
900 2680 804 0.064005
900 2680 804 0.067210
900 2680 804 0.066538
900 2680 804 0.070104
900 2680 804 0.063811
900 2680 804 0.067604
900 2680 804 0.062999
900 2680 804 0.071599
900 2680 804 0.067683
900 2680 804 0.075886
900 2680 804 0.074176
900 2680 804 0.063019
900 2680 804 0.073856
900 2680 804 0.073805
900 2680 804 0.068368
900 2680 804 0.069322
900 2680 804 0.071581
900 2680 804 0.061556
900 2680 804 0.063520
900 2680 804 0.064039
900 2680 804 0.065440
900 2680 804 0.066806
900 2680 804 0.070256
900 2680 804 0.063758
900 2680 804 0.064238
900 2680 804 0.062508
900 2680 804 0.065667
900 2680 804 0.072248
900 2680 804 0.071509
900 2680 804 0.065751
900 2680 804 0.071749
900 2680 804 0.071447
900 2680 804 0.067882
900 2680 804 0.069897
900 2680 804 0.060078
900 2680 804 0.067063
900 2680 804 0.063826
900 2680 804 0.068886
900 2680 804 0.063993
900 2680 804 0.066788
900 2680 804 0.070036
900 2680 804 0.067220
900 2680 804 0.069633
900 2680 804 0.061307
900 2680 804 0.067940
900 2680 804 0.071975
900 2680 804 0.072594
900 2680 804 0.069217
900 2680 804 0.068568
900 2680 804 0.067195
900 2680 804 0.072439
900 2680 804 0.067790
900 2680 804 0.068057
900 2680 804 0.061865
900 2680 804 0.076630
900 2680 804 0.063917
900 2680 804 0.065262
900 2680 804 0.066653
900 2680 804 0.074365
900 2680 804 0.067110
900 2680 804 0.075414
900 2680 804 0.065100
900 2680 804 0.063998
900 2680 804 0.068145
900 2680 804 0.066264
900 2680 804 0.063794
900 2680 804 0.072591
900 2680 804 0.066794
900 2680 804 0.061403
900 2680 804 0.062655
900 2680 804 0.065159
900 2680 804 0.063171
900 2680 804 0.067407
900 2680 804 0.066712
900 2680 804 0.071862
900 2680 804 0.064100
900 2680 804 0.067467
900 2680 804 0.065160
900 2680 804 0.063206
900 2680 804 0.067291
900 2680 804 0.068994
900 2680 804 0.063912
900 2680 804 0.063334
900 2680 804 0.069956
900 2680 804 0.066821
900 2680 804 0.064747
900 2680 804 0.073948
900 2680 804 0.070466
900 2680 804 0.072175
900 2680 804 0.068745
900 2680 804 0.074774
900 2680 804 0.073068
900 2680 804 0.067915
900 2680 804 0.066099
900 2680 804 0.072859
900 2680 804 0.064314
900 2680 804 0.062406
900 2680 804 0.074984
900 2680 804 0.064105
900 2680 804 0.063066
900 2680 804 0.067156
900 2680 804 0.073863
900 2680 804 0.075141
900 2680 804 0.066819
900 2680 804 0.071397
900 2680 804 0.067101
900 2680 804 0.069660
900 2680 804 0.065756
900 2680 804 0.064925
900 2680 804 0.076115
900 2680 804 0.066654
900 2680 804 0.067460
900 2680 804 0.070305
900 2680 804 0.067553
900 2680 804 0.067247
900 2680 804 0.077219
900 2680 804 0.069200
900 2680 804 0.064166
900 2680 804 0.070548
1000 3031 909 0.090637
1000 3031 909 0.094201
1000 3031 909 0.092279
1000 3031 909 0.091788
1000 3031 909 0.093046
1000 3031 909 0.087291
1000 3031 909 0.081492
1000 3031 909 0.092305
1000 3031 909 0.096900
1000 3031 909 0.089120
1000 3031 909 0.081332
1000 3031 909 0.085397
1000 3031 909 0.086415
1000 3031 909 0.088776
1000 3031 909 0.094720
1000 3031 909 0.092558
1000 3031 909 0.090003
1000 3031 909 0.085549
1000 3031 909 0.078797
1000 3031 909 0.089797
1000 3031 909 0.079477
1000 3031 909 0.085368
1000 3031 909 0.078112
1000 3031 909 0.076821
1000 3031 909 0.088572
1000 3031 909 0.089745
1000 3031 909 0.085101
1000 3031 909 0.079951
1000 3031 909 0.085775
1000 3031 909 0.090008
1000 3031 909 0.078656
1000 3031 909 0.083181
1000 3031 909 0.087236
1000 3031 909 0.087964
1000 3031 909 0.080740
1000 3031 909 0.087041
1000 3031 909 0.089924
1000 3031 909 0.087432
1000 3031 909 0.086532
1000 3031 909 0.076464
1000 3031 909 0.087933
1000 3031 909 0.082027
1000 3031 909 0.086924
1000 3031 909 0.086322
1000 3031 909 0.084727
1000 3031 909 0.092052
1000 3031 909 0.081562
1000 3031 909 0.091104
1000 3031 909 0.087677
1000 3031 909 0.087001
1000 3031 909 0.087758
1000 3031 909 0.079241
1000 3031 909 0.079225
1000 3031 909 0.077199
1000 3031 909 0.089944
1000 3031 909 0.087978
1000 3031 909 0.082452
1000 3031 909 0.093242
1000 3031 909 0.085702
1000 3031 909 0.087296
1000 3031 909 0.079361
1000 3031 909 0.076820
1000 3031 909 0.084157
1000 3031 909 0.090196
1000 3031 909 0.087666
1000 3031 909 0.077132
1000 3031 909 0.084242
1000 3031 909 0.082757
1000 3031 909 0.089640
1000 3031 909 0.092611
1000 3031 909 0.086033
1000 3031 909 0.080513
1000 3031 909 0.085216
1000 3031 909 0.086760
1000 3031 909 0.083825
1000 3031 909 0.089970
1000 3031 909 0.086160
1000 3031 909 0.077520
1000 3031 909 0.088128
1000 3031 909 0.090576
1000 3031 909 0.077360
1000 3031 909 0.084101
1000 3031 909 0.087128
1000 3031 909 0.086937
1000 3031 909 0.089577
1000 3031 909 0.089516
1000 3031 909 0.090023
1000 3031 909 0.088264
1000 3031 909 0.089987
1000 3031 909 0.084854
1000 3031 909 0.089417
1000 3031 909 0.089022
1000 3031 909 0.082176
1000 3031 909 0.089023
1000 3031 909 0.088563
1000 3031 909 0.088576
1000 3031 909 0.089383
1000 3031 909 0.085206
1000 3031 909 0.087272
1000 3031 909 0.084701
1000 3031 909 0.083031
1000 3031 909 0.086729
1000 3031 909 0.082206
1000 3031 909 0.077351
1000 3031 909 0.078971
1000 3031 909 0.082367
1000 3031 909 0.091018
1000 3031 909 0.083268
1000 3031 909 0.086943
1000 3031 909 0.081350
1000 3031 909 0.080655
1000 3031 909 0.082482
1000 3031 909 0.077171
1000 3031 909 0.084010
1000 3031 909 0.086693
1000 3031 909 0.085236
1000 3031 909 0.084075
1000 3031 909 0.083310
1000 3031 909 0.080141
1000 3031 909 0.080015
1000 3031 909 0.079658
1000 3031 909 0.081192
1000 3031 909 0.081228
1000 3031 909 0.086372
1000 3031 909 0.085096
1000 3031 909 0.085359
1000 3031 909 0.078784
1000 3031 909 0.077386
1000 3031 909 0.087569
1000 3031 909 0.079953
1000 3031 909 0.086058
1000 3031 909 0.080533
1000 3031 909 0.086625
1000 3031 909 0.083236
1000 3031 909 0.079860
1000 3031 909 0.081283
1000 3031 909 0.088824
1000 3031 909 0.087183
1000 3031 909 0.077763
1000 3031 909 0.085933
1000 3031 909 0.091907
1000 3031 909 0.087421
1000 3031 909 0.081347
1000 3031 909 0.088307
1000 3031 909 0.086887
1000 3031 909 0.081752
1000 3031 909 0.078314
1000 3031 909 0.078987
1000 3031 909 0.082088
1000 3031 909 0.081777
1000 3031 909 0.078948
1000 3031 909 0.085051
1000 3031 909 0.086542
1000 3031 909 0.086392
1000 3031 909 0.088971
1000 3031 909 0.084339
1000 3031 909 0.090424
1000 3031 909 0.083253
1000 3031 909 0.088091
1000 3031 909 0.084867
1000 3031 909 0.082645
1000 3031 909 0.079969
1000 3031 909 0.085515
1000 3031 909 0.087441
1000 3031 909 0.081606
1000 3031 909 0.085122
1000 3031 909 0.081279
1000 3031 909 0.079845
1000 3031 909 0.082104
1000 3031 909 0.082815
1000 3031 909 0.082155
1000 3031 909 0.090886
1000 3031 909 0.082236
1000 3031 909 0.086104
1000 3031 909 0.091134
1000 3031 909 0.078668
1000 3031 909 0.088471
1000 3031 909 0.078402
1000 3031 909 0.080083
1000 3031 909 0.081214
1000 3031 909 0.075779
1000 3031 909 0.085014
1000 3031 909 0.091997
1000 3031 909 0.080197
1000 3031 909 0.082909
1000 3031 909 0.083936
1000 3031 909 0.083172
1000 3031 909 0.080561
1000 3031 909 0.084577
1000 3031 909 0.077242
1000 3031 909 0.088412
1000 3031 909 0.080778
1000 3031 909 0.084406
1000 3031 909 0.085632
1000 3031 909 0.080286
1000 3031 909 0.088470
1000 3031 909 0.085128
1000 3031 909 0.081250
1000 3031 909 0.084544
1000 3031 909 0.081278
1000 3031 909 0.086170
1000 3031 909 0.092948
1000 3031 909 0.089270
1000 3031 909 0.089121
1000 3031 909 0.084717
1000 3031 909 0.079302
1000 3031 909 0.089538
1000 3031 909 0.091912
1000 3031 909 0.082129
1000 3031 909 0.083171
1000 3031 909 0.089497
1000 3031 909 0.081345
1000 3031 909 0.084717
1000 3031 909 0.092166
1000 3031 909 0.091178
1000 3031 909 0.084584
1000 3031 909 0.087995
1000 3031 909 0.086113
1000 3031 909 0.089625
1000 3031 909 0.087938
1000 3031 909 0.082785
1000 3031 909 0.084720
1000 3031 909 0.088917
1000 3031 909 0.077445
1000 3031 909 0.088830
1000 3031 909 0.083312
1000 3031 909 0.085828
1000 3031 909 0.088270
1000 3031 909 0.088105
1000 3031 909 0.087583
1000 3031 909 0.088105
1000 3031 909 0.089586
1000 3031 909 0.084235
1000 3031 909 0.092850
1000 3031 909 0.085624
1000 3031 909 0.083900
1000 3031 909 0.078823
1000 3031 909 0.089568
1000 3031 909 0.082390
1000 3031 909 0.078484
1000 3031 909 0.084750
1000 3031 909 0.084461
1000 3031 909 0.083331
1000 3031 909 0.089487
1000 3031 909 0.091578
1000 3031 909 0.084185
1000 3031 909 0.092118
1000 3031 909 0.088910
1000 3031 909 0.080115
1000 3031 909 0.079682
1000 3031 909 0.089195
1000 3031 909 0.082128
1000 3031 909 0.085462
1000 3031 909 0.088388
1000 3031 909 0.089058
1000 3031 909 0.088458
1000 3031 909 0.085199
1000 3031 909 0.082988
1000 3031 909 0.085384
1000 3031 909 0.083232
1000 3031 909 0.084690
1000 3031 909 0.092788
1000 3031 909 0.086880
1000 3031 909 0.076990
1000 3031 909 0.081038
1000 3031 909 0.076896
1000 3031 909 0.086598
1000 3031 909 0.082731
1000 3031 909 0.084454
1000 3031 909 0.089225
1000 3031 909 0.082471
1000 3031 909 0.091458
1000 3031 909 0.079516
1000 3031 909 0.090193
1000 3031 909 0.087449
1000 3031 909 0.088708
1000 3031 909 0.081909
1000 3031 909 0.084584
1000 3031 909 0.086116
1000 3031 909 0.089568
1000 3031 909 0.085897
1000 3031 909 0.081847
1000 3031 909 0.092290
1000 3031 909 0.088334
1000 3031 909 0.090667
1000 3031 909 0.089622
1000 3031 909 0.090808
1000 3031 909 0.082387
1000 3031 909 0.088084
1000 3031 909 0.077599
1000 3031 909 0.085337
1000 3031 909 0.089375
1000 3031 909 0.087687
1000 3031 909 0.091437
1000 3031 909 0.080284
1000 3031 909 0.083756
1000 3031 909 0.089005
1000 3031 909 0.080765
1000 3031 909 0.086528
1000 3031 909 0.091366
2000 6760 2028 0.444522
2000 6760 2028 0.448369
2000 6760 2028 0.428603
2000 6760 2028 0.438438
2000 6760 2028 0.441643
2000 6760 2028 0.444183
2000 6760 2028 0.448812
2000 6760 2028 0.443400
2000 6760 2028 0.441319
2000 6760 2028 0.433444
2000 6760 2028 0.440038
2000 6760 2028 0.436018
2000 6760 2028 0.439254
2000 6760 2028 0.432539
2000 6760 2028 0.447647
2000 6760 2028 0.428498
2000 6760 2028 0.436580
2000 6760 2028 0.435706
2000 6760 2028 0.436604
2000 6760 2028 0.440642
2000 6760 2028 0.436293
2000 6760 2028 0.436340
2000 6760 2028 0.435240
2000 6760 2028 0.435150
2000 6760 2028 0.447285
2000 6760 2028 0.441929
2000 6760 2028 0.438160
2000 6760 2028 0.432981
2000 6760 2028 0.442009
2000 6760 2028 0.446678
2000 6760 2028 0.431750
2000 6760 2028 0.443268
2000 6760 2028 0.440356
2000 6760 2028 0.450253
2000 6760 2028 0.424012
2000 6760 2028 0.443528
2000 6760 2028 0.435879
2000 6760 2028 0.435834
2000 6760 2028 0.442899
2000 6760 2028 0.436510
2000 6760 2028 0.433385
2000 6760 2028 0.431985
2000 6760 2028 0.434738
2000 6760 2028 0.442021
2000 6760 2028 0.433487
2000 6760 2028 0.430600
2000 6760 2028 0.437770
2000 6760 2028 0.434492
2000 6760 2028 0.437451
2000 6760 2028 0.428935
2000 6760 2028 0.423726
2000 6760 2028 0.440637
2000 6760 2028 0.439468
2000 6760 2028 0.436588
2000 6760 2028 0.434791
2000 6760 2028 0.434246
2000 6760 2028 0.437364
2000 6760 2028 0.432757
2000 6760 2028 0.434502
2000 6760 2028 0.441279
2000 6760 2028 0.439993
2000 6760 2028 0.443402
2000 6760 2028 0.438705
2000 6760 2028 0.441740
2000 6760 2028 0.428690
2000 6760 2028 0.417770
2000 6760 2028 0.421229
2000 6760 2028 0.433195
2000 6760 2028 0.437165
2000 6760 2028 0.430548
2000 6760 2028 0.426859
2000 6760 2028 0.442724
2000 6760 2028 0.446956
2000 6760 2028 0.432262
2000 6760 2028 0.443623
2000 6760 2028 0.440302
2000 6760 2028 0.445340
2000 6760 2028 0.431748
2000 6760 2028 0.439323
2000 6760 2028 0.441651
2000 6760 2028 0.435527
2000 6760 2028 0.443445
2000 6760 2028 0.430033
2000 6760 2028 0.437284
2000 6760 2028 0.436176
2000 6760 2028 0.442060
2000 6760 2028 0.429832
2000 6760 2028 0.431367
2000 6760 2028 0.444055
2000 6760 2028 0.425480
2000 6760 2028 0.441985
2000 6760 2028 0.438010
2000 6760 2028 0.436106
2000 6760 2028 0.441508
2000 6760 2028 0.437763
2000 6760 2028 0.438962
2000 6760 2028 0.422393
2000 6760 2028 0.431065
2000 6760 2028 0.402990
2000 6760 2028 0.433508
2000 6760 2028 0.418044
2000 6760 2028 0.423206
2000 6760 2028 0.435948
2000 6760 2028 0.435098
2000 6760 2028 0.423894
2000 6760 2028 0.430704
2000 6760 2028 0.425258
2000 6760 2028 0.435501
2000 6760 2028 0.421779
2000 6760 2028 0.434802
2000 6760 2028 0.434801
2000 6760 2028 0.435818
2000 6760 2028 0.432928
2000 6760 2028 0.431682
2000 6760 2028 0.433938
2000 6760 2028 0.439700
2000 6760 2028 0.429353
2000 6760 2028 0.431722
2000 6760 2028 0.432374
2000 6760 2028 0.436122
2000 6760 2028 0.438862
2000 6760 2028 0.432094
2000 6760 2028 0.426560
2000 6760 2028 0.436584
2000 6760 2028 0.429544
2000 6760 2028 0.436225
2000 6760 2028 0.432108
2000 6760 2028 0.427716
2000 6760 2028 0.436824
2000 6760 2028 0.433063
2000 6760 2028 0.421016
2000 6760 2028 0.428241
2000 6760 2028 0.443022
2000 6760 2028 0.431090
2000 6760 2028 0.437676
2000 6760 2028 0.440223
2000 6760 2028 0.433751
2000 6760 2028 0.427763
2000 6760 2028 0.420744
2000 6760 2028 0.432747
2000 6760 2028 0.429705
2000 6760 2028 0.433658
2000 6760 2028 0.433171
2000 6760 2028 0.434690
2000 6760 2028 0.426717
2000 6760 2028 0.434532
2000 6760 2028 0.429230
2000 6760 2028 0.436467
2000 6760 2028 0.426089
2000 6760 2028 0.431512
2000 6760 2028 0.429522
2000 6760 2028 0.435175
2000 6760 2028 0.426574
2000 6760 2028 0.423661
2000 6760 2028 0.429319
2000 6760 2028 0.438353
2000 6760 2028 0.421182
2000 6760 2028 0.420267
2000 6760 2028 0.433164
2000 6760 2028 0.433734
2000 6760 2028 0.429783
2000 6760 2028 0.436955
2000 6760 2028 0.431427
2000 6760 2028 0.428802
2000 6760 2028 0.430978
2000 6760 2028 0.416862
2000 6760 2028 0.431961
2000 6760 2028 0.437660
2000 6760 2028 0.425559
2000 6760 2028 0.438257
2000 6760 2028 0.436583
2000 6760 2028 0.432712
2000 6760 2028 0.436358
2000 6760 2028 0.424216
2000 6760 2028 0.426962
2000 6760 2028 0.430511
2000 6760 2028 0.425777
2000 6760 2028 0.433777
2000 6760 2028 0.424718
2000 6760 2028 0.429058
2000 6760 2028 0.432681
2000 6760 2028 0.428386
2000 6760 2028 0.432774
2000 6760 2028 0.432273
2000 6760 2028 0.430859
2000 6760 2028 0.423160
2000 6760 2028 0.414689
2000 6760 2028 0.423154
2000 6760 2028 0.428438
2000 6760 2028 0.434312
2000 6760 2028 0.438714
2000 6760 2028 0.430420
2000 6760 2028 0.422402
2000 6760 2028 0.432466
2000 6760 2028 0.429492
2000 6760 2028 0.428909
2000 6760 2028 0.410437
2000 6760 2028 0.428093
2000 6760 2028 0.430694
2000 6760 2028 0.432185
2000 6760 2028 0.387949
2000 6760 2028 0.438232
2000 6760 2028 0.439619
2000 6760 2028 0.431940
2000 6760 2028 0.425069
2000 6760 2028 0.418659
2000 6760 2028 0.425324
2000 6760 2028 0.434519
2000 6760 2028 0.417449
2000 6760 2028 0.426431
2000 6760 2028 0.433301
2000 6760 2028 0.434782
2000 6760 2028 0.428598
2000 6760 2028 0.430832
2000 6760 2028 0.428306
2000 6760 2028 0.427004
2000 6760 2028 0.433830
2000 6760 2028 0.428958
2000 6760 2028 0.428729
2000 6760 2028 0.423742
2000 6760 2028 0.427522
2000 6760 2028 0.427316
2000 6760 2028 0.434735
2000 6760 2028 0.428862
2000 6760 2028 0.423874
2000 6760 2028 0.431733
2000 6760 2028 0.415527
2000 6760 2028 0.432178
2000 6760 2028 0.427404
2000 6760 2028 0.432575
2000 6760 2028 0.423580
2000 6760 2028 0.426280
2000 6760 2028 0.427524
2000 6760 2028 0.446404
2000 6760 2028 0.433602
2000 6760 2028 0.433216
2000 6760 2028 0.431771
2000 6760 2028 0.434247
2000 6760 2028 0.436003
2000 6760 2028 0.429098
2000 6760 2028 0.418477
2000 6760 2028 0.422062
2000 6760 2028 0.430155
2000 6760 2028 0.409689
2000 6760 2028 0.428640
2000 6760 2028 0.429543
2000 6760 2028 0.436839
2000 6760 2028 0.413420
2000 6760 2028 0.422249
2000 6760 2028 0.424168
2000 6760 2028 0.428639
2000 6760 2028 0.421534
2000 6760 2028 0.436006
2000 6760 2028 0.434607
2000 6760 2028 0.436463
2000 6760 2028 0.424558
2000 6760 2028 0.427078
2000 6760 2028 0.430212
2000 6760 2028 0.434944
2000 6760 2028 0.428899
2000 6760 2028 0.433507
2000 6760 2028 0.440878
2000 6760 2028 0.428402
2000 6760 2028 0.427712
2000 6760 2028 0.442269
2000 6760 2028 0.426802
2000 6760 2028 0.436568
2000 6760 2028 0.454987
2000 6760 2028 0.436183
2000 6760 2028 0.424893
2000 6760 2028 0.434961
2000 6760 2028 0.421887
2000 6760 2028 0.432297
2000 6760 2028 0.423385
2000 6760 2028 0.418005
2000 6760 2028 0.419899
2000 6760 2028 0.434596
2000 6760 2028 0.428549
2000 6760 2028 0.434317
2000 6760 2028 0.430192
2000 6760 2028 0.413960
2000 6760 2028 0.402429
2000 6760 2028 0.428281
2000 6760 2028 0.429173
2000 6760 2028 0.432521
2000 6760 2028 0.433156
2000 6760 2028 0.422459
2000 6760 2028 0.417703
2000 6760 2028 0.430349
2000 6760 2028 0.428806
2000 6760 2028 0.435105
2000 6760 2028 0.417088
2000 6760 2028 0.427713
2000 6760 2028 0.434273
2000 6760 2028 0.429434
2000 6760 2028 0.421426
2000 6760 2028 0.430724
2000 6760 2028 0.430107
2000 6760 2028 0.447115
2000 6760 2028 0.426472
5000 19200 5760 2.484248
5000 19200 5760 3.153981
5000 19200 5760 3.269672
5000 19200 5760 3.251768
5000 19200 5760 3.253377
5000 19200 5760 3.225878
5000 19200 5760 3.260349
5000 19200 5760 3.247349
5000 19200 5760 3.259562
5000 19200 5760 3.246329
5000 19200 5760 3.201630
5000 19200 5760 3.235385
5000 19200 5760 3.172020
5000 19200 5760 3.145980
5000 19200 5760 3.158052
5000 19200 5760 3.144523
5000 19200 5760 3.165711
5000 19200 5760 3.164319
5000 19200 5760 3.157386
5000 19200 5760 3.170183
5000 19200 5760 3.177588
5000 19200 5760 3.160441
5000 19200 5760 3.150469
5000 19200 5760 3.149996
5000 19200 5760 3.134077
5000 19200 5760 3.158061
5000 19200 5760 3.114771
5000 19200 5760 3.148707
5000 19200 5760 3.170453
5000 19200 5760 3.155613
5000 19200 5760 3.156268
5000 19200 5760 3.149643
5000 19200 5760 3.159225
5000 19200 5760 3.152776
5000 19200 5760 3.164455
5000 19200 5760 3.148380
5000 19200 5760 3.149507
5000 19200 5760 3.134210
5000 19200 5760 3.144806
5000 19200 5760 3.130794
5000 19200 5760 3.150067
5000 19200 5760 3.161785
5000 19200 5760 3.153055
5000 19200 5760 3.171052
5000 19200 5760 3.135863
5000 19200 5760 3.173688
5000 19200 5760 3.142241
5000 19200 5760 3.159455
5000 19200 5760 3.149837
5000 19200 5760 3.158825
5000 19200 5760 3.157782
5000 19200 5760 3.183891
5000 19200 5760 3.169500
5000 19200 5760 3.150728
5000 19200 5760 3.161827
5000 19200 5760 3.168946
5000 19200 5760 3.161216
5000 19200 5760 3.142896
5000 19200 5760 3.141627
5000 19200 5760 3.159039
5000 19200 5760 3.156189
5000 19200 5760 3.168488
5000 19200 5760 3.178672
5000 19200 5760 3.156141
5000 19200 5760 3.164954
5000 19200 5760 3.154907
5000 19200 5760 3.150515
5000 19200 5760 3.137117
5000 19200 5760 3.156985
5000 19200 5760 3.156483
5000 19200 5760 3.138496
5000 19200 5760 3.157865
5000 19200 5760 3.156061
5000 19200 5760 3.145769
5000 19200 5760 3.155935
5000 19200 5760 3.145316
5000 19200 5760 3.181952
5000 19200 5760 3.163448
5000 19200 5760 3.172728
5000 19200 5760 3.146950
5000 19200 5760 3.153665
5000 19200 5760 3.160932
5000 19200 5760 3.159343
5000 19200 5760 3.162313
5000 19200 5760 3.151105
5000 19200 5760 3.163403
5000 19200 5760 3.149950
5000 19200 5760 3.164058
5000 19200 5760 3.150093
5000 19200 5760 3.164356
5000 19200 5760 3.168323
5000 19200 5760 3.153392
5000 19200 5760 3.138532
5000 19200 5760 3.130747
5000 19200 5760 3.146222
5000 19200 5760 3.104730
5000 19200 5760 3.096336
5000 19200 5760 3.145184
5000 19200 5760 3.147467
5000 19200 5760 3.153786
5000 19200 5760 2.535635
5000 19200 5760 3.132295
5000 19200 5760 3.269464
5000 19200 5760 3.264348
5000 19200 5760 3.288038
5000 19200 5760 3.259627
5000 19200 5760 3.274881
5000 19200 5760 3.246188
5000 19200 5760 3.287567
5000 19200 5760 3.287946
5000 19200 5760 3.273343
5000 19200 5760 3.265573
5000 19200 5760 3.277586
5000 19200 5760 3.275836
5000 19200 5760 3.247966
5000 19200 5760 3.256727
5000 19200 5760 3.239449
5000 19200 5760 3.234159
5000 19200 5760 3.229401
5000 19200 5760 3.251827
5000 19200 5760 3.247809
5000 19200 5760 3.209425
5000 19200 5760 3.244152
5000 19200 5760 3.249469
5000 19200 5760 3.249544
5000 19200 5760 3.255017
5000 19200 5760 3.267558
5000 19200 5760 3.244147
5000 19200 5760 3.245016
5000 19200 5760 3.252064
5000 19200 5760 3.217340
5000 19200 5760 3.239740
5000 19200 5760 3.233559
5000 19200 5760 3.218364
5000 19200 5760 3.234498
5000 19200 5760 3.245261
5000 19200 5760 3.269451
5000 19200 5760 3.233544
5000 19200 5760 3.250834
5000 19200 5760 3.249348
5000 19200 5760 3.235146
5000 19200 5760 3.227924
5000 19200 5760 3.225367
5000 19200 5760 3.220415
5000 19200 5760 3.238149
5000 19200 5760 3.260912
5000 19200 5760 3.226716
5000 19200 5760 3.243752
5000 19200 5760 3.227143
5000 19200 5760 3.231743
5000 19200 5760 3.225597
5000 19200 5760 3.228035
5000 19200 5760 3.235379
5000 19200 5760 3.252045
5000 19200 5760 3.251489
5000 19200 5760 3.250071
5000 19200 5760 3.222232
5000 19200 5760 3.246253
5000 19200 5760 3.240259
5000 19200 5760 3.247127
5000 19200 5760 3.222348
5000 19200 5760 3.215381
5000 19200 5760 3.234931
5000 19200 5760 3.208993
5000 19200 5760 3.214764
5000 19200 5760 3.216100
5000 19200 5760 3.242445
5000 19200 5760 3.209463
5000 19200 5760 3.149119
5000 19200 5760 3.250894
5000 19200 5760 3.229196
5000 19200 5760 3.260613
5000 19200 5760 3.230321
5000 19200 5760 3.231973
5000 19200 5760 3.228570
5000 19200 5760 3.200853
5000 19200 5760 3.239683
5000 19200 5760 3.231308
5000 19200 5760 3.224412
5000 19200 5760 3.212904
5000 19200 5760 3.247367
5000 19200 5760 3.222128
5000 19200 5760 3.238015
5000 19200 5760 3.219064
5000 19200 5760 3.246390
5000 19200 5760 3.232670
5000 19200 5760 3.224009
5000 19200 5760 3.217868
5000 19200 5760 3.226647
5000 19200 5760 3.233839
5000 19200 5760 3.228026
5000 19200 5760 3.211843
5000 19200 5760 3.235823
5000 19200 5760 3.239745
5000 19200 5760 3.213195
5000 19200 5760 3.235220
5000 19200 5760 3.239878
5000 19200 5760 3.241264
5000 19200 5760 3.232820
5000 19200 5760 3.248587
5000 19200 5760 2.529814
5000 19200 5760 3.014707
5000 19200 5760 3.243726
5000 19200 5760 3.257247
5000 19200 5760 3.246688
5000 19200 5760 3.238500
5000 19200 5760 3.237424
5000 19200 5760 3.215384
5000 19200 5760 3.256694
5000 19200 5760 3.238802
5000 19200 5760 3.245551
5000 19200 5760 3.231789
5000 19200 5760 3.229612
5000 19200 5760 3.244980
5000 19200 5760 3.253972
5000 19200 5760 3.253997
5000 19200 5760 3.233270
5000 19200 5760 3.226718
5000 19200 5760 3.254747
5000 19200 5760 3.207145
5000 19200 5760 3.167174
5000 19200 5760 3.230294
5000 19200 5760 3.226010
5000 19200 5760 3.231973
5000 19200 5760 3.224248
5000 19200 5760 3.231714
5000 19200 5760 3.228250
5000 19200 5760 3.227346
5000 19200 5760 3.236675
5000 19200 5760 3.217847
5000 19200 5760 3.176122
5000 19200 5760 3.223564
5000 19200 5760 3.238271
5000 19200 5760 3.229539
5000 19200 5760 3.247579
5000 19200 5760 3.224113
5000 19200 5760 3.206946
5000 19200 5760 3.221337
5000 19200 5760 3.230672
5000 19200 5760 3.226582
5000 19200 5760 3.222049
5000 19200 5760 3.224904
5000 19200 5760 3.227706
5000 19200 5760 3.220950
5000 19200 5760 3.212349
5000 19200 5760 3.177093
5000 19200 5760 3.212777
5000 19200 5760 3.222145
5000 19200 5760 3.220092
5000 19200 5760 3.228334
5000 19200 5760 3.215854
5000 19200 5760 3.218736
5000 19200 5760 3.225462
5000 19200 5760 3.219812
5000 19200 5760 3.217217
5000 19200 5760 3.215522
5000 19200 5760 3.203018
5000 19200 5760 3.215899
5000 19200 5760 3.215176
5000 19200 5760 3.228111
5000 19200 5760 3.199520
5000 19200 5760 3.185544
5000 19200 5760 3.207765
5000 19200 5760 3.254452
5000 19200 5760 3.278958
5000 19200 5760 3.294086
5000 19200 5760 3.298965
5000 19200 5760 3.306180
5000 19200 5760 3.266279
5000 19200 5760 3.281189
5000 19200 5760 3.265360
5000 19200 5760 3.282911
5000 19200 5760 3.292996
5000 19200 5760 3.310044
5000 19200 5760 3.290020
5000 19200 5760 3.315580
5000 19200 5760 3.269678
5000 19200 5760 3.301185
5000 19200 5760 3.296125
5000 19200 5760 3.304934
5000 19200 5760 3.318992
5000 19200 5760 3.287773
5000 19200 5760 3.227081
5000 19200 5760 3.305037
5000 19200 5760 3.314470
5000 19200 5760 3.291064
5000 19200 5760 3.305532
5000 19200 5760 3.305468
5000 19200 5760 3.311137
5000 19200 5760 3.300224
5000 19200 5760 3.278801
5000 19200 5760 3.288927
5000 19200 5760 3.295768
5000 19200 5760 3.288746
5000 19200 5760 3.309287
5000 19200 5760 3.310533
5000 19200 5760 3.301729
5000 19200 5760 3.306415
5000 19200 5760 3.311096
5000 19200 5760 3.312740
9000 37211 11163 8.967113
9000 37211 11163 8.905153
9000 37211 11163 8.924435
9000 37211 11163 8.912155
9000 37211 11163 11.664348
9000 37211 11163 11.815327
9000 37211 11163 11.822282
9000 37211 11163 11.856729
9000 37211 11163 11.768395
9000 37211 11163 11.642872
9000 37211 11163 11.734749
9000 37211 11163 11.744940
9000 37211 11163 11.716087
9000 37211 11163 11.773274
9000 37211 11163 11.719703
9000 37211 11163 11.702306
9000 37211 11163 11.737924
9000 37211 11163 11.673847
9000 37211 11163 11.759897
9000 37211 11163 11.669119
9000 37211 11163 11.709221
9000 37211 11163 11.693630
9000 37211 11163 11.674364
9000 37211 11163 11.656320
9000 37211 11163 11.693900
9000 37211 11163 11.751000
9000 37211 11163 11.701115
9000 37211 11163 11.756493
9000 37211 11163 11.759886
9000 37211 11163 11.747183
9000 37211 11163 11.725395
9000 37211 11163 11.808250
9000 37211 11163 11.812707
9000 37211 11163 11.736172
9000 37211 11163 11.731489
9000 37211 11163 11.712671
9000 37211 11163 11.763822
9000 37211 11163 11.791342
9000 37211 11163 11.769173
9000 37211 11163 11.756957
9000 37211 11163 11.792024
9000 37211 11163 11.792522
9000 37211 11163 11.772575
9000 37211 11163 11.756889
9000 37211 11163 11.800569
9000 37211 11163 11.828822
9000 37211 11163 11.690813
9000 37211 11163 11.739749
9000 37211 11163 11.713188
9000 37211 11163 11.709072
9000 37211 11163 11.711524
9000 37211 11163 11.648167
9000 37211 11163 11.737088
9000 37211 11163 11.740986
9000 37211 11163 11.752753
9000 37211 11163 11.732615
9000 37211 11163 11.708559
9000 37211 11163 11.688484
9000 37211 11163 11.717221
9000 37211 11163 11.652999
9000 37211 11163 11.532464
9000 37211 11163 11.587031
9000 37211 11163 11.673619
9000 37211 11163 11.671878
9000 37211 11163 11.572590
9000 37211 11163 11.653194
9000 37211 11163 11.575000
9000 37211 11163 11.589639
9000 37211 11163 11.655409
9000 37211 11163 11.669825
9000 37211 11163 11.584611
9000 37211 11163 11.508799
9000 37211 11163 11.670013
9000 37211 11163 11.618879
9000 37211 11163 11.558879
9000 37211 11163 11.670191
9000 37211 11163 11.564497
9000 37211 11163 11.560226
9000 37211 11163 11.620807
9000 37211 11163 11.585986
9000 37211 11163 11.615755
9000 37211 11163 11.609275
9000 37211 11163 11.575522
9000 37211 11163 11.572497
9000 37211 11163 11.646605
9000 37211 11163 11.625952
9000 37211 11163 11.687746
9000 37211 11163 11.584746
9000 37211 11163 11.650117
9000 37211 11163 11.645914
9000 37211 11163 11.578612
9000 37211 11163 11.609723
9000 37211 11163 11.585778
9000 37211 11163 11.664625
9000 37211 11163 11.640452
9000 37211 11163 11.603654
9000 37211 11163 11.558346
9000 37211 11163 11.567583
9000 37211 11163 11.666594
9000 37211 11163 11.657071
9000 37211 11163 9.017692
9000 37211 11163 11.854987
9000 37211 11163 11.970922
9000 37211 11163 11.918754
9000 37211 11163 11.949112
9000 37211 11163 11.901687
9000 37211 11163 11.951242
9000 37211 11163 11.960184
9000 37211 11163 11.935954
9000 37211 11163 11.939187
9000 37211 11163 11.905780
9000 37211 11163 11.907751
9000 37211 11163 11.883177
9000 37211 11163 11.913301
9000 37211 11163 11.889232
9000 37211 11163 11.919963
9000 37211 11163 11.872652
9000 37211 11163 12.021377
9000 37211 11163 11.888633
9000 37211 11163 11.958036
9000 37211 11163 11.858653
9000 37211 11163 11.907283
9000 37211 11163 11.993715
9000 37211 11163 12.023415
9000 37211 11163 11.997479
9000 37211 11163 11.937403
9000 37211 11163 11.906329
9000 37211 11163 11.971123
9000 37211 11163 11.920961
9000 37211 11163 11.996970
9000 37211 11163 11.968699
9000 37211 11163 11.991069
9000 37211 11163 11.979967
9000 37211 11163 11.965978
9000 37211 11163 11.884898
9000 37211 11163 12.041129
9000 37211 11163 11.855061
9000 37211 11163 11.891728
9000 37211 11163 11.920076
9000 37211 11163 10.590765
9000 37211 11163 10.563577
9000 37211 11163 10.604897
9000 37211 11163 10.536241
9000 37211 11163 10.616548
9000 37211 11163 10.609760
9000 37211 11163 10.934420
9000 37211 11163 11.607572
9000 37211 11163 11.686752
9000 37211 11163 11.653673
9000 37211 11163 11.647033
9000 37211 11163 11.159541
9000 37211 11163 11.152304
9000 37211 11163 11.168315
9000 37211 11163 11.151079
9000 37211 11163 11.167456
9000 37211 11163 11.124059
9000 37211 11163 11.127675
9000 37211 11163 11.175656
9000 37211 11163 11.129539
9000 37211 11163 11.113751
9000 37211 11163 11.154382
9000 37211 11163 11.125913
9000 37211 11163 11.143723
9000 37211 11163 11.148734
9000 37211 11163 11.150821
9000 37211 11163 11.146527
9000 37211 11163 11.187134
9000 37211 11163 11.112735
9000 37211 11163 11.161908
9000 37211 11163 11.115183
9000 37211 11163 11.140222
9000 37211 11163 11.161615
9000 37211 11163 11.154403
9000 37211 11163 11.158008
9000 37211 11163 11.143730
9000 37211 11163 11.130713
9000 37211 11163 11.113813
9000 37211 11163 11.192788
9000 37211 11163 11.153923
9000 37211 11163 11.191401
9000 37211 11163 11.169394
9000 37211 11163 11.182503
9000 37211 11163 11.129397
9000 37211 11163 11.149216
9000 37211 11163 11.382409
9000 37211 11163 11.668312
9000 37211 11163 11.573831
9000 37211 11163 11.581554
9000 37211 11163 11.623375
9000 37211 11163 11.717988
9000 37211 11163 11.715201
9000 37211 11163 11.728959
9000 37211 11163 11.752712
9000 37211 11163 11.698717
9000 37211 11163 11.662623
9000 37211 11163 11.746279
9000 37211 11163 11.714244
9000 37211 11163 11.758062
9000 37211 11163 11.688704
9000 37211 11163 11.649027
9000 37211 11163 8.818523
9000 37211 11163 11.391815
9000 37211 11163 11.502580
9000 37211 11163 11.519852
9000 37211 11163 11.544235
9000 37211 11163 11.551459
9000 37211 11163 11.542353
9000 37211 11163 11.537256
9000 37211 11163 11.432372
9000 37211 11163 11.447304
9000 37211 11163 11.428638
9000 37211 11163 11.411812
9000 37211 11163 11.417630
9000 37211 11163 11.430419
9000 37211 11163 11.393915
9000 37211 11163 11.409463
9000 37211 11163 11.433208
9000 37211 11163 11.422366
9000 37211 11163 11.418907
9000 37211 11163 11.411251
9000 37211 11163 11.412695
9000 37211 11163 11.420957
9000 37211 11163 11.420853
9000 37211 11163 11.407850
9000 37211 11163 11.442947
9000 37211 11163 11.415147
9000 37211 11163 11.400281
9000 37211 11163 11.601330
9000 37211 11163 11.792427
9000 37211 11163 11.870300
9000 37211 11163 11.837432
9000 37211 11163 11.664728
9000 37211 11163 11.852862
9000 37211 11163 11.857744
9000 37211 11163 11.863532
9000 37211 11163 11.853472
9000 37211 11163 11.814833
9000 37211 11163 11.809985
9000 37211 11163 11.852229
9000 37211 11163 11.814310
9000 37211 11163 11.809370
9000 37211 11163 11.774031
9000 37211 11163 11.762558
9000 37211 11163 11.833626
9000 37211 11163 11.836447
9000 37211 11163 11.794958
9000 37211 11163 11.804113
9000 37211 11163 11.806542
9000 37211 11163 11.790535
9000 37211 11163 11.815985
9000 37211 11163 11.808995
9000 37211 11163 11.778847
9000 37211 11163 11.772405
9000 37211 11163 11.739111
9000 37211 11163 11.780223
9000 37211 11163 11.748775
9000 37211 11163 11.738979
9000 37211 11163 11.787971
9000 37211 11163 11.708826
9000 37211 11163 11.738855
9000 37211 11163 11.815296
9000 37211 11163 11.801625
9000 37211 11163 11.795597
9000 37211 11163 11.793143
9000 37211 11163 11.799115
9000 37211 11163 11.754251
9000 37211 11163 11.791328
9000 37211 11163 11.725793
9000 37211 11163 11.723360
9000 37211 11163 11.790243
9000 37211 11163 11.816219
9000 37211 11163 11.801566
9000 37211 11163 11.753489
9000 37211 11163 11.816621
9000 37211 11163 11.863302
9000 37211 11163 11.790393
9000 37211 11163 11.832402
9000 37211 11163 11.850334
9000 37211 11163 11.798040
9000 37211 11163 11.792390
9000 37211 11163 11.721313
9000 37211 11163 11.748712
9000 37211 11163 11.720184
9000 37211 11163 11.756410
9000 37211 11163 11.798868
9000 37211 11163 11.816311
9000 37211 11163 11.795184
9000 37211 11163 11.816974
9000 37211 11163 11.817950
9000 37211 11163 11.799878
9000 37211 11163 11.762399
9000 37211 11163 11.794018
9000 37211 11163 11.798883
9000 37211 11163 11.752748
9000 37211 11163 11.818701
9000 37211 11163 11.813912
9000 37211 11163 11.750337
9000 37211 11163 11.846614
9000 37211 11163 11.772446
9000 37211 11163 11.826286
