10 10000 5000 0.006262
10 10000 5000 0.007882
10 10000 5000 0.006173
10 10000 5000 0.009024
10 10000 5000 0.007306
10 10000 5000 0.004269
10 10000 5000 0.009896
10 10000 5000 0.009623
10 10000 5000 0.004750
10 10000 5000 0.003330
10 10000 5000 0.006377
10 10000 5000 0.006909
10 10000 5000 0.005072
10 10000 5000 0.005690
10 10000 5000 0.006522
10 10000 5000 0.007447
10 10000 5000 0.007315
10 10000 5000 0.006456
10 10000 5000 0.009159
10 10000 5000 0.003667
10 10000 5000 0.007336
10 10000 5000 0.005756
10 10000 5000 0.009156
10 10000 5000 0.006750
10 10000 5000 0.010299
10 10000 5000 0.005958
10 10000 5000 0.009081
10 10000 5000 0.003500
10 10000 5000 0.003537
10 10000 5000 0.005064
10 10000 5000 0.007851
10 10000 5000 0.004196
10 10000 5000 0.007244
10 10000 5000 0.007007
10 10000 5000 0.003476
10 10000 5000 0.005726
50 10000 5000 0.017361
50 10000 5000 0.018787
50 10000 5000 0.015812
50 10000 5000 0.023027
50 10000 5000 0.017234
50 10000 5000 0.012447
50 10000 5000 0.012973
50 10000 5000 0.009947
50 10000 5000 0.014888
50 10000 5000 0.010840
50 10000 5000 0.020590
50 10000 5000 0.016092
50 10000 5000 0.011138
50 10000 5000 0.016641
50 10000 5000 0.010014
50 10000 5000 0.014436
50 10000 5000 0.019148
50 10000 5000 0.013593
50 10000 5000 0.016021
50 10000 5000 0.013393
50 10000 5000 0.014521
50 10000 5000 0.011107
50 10000 5000 0.011198
50 10000 5000 0.010234
50 10000 5000 0.010890
50 10000 5000 0.011754
50 10000 5000 0.016286
50 10000 5000 0.012382
50 10000 5000 0.010451
50 10000 5000 0.014762
50 10000 5000 0.013464
50 10000 5000 0.013007
50 10000 5000 0.009843
50 10000 5000 0.010774
50 10000 5000 0.009600
50 10000 5000 0.011217
50 10000 5000 0.010809
50 10000 5000 0.010649
50 10000 5000 0.030200
50 10000 5000 0.012704
50 10000 5000 0.010179
50 10000 5000 0.015879
50 10000 5000 0.015522
50 10000 5000 0.010763
50 10000 5000 0.016135
50 10000 5000 0.012017
50 10000 5000 0.014085
50 10000 5000 0.016176
50 10000 5000 0.010947
50 10000 5000 0.010023
50 10000 5000 0.015171
50 10000 5000 0.011020
50 10000 5000 0.009673
50 10000 5000 0.011218
100 10000 5000 0.027510
100 10000 5000 0.033155
100 10000 5000 0.022000
100 10000 5000 0.036702
100 10000 5000 0.031645
100 10000 5000 0.019278
100 10000 5000 0.032665
100 10000 5000 0.022877
100 10000 5000 0.030011
100 10000 5000 0.025235
100 10000 5000 0.020880
100 10000 5000 0.027845
100 10000 5000 0.021308
100 10000 5000 0.021646
100 10000 5000 0.022711
100 10000 5000 0.027921
100 10000 5000 0.028827
100 10000 5000 0.028137
100 10000 5000 0.041807
100 10000 5000 0.022479
100 10000 5000 0.027681
100 10000 5000 0.019875
100 10000 5000 0.021523
100 10000 5000 0.025191
100 10000 5000 0.018828
100 10000 5000 0.021303
100 10000 5000 0.018269
100 10000 5000 0.016624
100 10000 5000 0.019773
100 10000 5000 0.018849
100 10000 5000 0.038053
100 10000 5000 0.025174
100 10000 5000 0.023078
100 10000 5000 0.025090
100 10000 5000 0.020995
100 10000 5000 0.020267
100 10000 5000 0.020321
100 10000 5000 0.018680
100 10000 5000 0.018872
100 10000 5000 0.017928
100 10000 5000 0.023020
100 10000 5000 0.017289
100 10000 5000 0.032253
100 10000 5000 0.022345
100 10000 5000 0.020512
100 10000 5000 0.020033
100 10000 5000 0.023274
100 10000 5000 0.023675
100 10000 5000 0.018820
100 10000 5000 0.028604
100 10000 5000 0.018898
100 10000 5000 0.018909
100 10000 5000 0.019324
100 10000 5000 0.023894
100 10000 5000 0.024972
100 10000 5000 0.020871
100 10000 5000 0.023500
100 10000 5000 0.023624
100 10000 5000 0.018833
100 10000 5000 0.018804
100 10000 5000 0.018657
100 10000 5000 0.016941
100 10000 5000 0.022113
100 10000 5000 0.017162
100 10000 5000 0.026378
100 10000 5000 0.016272
100 10000 5000 0.021195
100 10000 5000 0.028172
100 10000 5000 0.034240
100 10000 5000 0.019549
100 10000 5000 0.029367
100 10000 5000 0.021555
100 10000 5000 0.019739
100 10000 5000 0.023270
