10 10000 5000 0.003724
10 10000 5000 0.002075
10 10000 5000 0.004004
10 10000 5000 0.002443
10 10000 5000 0.003391
10 10000 5000 0.003701
10 10000 5000 0.003668
10 10000 5000 0.007335
10 10000 5000 0.006155
10 10000 5000 0.004424
10 10000 5000 0.002155
10 10000 5000 0.000040
10 10000 5000 0.001260
10 10000 5000 0.000855
10 10000 5000 0.001321
10 10000 5000 0.002462
10 10000 5000 0.004868
10 10000 5000 0.006769
10 10000 5000 0.004514
10 10000 5000 0.008121
10 10000 5000 0.002938
10 10000 5000 0.006240
10 10000 5000 0.002970
10 10000 5000 0.004906
10 10000 5000 0.006091
10 10000 5000 0.003794
10 10000 5000 0.006414
10 10000 5000 0.004946
10 10000 5000 0.007490
10 10000 5000 0.002424
10 10000 5000 0.005590
10 10000 5000 0.002579
10 10000 5000 0.000037
10 10000 5000 0.002484
10 10000 5000 0.003154
10 10000 5000 0.003858
10 10000 5000 0.003310
50 10000 5000 0.009454
50 10000 5000 0.005335
50 10000 5000 0.003605
50 10000 5000 0.002702
50 10000 5000 0.006265
50 10000 5000 0.002733
50 10000 5000 0.006803
50 10000 5000 0.003782
50 10000 5000 0.004389
50 10000 5000 0.002745
50 10000 5000 0.004179
50 10000 5000 0.011650
50 10000 5000 0.004105
50 10000 5000 0.003731
50 10000 5000 0.000306
50 10000 5000 0.000901
50 10000 5000 0.005241
50 10000 5000 0.009591
50 10000 5000 0.011558
50 10000 5000 0.004161
50 10000 5000 0.002104
50 10000 5000 0.000370
50 10000 5000 0.005164
50 10000 5000 0.007802
50 10000 5000 0.000177
50 10000 5000 0.000178
50 10000 5000 0.014580
50 10000 5000 0.002693
50 10000 5000 0.005703
50 10000 5000 0.000439
50 10000 5000 0.000178
50 10000 5000 0.000187
50 10000 5000 0.004364
50 10000 5000 0.002126
50 10000 5000 0.003886
50 10000 5000 0.002735
50 10000 5000 0.003848
50 10000 5000 0.002752
50 10000 5000 0.002715
50 10000 5000 0.001414
50 10000 5000 0.000192
50 10000 5000 0.006403
50 10000 5000 0.003598
50 10000 5000 0.005275
50 10000 5000 0.005608
50 10000 5000 0.006294
50 10000 5000 0.009825
50 10000 5000 0.002956
50 10000 5000 0.005641
50 10000 5000 0.012270
50 10000 5000 0.006427
50 10000 5000 0.005547
50 10000 5000 0.003911
50 10000 5000 0.003910
50 10000 5000 0.003972
100 10000 5000 0.007102
100 10000 5000 0.004233
100 10000 5000 0.004303
100 10000 5000 0.005253
100 10000 5000 0.002298
100 10000 5000 0.004416
100 10000 5000 0.007405
100 10000 5000 0.003625
100 10000 5000 0.004690
100 10000 5000 0.000359
100 10000 5000 0.000357
100 10000 5000 0.010194
100 10000 5000 0.000366
100 10000 5000 0.003124
100 10000 5000 0.003117
100 10000 5000 0.012444
100 10000 5000 0.010417
100 10000 5000 0.015780
100 10000 5000 0.004855
100 10000 5000 0.008584
100 10000 5000 0.003055
100 10000 5000 0.000453
100 10000 5000 0.012816
100 10000 5000 0.007331
100 10000 5000 0.003096
100 10000 5000 0.002737
100 10000 5000 0.003344
100 10000 5000 0.006109
100 10000 5000 0.008704
100 10000 5000 0.001923
100 10000 5000 0.002479
100 10000 5000 0.012016
100 10000 5000 0.007753
100 10000 5000 0.003084
100 10000 5000 0.013169
100 10000 5000 0.004278
100 10000 5000 0.003087
100 10000 5000 0.003087
100 10000 5000 0.001350
100 10000 5000 0.003386
100 10000 5000 0.005914
100 10000 5000 0.001770
100 10000 5000 0.005820
100 10000 5000 0.003822
100 10000 5000 0.013393
100 10000 5000 0.007849
100 10000 5000 0.005959
100 10000 5000 0.003094
100 10000 5000 0.005437
100 10000 5000 0.013449
100 10000 5000 0.003071
100 10000 5000 0.003422
100 10000 5000 0.011296
100 10000 5000 0.006889
100 10000 5000 0.005372
100 10000 5000 0.003084
100 10000 5000 0.002995
100 10000 5000 0.008175
100 10000 5000 0.001879
100 10000 5000 0.003251
100 10000 5000 0.004435
100 10000 5000 0.004240
100 10000 5000 0.003356
100 10000 5000 0.003081
100 10000 5000 0.003064
100 10000 5000 0.005820
100 10000 5000 0.009488
100 10000 5000 0.005123
100 10000 5000 0.003022
100 10000 5000 0.009116
100 10000 5000 0.004023
100 10000 5000 0.000368
100 10000 5000 0.009775
100 10000 5000 0.006776
100 10000 5000 0.013796
