100 185 55 0.000484
100 185 55 0.000057
100 185 55 0.000046
100 185 55 0.000048
100 185 55 0.000048
100 185 55 0.000045
100 185 55 0.000044
100 185 55 0.000043
100 185 55 0.000046
100 185 55 0.000045
100 185 55 0.000044
100 185 55 0.000044
100 185 55 0.000047
100 185 55 0.000043
100 185 55 0.000045
100 185 55 0.000044
100 185 55 0.000045
100 185 55 0.000047
100 185 55 0.000047
100 185 55 0.000046
100 185 55 0.000045
100 185 55 0.000028
100 185 55 0.000044
100 185 55 0.000042
100 185 55 0.000043
100 185 55 0.000045
100 185 55 0.000045
100 185 55 0.000043
100 185 55 0.000045
100 185 55 0.000026
100 185 55 0.000043
100 185 55 0.000047
100 185 55 0.000046
100 185 55 0.000044
100 185 55 0.000043
100 185 55 0.000043
100 185 55 0.000042
100 185 55 0.000045
100 185 55 0.000045
100 185 55 0.000042
100 185 55 0.000024
100 185 55 0.000044
100 185 55 0.000044
100 185 55 0.000046
100 185 55 0.000044
100 185 55 0.000044
100 185 55 0.000044
100 185 55 0.000046
100 185 55 0.000047
100 185 55 0.000045
100 185 55 0.000044
100 185 55 0.000048
100 185 55 0.000045
100 185 55 0.000042
100 185 55 0.000046
100 185 55 0.000045
100 185 55 0.000049
100 185 55 0.000028
100 185 55 0.000046
100 185 55 0.000043
100 185 55 0.000045
100 185 55 0.000044
100 185 55 0.000045
100 185 55 0.000042
100 185 55 0.000042
100 185 55 0.000045
100 185 55 0.000044
100 185 55 0.000047
100 185 55 0.000044
100 185 55 0.000051
100 185 55 0.000044
100 185 55 0.000046
100 185 55 0.000043
100 185 55 0.000043
100 185 55 0.000053
100 185 55 0.000048
100 185 55 0.000046
100 185 55 0.000046
100 185 55 0.000046
100 185 55 0.000031
100 185 55 0.000046
100 185 55 0.000047
100 185 55 0.000044
100 185 55 0.000044
100 185 55 0.000044
100 185 55 0.000046
100 185 55 0.000046
100 185 55 0.000044
100 185 55 0.000047
100 185 55 0.000044
100 185 55 0.000046
100 185 55 0.000042
100 185 55 0.000042
100 185 55 0.000048
100 185 55 0.000045
100 185 55 0.000026
100 185 55 0.000044
100 185 55 0.000044
100 185 55 0.000044
100 185 55 0.000047
100 185 55 0.000047
100 185 55 0.000428
100 185 55 0.000066
100 185 55 0.000051
100 185 55 0.000045
100 185 55 0.000046
100 185 55 0.000043
100 185 55 0.000031
100 185 55 0.000045
100 185 55 0.000044
100 185 55 0.000046
100 185 55 0.000045
100 185 55 0.000047
100 185 55 0.000043
100 185 55 0.000046
100 185 55 0.000044
100 185 55 0.000046
100 185 55 0.000042
100 185 55 0.000046
100 185 55 0.000045
100 185 55 0.000045
100 185 55 0.000048
100 185 55 0.000044
100 185 55 0.000043
100 185 55 0.000043
100 185 55 0.000027
100 185 55 0.000042
100 185 55 0.000047
100 185 55 0.000048
100 185 55 0.000042
100 185 55 0.000041
100 185 55 0.000042
100 185 55 0.000050
100 185 55 0.000048
100 185 55 0.000043
100 185 55 0.000050
100 185 55 0.000045
100 185 55 0.000043
100 185 55 0.000044
100 185 55 0.000043
100 185 55 0.000043
100 185 55 0.000048
100 185 55 0.000049
100 185 55 0.000045
100 185 55 0.000048
100 185 55 0.000023
100 185 55 0.000043
100 185 55 0.000033
100 185 55 0.000043
100 185 55 0.000047
100 185 55 0.000047
100 185 55 0.000042
100 185 55 0.000045
100 185 55 0.000044
100 185 55 0.000024
100 185 55 0.000041
100 185 55 0.000044
100 185 55 0.000046
100 185 55 0.000043
100 185 55 0.000046
100 185 55 0.000045
100 185 55 0.000044
100 185 55 0.000045
100 185 55 0.000042
100 185 55 0.000044
100 185 55 0.000046
100 185 55 0.000042
100 185 55 0.000044
100 185 55 0.000045
100 185 55 0.000041
100 185 55 0.000043
100 185 55 0.000043
100 185 55 0.000041
100 185 55 0.000046
100 185 55 0.000045
100 185 55 0.000045
100 185 55 0.000046
100 185 55 0.000042
100 185 55 0.000043
100 185 55 0.000046
100 185 55 0.000040
100 185 55 0.000040
100 185 55 0.000044
100 185 55 0.000043
100 185 55 0.000045
100 185 55 0.000044
100 185 55 0.000044
100 185 55 0.000044
100 185 55 0.000048
100 185 55 0.000045
100 185 55 0.000045
100 185 55 0.000042
100 185 55 0.000047
100 185 55 0.000044
100 185 55 0.000043
100 185 55 0.000043
100 185 55 0.000043
100 185 55 0.000045
100 185 55 0.000045
100 185 55 0.000045
100 185 55 0.000042
100 185 55 0.000045
100 185 55 0.000497
100 185 55 0.000060
100 185 55 0.000046
100 185 55 0.000025
100 185 55 0.000043
100 185 55 0.000043
100 185 55 0.000048
100 185 55 0.000045
100 185 55 0.000047
100 185 55 0.000048
100 185 55 0.000043
100 185 55 0.000051
100 185 55 0.000046
100 185 55 0.000043
100 185 55 0.000043
100 185 55 0.000045
100 185 55 0.000043
100 185 55 0.000045
100 185 55 0.000043
100 185 55 0.000042
100 185 55 0.000045
100 185 55 0.000043
100 185 55 0.000044
100 185 55 0.000048
100 185 55 0.000043
100 185 55 0.000043
100 185 55 0.000044
100 185 55 0.000045
100 185 55 0.000045
100 185 55 0.000041
100 185 55 0.000044
100 185 55 0.000044
100 185 55 0.000046
100 185 55 0.000045
100 185 55 0.000025
100 185 55 0.000046
100 185 55 0.000045
100 185 55 0.000044
100 185 55 0.000042
100 185 55 0.000043
100 185 55 0.000044
100 185 55 0.000043
100 185 55 0.000044
100 185 55 0.000042
100 185 55 0.000046
100 185 55 0.000042
100 185 55 0.000042
100 185 55 0.000042
100 185 55 0.000046
100 185 55 0.000044
100 185 55 0.000043
100 185 55 0.000044
100 185 55 0.000045
100 185 55 0.000044
100 185 55 0.000045
100 185 55 0.000042
100 185 55 0.000048
100 185 55 0.000044
100 185 55 0.000040
100 185 55 0.000043
100 185 55 0.000043
100 185 55 0.000045
100 185 55 0.000044
100 185 55 0.000042
100 185 55 0.000045
100 185 55 0.000026
100 185 55 0.000044
100 185 55 0.000043
100 185 55 0.000043
100 185 55 0.000045
100 185 55 0.000042
100 185 55 0.000043
100 185 55 0.000045
100 185 55 0.000044
100 185 55 0.000028
100 185 55 0.000045
100 185 55 0.000042
100 185 55 0.000044
100 185 55 0.000044
100 185 55 0.000043
100 185 55 0.000048
100 185 55 0.000044
100 185 55 0.000047
100 185 55 0.000048
100 185 55 0.000044
100 185 55 0.000043
100 185 55 0.000042
100 185 55 0.000044
100 185 55 0.000043
100 185 55 0.000043
100 185 55 0.000042
100 185 55 0.000045
100 185 55 0.000042
100 185 55 0.000046
100 185 55 0.000044
100 185 55 0.000046
100 185 55 0.000043
100 185 55 0.000023
100 185 55 0.000046
100 185 55 0.000044
100 185 55 0.000042
200 442 132 0.000602
200 442 132 0.000070
200 442 132 0.000066
200 442 132 0.000059
200 442 132 0.000062
200 442 132 0.000057
200 442 132 0.000056
200 442 132 0.000054
200 442 132 0.000062
200 442 132 0.000063
200 442 132 0.000060
200 442 132 0.000077
200 442 132 0.000062
200 442 132 0.000065
200 442 132 0.000059
200 442 132 0.000056
200 442 132 0.000062
200 442 132 0.000057
200 442 132 0.000061
200 442 132 0.000055
200 442 132 0.000053
200 442 132 0.000057
200 442 132 0.000060
200 442 132 0.000041
200 442 132 0.000058
200 442 132 0.000057
200 442 132 0.000061
200 442 132 0.000062
200 442 132 0.000054
200 442 132 0.000052
200 442 132 0.000059
200 442 132 0.000059
200 442 132 0.000055
200 442 132 0.000054
200 442 132 0.000065
200 442 132 0.000060
200 442 132 0.000054
200 442 132 0.000057
200 442 132 0.000054
200 442 132 0.000058
200 442 132 0.000059
200 442 132 0.000054
200 442 132 0.000057
200 442 132 0.000059
200 442 132 0.000055
200 442 132 0.000056
200 442 132 0.000062
200 442 132 0.000054
200 442 132 0.000056
200 442 132 0.000051
200 442 132 0.000059
200 442 132 0.000063
200 442 132 0.000055
200 442 132 0.000054
200 442 132 0.000053
200 442 132 0.000057
200 442 132 0.000061
200 442 132 0.000053
200 442 132 0.000059
200 442 132 0.000059
200 442 132 0.000059
200 442 132 0.000065
200 442 132 0.000060
200 442 132 0.000054
200 442 132 0.000060
200 442 132 0.000060
200 442 132 0.000060
200 442 132 0.000060
200 442 132 0.000056
200 442 132 0.000065
200 442 132 0.000063
200 442 132 0.000054
200 442 132 0.000053
200 442 132 0.000053
200 442 132 0.000058
200 442 132 0.000062
200 442 132 0.000062
200 442 132 0.000054
200 442 132 0.000055
200 442 132 0.000050
200 442 132 0.000051
200 442 132 0.000059
200 442 132 0.000051
200 442 132 0.000053
200 442 132 0.000057
200 442 132 0.000066
200 442 132 0.000052
200 442 132 0.000057
200 442 132 0.000056
200 442 132 0.000056
200 442 132 0.000056
200 442 132 0.000055
200 442 132 0.000056
200 442 132 0.000058
200 442 132 0.000070
200 442 132 0.000060
200 442 132 0.000061
200 442 132 0.000055
200 442 132 0.000054
200 442 132 0.000056
200 442 132 0.000060
200 442 132 0.000618
200 442 132 0.000064
200 442 132 0.000059
200 442 132 0.000059
200 442 132 0.000057
200 442 132 0.000067
200 442 132 0.000056
200 442 132 0.000058
200 442 132 0.000053
200 442 132 0.000054
200 442 132 0.000057
200 442 132 0.000061
200 442 132 0.000069
200 442 132 0.000059
200 442 132 0.000059
200 442 132 0.000056
200 442 132 0.000063
200 442 132 0.000053
200 442 132 0.000056
200 442 132 0.000055
200 442 132 0.000052
200 442 132 0.000051
200 442 132 0.000053
200 442 132 0.000057
200 442 132 0.000060
200 442 132 0.000054
200 442 132 0.000052
200 442 132 0.000035
200 442 132 0.000060
200 442 132 0.000060
200 442 132 0.000058
200 442 132 0.000043
200 442 132 0.000057
200 442 132 0.000053
200 442 132 0.000058
200 442 132 0.000059
200 442 132 0.000057
200 442 132 0.000058
200 442 132 0.000058
200 442 132 0.000054
200 442 132 0.000040
200 442 132 0.000056
200 442 132 0.000052
200 442 132 0.000052
200 442 132 0.000067
200 442 132 0.000061
200 442 132 0.000055
200 442 132 0.000058
200 442 132 0.000052
200 442 132 0.000053
200 442 132 0.000054
200 442 132 0.000056
200 442 132 0.000056
200 442 132 0.000057
200 442 132 0.000038
200 442 132 0.000056
200 442 132 0.000053
200 442 132 0.000063
200 442 132 0.000062
200 442 132 0.000055
200 442 132 0.000056
200 442 132 0.000056
200 442 132 0.000056
200 442 132 0.000059
200 442 132 0.000056
200 442 132 0.000058
200 442 132 0.000056
200 442 132 0.000056
200 442 132 0.000056
200 442 132 0.000064
200 442 132 0.000057
200 442 132 0.000064
200 442 132 0.000059
200 442 132 0.000056
200 442 132 0.000054
200 442 132 0.000043
200 442 132 0.000062
200 442 132 0.000056
200 442 132 0.000055
200 442 132 0.000053
200 442 132 0.000057
200 442 132 0.000055
200 442 132 0.000051
200 442 132 0.000052
200 442 132 0.000057
200 442 132 0.000058
200 442 132 0.000057
200 442 132 0.000053
200 442 132 0.000053
200 442 132 0.000058
200 442 132 0.000050
200 442 132 0.000057
200 442 132 0.000055
200 442 132 0.000052
200 442 132 0.000055
200 442 132 0.000055
200 442 132 0.000052
200 442 132 0.000062
200 442 132 0.000054
200 442 132 0.000056
200 442 132 0.000049
200 442 132 0.000562
200 442 132 0.000072
200 442 132 0.000075
200 442 132 0.000065
200 442 132 0.000060
200 442 132 0.000057
200 442 132 0.000056
200 442 132 0.000065
200 442 132 0.000053
200 442 132 0.000054
200 442 132 0.000055
200 442 132 0.000080
200 442 132 0.000057
200 442 132 0.000054
200 442 132 0.000062
200 442 132 0.000061
200 442 132 0.000060
200 442 132 0.000056
200 442 132 0.000038
200 442 132 0.000052
200 442 132 0.000047
200 442 132 0.000055
200 442 132 0.000059
200 442 132 0.000062
200 442 132 0.000055
200 442 132 0.000055
200 442 132 0.000056
200 442 132 0.000058
200 442 132 0.000053
200 442 132 0.000050
200 442 132 0.000056
200 442 132 0.000053
200 442 132 0.000055
200 442 132 0.000060
200 442 132 0.000055
200 442 132 0.000055
200 442 132 0.000055
200 442 132 0.000052
200 442 132 0.000059
200 442 132 0.000052
200 442 132 0.000055
200 442 132 0.000052
200 442 132 0.000053
200 442 132 0.000051
200 442 132 0.000054
200 442 132 0.000057
200 442 132 0.000056
200 442 132 0.000054
200 442 132 0.000057
200 442 132 0.000057
200 442 132 0.000053
200 442 132 0.000040
200 442 132 0.000043
200 442 132 0.000052
200 442 132 0.000052
200 442 132 0.000066
200 442 132 0.000057
200 442 132 0.000061
200 442 132 0.000057
200 442 132 0.000054
200 442 132 0.000059
200 442 132 0.000052
200 442 132 0.000053
200 442 132 0.000054
200 442 132 0.000054
200 442 132 0.000055
200 442 132 0.000052
200 442 132 0.000053
200 442 132 0.000056
200 442 132 0.000060
200 442 132 0.000058
200 442 132 0.000047
200 442 132 0.000057
200 442 132 0.000056
200 442 132 0.000058
200 442 132 0.000057
200 442 132 0.000051
200 442 132 0.000039
200 442 132 0.000052
200 442 132 0.000050
200 442 132 0.000051
200 442 132 0.000051
200 442 132 0.000061
200 442 132 0.000060
200 442 132 0.000038
200 442 132 0.000067
200 442 132 0.000051
200 442 132 0.000051
200 442 132 0.000051
200 442 132 0.000052
200 442 132 0.000050
200 442 132 0.000052
200 442 132 0.000053
200 442 132 0.000052
200 442 132 0.000050
200 442 132 0.000054
200 442 132 0.000049
200 442 132 0.000053
200 442 132 0.000057
200 442 132 0.000057
200 442 132 0.000054
300 726 217 0.000924
300 726 217 0.000130
300 726 217 0.000113
300 726 217 0.000109
300 726 217 0.000113
300 726 217 0.000098
300 726 217 0.000090
300 726 217 0.000087
300 726 217 0.000097
300 726 217 0.000096
300 726 217 0.000094
300 726 217 0.000074
300 726 217 0.000098
300 726 217 0.000081
300 726 217 0.000075
300 726 217 0.000088
300 726 217 0.000077
300 726 217 0.000084
300 726 217 0.000082
300 726 217 0.000083
300 726 217 0.000091
300 726 217 0.000079
300 726 217 0.000066
300 726 217 0.000083
300 726 217 0.000080
300 726 217 0.000086
300 726 217 0.000097
300 726 217 0.000098
300 726 217 0.000073
300 726 217 0.000095
300 726 217 0.000076
300 726 217 0.000086
300 726 217 0.000078
300 726 217 0.000086
300 726 217 0.000090
300 726 217 0.000068
300 726 217 0.000075
300 726 217 0.000074
300 726 217 0.000070
300 726 217 0.000094
300 726 217 0.000073
300 726 217 0.000084
300 726 217 0.000076
300 726 217 0.000069
300 726 217 0.000087
300 726 217 0.000086
300 726 217 0.000076
300 726 217 0.000079
300 726 217 0.000064
300 726 217 0.000075
300 726 217 0.000082
300 726 217 0.000085
300 726 217 0.000087
300 726 217 0.000077
300 726 217 0.000097
300 726 217 0.000090
300 726 217 0.000078
300 726 217 0.000076
300 726 217 0.000107
300 726 217 0.000100
300 726 217 0.000083
300 726 217 0.000077
300 726 217 0.000084
300 726 217 0.000082
300 726 217 0.000083
300 726 217 0.000092
300 726 217 0.000077
300 726 217 0.000086
300 726 217 0.000086
300 726 217 0.000083
300 726 217 0.000088
300 726 217 0.000087
300 726 217 0.000077
300 726 217 0.000085
300 726 217 0.000079
300 726 217 0.000077
300 726 217 0.000085
300 726 217 0.000088
300 726 217 0.000078
300 726 217 0.000092
300 726 217 0.000088
300 726 217 0.000077
300 726 217 0.000069
300 726 217 0.000090
300 726 217 0.000087
300 726 217 0.000091
300 726 217 0.000075
300 726 217 0.000080
300 726 217 0.000075
300 726 217 0.000074
300 726 217 0.000088
300 726 217 0.000097
300 726 217 0.000089
300 726 217 0.000074
300 726 217 0.000100
300 726 217 0.000077
300 726 217 0.000089
300 726 217 0.000081
300 726 217 0.000089
300 726 217 0.000088
300 726 217 0.000091
300 726 217 0.000908
300 726 217 0.000122
300 726 217 0.000114
300 726 217 0.000114
300 726 217 0.000107
300 726 217 0.000103
300 726 217 0.000092
300 726 217 0.000094
300 726 217 0.000085
300 726 217 0.000095
300 726 217 0.000087
300 726 217 0.000121
300 726 217 0.000085
300 726 217 0.000080
300 726 217 0.000097
300 726 217 0.000092
300 726 217 0.000102
300 726 217 0.000097
300 726 217 0.000075
300 726 217 0.000076
300 726 217 0.000071
300 726 217 0.000103
300 726 217 0.000078
300 726 217 0.000079
300 726 217 0.000094
300 726 217 0.000084
300 726 217 0.000085
300 726 217 0.000093
300 726 217 0.000086
300 726 217 0.000092
300 726 217 0.000080
300 726 217 0.000082
300 726 217 0.000095
300 726 217 0.000098
300 726 217 0.000098
300 726 217 0.000082
300 726 217 0.000090
300 726 217 0.000084
300 726 217 0.000083
300 726 217 0.000095
300 726 217 0.000087
300 726 217 0.000074
300 726 217 0.000074
300 726 217 0.000091
300 726 217 0.000088
300 726 217 0.000076
300 726 217 0.000088
300 726 217 0.000081
300 726 217 0.000078
300 726 217 0.000079
300 726 217 0.000089
300 726 217 0.000078
300 726 217 0.000077
300 726 217 0.000076
300 726 217 0.000080
300 726 217 0.000072
300 726 217 0.000079
300 726 217 0.000096
300 726 217 0.000090
300 726 217 0.000071
300 726 217 0.000085
300 726 217 0.000095
300 726 217 0.000087
300 726 217 0.000089
300 726 217 0.000087
300 726 217 0.000092
300 726 217 0.000076
300 726 217 0.000090
300 726 217 0.000090
300 726 217 0.000096
300 726 217 0.000093
300 726 217 0.000098
300 726 217 0.000083
300 726 217 0.000095
300 726 217 0.000081
300 726 217 0.000109
300 726 217 0.000086
300 726 217 0.000080
300 726 217 0.000094
300 726 217 0.000085
300 726 217 0.000076
300 726 217 0.000070
300 726 217 0.000073
300 726 217 0.000089
300 726 217 0.000091
300 726 217 0.000100
300 726 217 0.000072
300 726 217 0.000084
300 726 217 0.000080
300 726 217 0.000072
300 726 217 0.000092
300 726 217 0.000100
300 726 217 0.000084
300 726 217 0.000074
300 726 217 0.000083
300 726 217 0.000087
300 726 217 0.000094
300 726 217 0.000086
300 726 217 0.000098
300 726 217 0.000086
300 726 217 0.000091
300 726 217 0.000918
300 726 217 0.000116
300 726 217 0.000102
300 726 217 0.000088
300 726 217 0.000099
300 726 217 0.000096
300 726 217 0.000089
300 726 217 0.000080
300 726 217 0.000082
300 726 217 0.000089
300 726 217 0.000104
300 726 217 0.000141
300 726 217 0.000081
300 726 217 0.000070
300 726 217 0.000087
300 726 217 0.000080
300 726 217 0.000098
300 726 217 0.000086
300 726 217 0.000076
300 726 217 0.000088
300 726 217 0.000080
300 726 217 0.000076
300 726 217 0.000097
300 726 217 0.000082
300 726 217 0.000088
300 726 217 0.000077
300 726 217 0.000087
300 726 217 0.000084
300 726 217 0.000084
300 726 217 0.000084
300 726 217 0.000084
300 726 217 0.000093
300 726 217 0.000087
300 726 217 0.000076
300 726 217 0.000078
300 726 217 0.000088
300 726 217 0.000078
300 726 217 0.000079
300 726 217 0.000073
300 726 217 0.000072
300 726 217 0.000087
300 726 217 0.000094
300 726 217 0.000076
300 726 217 0.000081
300 726 217 0.000096
300 726 217 0.000091
300 726 217 0.000084
300 726 217 0.000095
300 726 217 0.000096
300 726 217 0.000070
300 726 217 0.000069
300 726 217 0.000078
300 726 217 0.000092
300 726 217 0.000078
300 726 217 0.000079
300 726 217 0.000079
300 726 217 0.000080
300 726 217 0.000081
300 726 217 0.000101
300 726 217 0.000090
300 726 217 0.000076
300 726 217 0.000075
300 726 217 0.000079
300 726 217 0.000074
300 726 217 0.000083
300 726 217 0.000075
300 726 217 0.000086
300 726 217 0.000075
300 726 217 0.000083
300 726 217 0.000077
300 726 217 0.000078
300 726 217 0.000090
300 726 217 0.000095
300 726 217 0.000076
300 726 217 0.000083
300 726 217 0.000077
300 726 217 0.000084
300 726 217 0.000062
300 726 217 0.000077
300 726 217 0.000086
300 726 217 0.000103
300 726 217 0.000089
300 726 217 0.000095
300 726 217 0.000085
300 726 217 0.000098
300 726 217 0.000086
300 726 217 0.000088
300 726 217 0.000088
300 726 217 0.000099
300 726 217 0.000072
300 726 217 0.000084
300 726 217 0.000095
300 726 217 0.000082
300 726 217 0.000080
300 726 217 0.000090
300 726 217 0.000084
300 726 217 0.000079
300 726 217 0.000083
300 726 217 0.000078
300 726 217 0.000071
300 726 217 0.000093
400 1026 307 0.001332
400 1026 307 0.000188
400 1026 307 0.000182
400 1026 307 0.000164
400 1026 307 0.000148
400 1026 307 0.000161
400 1026 307 0.000141
400 1026 307 0.000137
400 1026 307 0.000141
400 1026 307 0.000133
400 1026 307 0.000136
400 1026 307 0.000168
400 1026 307 0.000155
400 1026 307 0.000157
400 1026 307 0.000139
400 1026 307 0.000124
400 1026 307 0.000136
400 1026 307 0.000164
400 1026 307 0.000151
400 1026 307 0.000150
400 1026 307 0.000123
400 1026 307 0.000131
400 1026 307 0.000121
400 1026 307 0.000122
400 1026 307 0.000147
400 1026 307 0.000141
400 1026 307 0.000133
400 1026 307 0.000141
400 1026 307 0.000145
400 1026 307 0.000144
400 1026 307 0.000143
400 1026 307 0.000143
400 1026 307 0.000142
400 1026 307 0.000147
400 1026 307 0.000167
400 1026 307 0.000123
400 1026 307 0.000123
400 1026 307 0.000128
400 1026 307 0.000132
400 1026 307 0.000151
400 1026 307 0.000134
400 1026 307 0.000125
400 1026 307 0.000127
400 1026 307 0.000139
400 1026 307 0.000124
400 1026 307 0.000126
400 1026 307 0.000129
400 1026 307 0.000125
400 1026 307 0.000124
400 1026 307 0.000139
400 1026 307 0.000128
400 1026 307 0.000126
400 1026 307 0.000134
400 1026 307 0.000122
400 1026 307 0.000131
400 1026 307 0.000124
400 1026 307 0.000151
400 1026 307 0.000120
400 1026 307 0.000117
400 1026 307 0.000127
400 1026 307 0.000138
400 1026 307 0.000137
400 1026 307 0.000133
400 1026 307 0.000140
400 1026 307 0.000151
400 1026 307 0.000127
400 1026 307 0.000176
400 1026 307 0.000108
400 1026 307 0.000135
400 1026 307 0.000126
400 1026 307 0.000128
400 1026 307 0.000129
400 1026 307 0.000119
400 1026 307 0.000120
400 1026 307 0.000125
400 1026 307 0.000099
400 1026 307 0.000106
400 1026 307 0.000117
400 1026 307 0.000120
400 1026 307 0.000123
400 1026 307 0.000132
400 1026 307 0.000134
400 1026 307 0.000117
400 1026 307 0.000123
400 1026 307 0.000123
400 1026 307 0.000118
400 1026 307 0.000116
400 1026 307 0.000143
400 1026 307 0.000127
400 1026 307 0.000135
400 1026 307 0.000140
400 1026 307 0.000140
400 1026 307 0.000141
400 1026 307 0.000162
400 1026 307 0.000125
400 1026 307 0.000127
400 1026 307 0.000117
400 1026 307 0.000134
400 1026 307 0.000142
400 1026 307 0.000123
400 1026 307 0.000122
400 1026 307 0.001325
400 1026 307 0.000193
400 1026 307 0.000159
400 1026 307 0.000167
400 1026 307 0.000169
400 1026 307 0.000158
400 1026 307 0.000167
400 1026 307 0.000133
400 1026 307 0.000144
400 1026 307 0.000130
400 1026 307 0.000140
400 1026 307 0.000145
400 1026 307 0.000124
400 1026 307 0.000125
400 1026 307 0.000128
400 1026 307 0.000138
400 1026 307 0.000147
400 1026 307 0.000139
400 1026 307 0.000123
400 1026 307 0.000134
400 1026 307 0.000137
400 1026 307 0.000126
400 1026 307 0.000143
400 1026 307 0.000130
400 1026 307 0.000118
400 1026 307 0.000145
400 1026 307 0.000145
400 1026 307 0.000128
400 1026 307 0.000121
400 1026 307 0.000146
400 1026 307 0.000135
400 1026 307 0.000116
400 1026 307 0.000143
400 1026 307 0.000121
400 1026 307 0.000128
400 1026 307 0.000130
400 1026 307 0.000139
400 1026 307 0.000144
400 1026 307 0.000137
400 1026 307 0.000128
400 1026 307 0.000136
400 1026 307 0.000123
400 1026 307 0.000167
400 1026 307 0.000111
400 1026 307 0.000148
400 1026 307 0.000121
400 1026 307 0.000133
400 1026 307 0.000122
400 1026 307 0.000129
400 1026 307 0.000138
400 1026 307 0.000139
400 1026 307 0.000133
400 1026 307 0.000135
400 1026 307 0.000133
400 1026 307 0.000133
400 1026 307 0.000138
400 1026 307 0.000138
400 1026 307 0.000135
400 1026 307 0.000135
400 1026 307 0.000117
400 1026 307 0.000122
400 1026 307 0.000147
400 1026 307 0.000124
400 1026 307 0.000128
400 1026 307 0.000137
400 1026 307 0.000114
400 1026 307 0.000129
400 1026 307 0.000130
400 1026 307 0.000113
400 1026 307 0.000118
400 1026 307 0.000124
400 1026 307 0.000132
400 1026 307 0.000135
400 1026 307 0.000131
400 1026 307 0.000121
400 1026 307 0.000123
400 1026 307 0.000132
400 1026 307 0.000131
400 1026 307 0.000117
400 1026 307 0.000136
400 1026 307 0.000122
400 1026 307 0.000116
400 1026 307 0.000136
400 1026 307 0.000124
400 1026 307 0.000116
400 1026 307 0.000126
400 1026 307 0.000133
400 1026 307 0.000092
400 1026 307 0.000130
400 1026 307 0.000124
400 1026 307 0.000137
400 1026 307 0.000141
400 1026 307 0.000132
400 1026 307 0.000132
400 1026 307 0.000148
400 1026 307 0.000151
400 1026 307 0.000127
400 1026 307 0.000120
400 1026 307 0.000131
400 1026 307 0.000121
400 1026 307 0.000118
400 1026 307 0.001202
400 1026 307 0.000211
400 1026 307 0.000185
400 1026 307 0.000148
400 1026 307 0.000175
400 1026 307 0.000164
400 1026 307 0.000165
400 1026 307 0.000165
400 1026 307 0.000138
400 1026 307 0.000137
400 1026 307 0.000129
400 1026 307 0.000157
400 1026 307 0.000133
400 1026 307 0.000139
400 1026 307 0.000184
400 1026 307 0.000118
400 1026 307 0.000137
400 1026 307 0.000133
400 1026 307 0.000123
400 1026 307 0.000125
400 1026 307 0.000124
400 1026 307 0.000125
400 1026 307 0.000117
400 1026 307 0.000145
400 1026 307 0.000127
400 1026 307 0.000134
400 1026 307 0.000148
400 1026 307 0.000137
400 1026 307 0.000115
400 1026 307 0.000120
400 1026 307 0.000133
400 1026 307 0.000132
400 1026 307 0.000135
400 1026 307 0.000116
400 1026 307 0.000129
400 1026 307 0.000131
400 1026 307 0.000144
400 1026 307 0.000125
400 1026 307 0.000115
400 1026 307 0.000124
400 1026 307 0.000122
400 1026 307 0.000149
400 1026 307 0.000128
400 1026 307 0.000118
400 1026 307 0.000145
400 1026 307 0.000146
400 1026 307 0.000107
400 1026 307 0.000115
400 1026 307 0.000140
400 1026 307 0.000115
400 1026 307 0.000136
400 1026 307 0.000124
400 1026 307 0.000142
400 1026 307 0.000120
400 1026 307 0.000130
400 1026 307 0.000128
400 1026 307 0.000137
400 1026 307 0.000135
400 1026 307 0.000124
400 1026 307 0.000125
400 1026 307 0.000143
400 1026 307 0.000127
400 1026 307 0.000127
400 1026 307 0.000127
400 1026 307 0.000118
400 1026 307 0.000127
400 1026 307 0.000132
400 1026 307 0.000101
400 1026 307 0.000136
400 1026 307 0.000124
400 1026 307 0.000122
400 1026 307 0.000131
400 1026 307 0.000133
400 1026 307 0.000138
400 1026 307 0.000129
400 1026 307 0.000140
400 1026 307 0.000148
400 1026 307 0.000129
400 1026 307 0.000136
400 1026 307 0.000126
400 1026 307 0.000133
400 1026 307 0.000135
400 1026 307 0.000149
400 1026 307 0.000112
400 1026 307 0.000131
400 1026 307 0.000141
400 1026 307 0.000137
400 1026 307 0.000138
400 1026 307 0.000125
400 1026 307 0.000134
400 1026 307 0.000155
400 1026 307 0.000137
400 1026 307 0.000129
400 1026 307 0.000130
400 1026 307 0.000122
400 1026 307 0.000136
400 1026 307 0.000147
400 1026 307 0.000145
400 1026 307 0.000133
400 1026 307 0.000112
400 1026 307 0.000150
500 1340 402 0.001137
500 1340 402 0.000256
500 1340 402 0.000260
500 1340 402 0.000256
500 1340 402 0.000275
500 1340 402 0.000227
500 1340 402 0.000229
500 1340 402 0.000225
500 1340 402 0.000237
500 1340 402 0.000143
500 1340 402 0.000204
500 1340 402 0.000203
500 1340 402 0.000183
500 1340 402 0.000219
500 1340 402 0.000224
500 1340 402 0.000217
500 1340 402 0.000219
500 1340 402 0.000205
500 1340 402 0.000234
500 1340 402 0.000183
500 1340 402 0.000223
500 1340 402 0.000193
500 1340 402 0.000200
500 1340 402 0.000183
500 1340 402 0.000179
500 1340 402 0.000154
500 1340 402 0.000203
500 1340 402 0.000239
500 1340 402 0.000195
500 1340 402 0.000197
500 1340 402 0.000214
500 1340 402 0.000202
500 1340 402 0.000235
500 1340 402 0.000203
500 1340 402 0.000242
500 1340 402 0.000242
500 1340 402 0.000202
500 1340 402 0.000191
500 1340 402 0.000181
500 1340 402 0.000196
500 1340 402 0.000197
500 1340 402 0.000187
500 1340 402 0.000229
500 1340 402 0.000196
500 1340 402 0.000199
500 1340 402 0.000186
500 1340 402 0.000205
500 1340 402 0.000217
500 1340 402 0.000164
500 1340 402 0.000185
500 1340 402 0.000190
500 1340 402 0.000206
500 1340 402 0.000200
500 1340 402 0.000193
500 1340 402 0.000199
500 1340 402 0.000193
500 1340 402 0.000183
500 1340 402 0.000188
500 1340 402 0.000198
500 1340 402 0.000203
500 1340 402 0.000211
500 1340 402 0.000176
500 1340 402 0.000178
500 1340 402 0.000190
500 1340 402 0.000198
500 1340 402 0.000186
500 1340 402 0.000175
500 1340 402 0.000240
500 1340 402 0.000232
500 1340 402 0.000199
500 1340 402 0.000215
500 1340 402 0.000189
500 1340 402 0.000167
500 1340 402 0.000199
500 1340 402 0.000169
500 1340 402 0.000203
500 1340 402 0.000192
500 1340 402 0.000199
500 1340 402 0.000230
500 1340 402 0.000211
500 1340 402 0.000218
500 1340 402 0.000181
500 1340 402 0.000178
500 1340 402 0.000196
500 1340 402 0.000211
500 1340 402 0.000225
500 1340 402 0.000216
500 1340 402 0.000192
500 1340 402 0.000198
500 1340 402 0.000205
500 1340 402 0.000230
500 1340 402 0.000196
500 1340 402 0.000223
500 1340 402 0.000204
500 1340 402 0.000217
500 1340 402 0.000191
500 1340 402 0.000225
500 1340 402 0.000222
500 1340 402 0.000218
500 1340 402 0.000186
500 1340 402 0.000202
500 1340 402 0.001415
500 1340 402 0.000281
500 1340 402 0.000242
500 1340 402 0.000242
500 1340 402 0.000242
500 1340 402 0.000287
500 1340 402 0.000236
500 1340 402 0.000208
500 1340 402 0.000288
500 1340 402 0.000249
500 1340 402 0.000295
500 1340 402 0.000305
500 1340 402 0.000188
500 1340 402 0.000228
500 1340 402 0.000203
500 1340 402 0.000187
500 1340 402 0.000199
500 1340 402 0.000165
500 1340 402 0.000246
500 1340 402 0.000195
500 1340 402 0.000228
500 1340 402 0.000221
500 1340 402 0.000195
500 1340 402 0.000220
500 1340 402 0.000203
500 1340 402 0.000189
500 1340 402 0.000238
500 1340 402 0.000195
500 1340 402 0.000187
500 1340 402 0.000199
500 1340 402 0.000225
500 1340 402 0.000189
500 1340 402 0.000208
500 1340 402 0.000172
500 1340 402 0.000192
500 1340 402 0.000185
500 1340 402 0.000186
500 1340 402 0.000209
500 1340 402 0.000190
500 1340 402 0.000174
500 1340 402 0.000163
500 1340 402 0.000172
500 1340 402 0.000220
500 1340 402 0.000194
500 1340 402 0.000199
500 1340 402 0.000222
500 1340 402 0.000225
500 1340 402 0.000168
500 1340 402 0.000154
500 1340 402 0.000223
500 1340 402 0.000191
500 1340 402 0.000206
500 1340 402 0.000199
500 1340 402 0.000167
500 1340 402 0.000191
500 1340 402 0.000198
500 1340 402 0.000186
500 1340 402 0.000242
500 1340 402 0.000177
500 1340 402 0.000168
500 1340 402 0.000191
500 1340 402 0.000167
500 1340 402 0.000194
500 1340 402 0.000207
500 1340 402 0.000202
500 1340 402 0.000214
500 1340 402 0.000217
500 1340 402 0.000221
500 1340 402 0.000198
500 1340 402 0.000217
500 1340 402 0.000167
500 1340 402 0.000165
500 1340 402 0.000229
500 1340 402 0.000210
500 1340 402 0.000189
500 1340 402 0.000176
500 1340 402 0.000227
500 1340 402 0.000219
500 1340 402 0.000205
500 1340 402 0.000189
500 1340 402 0.000219
500 1340 402 0.000222
500 1340 402 0.000199
500 1340 402 0.000209
500 1340 402 0.000203
500 1340 402 0.000215
500 1340 402 0.000190
500 1340 402 0.000208
500 1340 402 0.000190
500 1340 402 0.000202
500 1340 402 0.000177
500 1340 402 0.000159
500 1340 402 0.000181
500 1340 402 0.000242
500 1340 402 0.000168
500 1340 402 0.000273
500 1340 402 0.000243
500 1340 402 0.000230
500 1340 402 0.000203
500 1340 402 0.000191
500 1340 402 0.000185
500 1340 402 0.001370
500 1340 402 0.000267
500 1340 402 0.000256
500 1340 402 0.000235
500 1340 402 0.000267
500 1340 402 0.000235
500 1340 402 0.000246
500 1340 402 0.000226
500 1340 402 0.000207
500 1340 402 0.000210
500 1340 402 0.000255
500 1340 402 0.000214
500 1340 402 0.000182
500 1340 402 0.000200
500 1340 402 0.000218
500 1340 402 0.000190
500 1340 402 0.000180
500 1340 402 0.000180
500 1340 402 0.000204
500 1340 402 0.000202
500 1340 402 0.000196
500 1340 402 0.000179
500 1340 402 0.000197
500 1340 402 0.000187
500 1340 402 0.000173
500 1340 402 0.000194
500 1340 402 0.000214
500 1340 402 0.000219
500 1340 402 0.000200
500 1340 402 0.000193
500 1340 402 0.000202
500 1340 402 0.000194
500 1340 402 0.000199
500 1340 402 0.000208
500 1340 402 0.000228
500 1340 402 0.000156
500 1340 402 0.000183
500 1340 402 0.000181
500 1340 402 0.000202
500 1340 402 0.000199
500 1340 402 0.000213
500 1340 402 0.000183
500 1340 402 0.000188
500 1340 402 0.000203
500 1340 402 0.000203
500 1340 402 0.000170
500 1340 402 0.000221
500 1340 402 0.000186
500 1340 402 0.000196
500 1340 402 0.000188
500 1340 402 0.000225
500 1340 402 0.000213
500 1340 402 0.000187
500 1340 402 0.000194
500 1340 402 0.000168
500 1340 402 0.000136
500 1340 402 0.000200
500 1340 402 0.000175
500 1340 402 0.000151
500 1340 402 0.000196
500 1340 402 0.000209
500 1340 402 0.000214
500 1340 402 0.000189
500 1340 402 0.000156
500 1340 402 0.000222
500 1340 402 0.000178
500 1340 402 0.000199
500 1340 402 0.000191
500 1340 402 0.000164
500 1340 402 0.000161
500 1340 402 0.000178
500 1340 402 0.000224
500 1340 402 0.000167
500 1340 402 0.000184
500 1340 402 0.000210
500 1340 402 0.000204
500 1340 402 0.000193
500 1340 402 0.000241
500 1340 402 0.000219
500 1340 402 0.000188
500 1340 402 0.000182
500 1340 402 0.000166
500 1340 402 0.000187
500 1340 402 0.000207
500 1340 402 0.000174
500 1340 402 0.000184
500 1340 402 0.000194
500 1340 402 0.000141
500 1340 402 0.000208
500 1340 402 0.000165
500 1340 402 0.000191
500 1340 402 0.000210
500 1340 402 0.000203
500 1340 402 0.000175
500 1340 402 0.000222
500 1340 402 0.000217
500 1340 402 0.000249
500 1340 402 0.000198
500 1340 402 0.000220
500 1340 402 0.000180
500 1340 402 0.000174
600 1663 498 0.001523
600 1663 498 0.000391
600 1663 498 0.000362
600 1663 498 0.000355
600 1663 498 0.000345
600 1663 498 0.000322
600 1663 498 0.000327
600 1663 498 0.000294
600 1663 498 0.000305
600 1663 498 0.000274
600 1663 498 0.000272
600 1663 498 0.000355
600 1663 498 0.000320
600 1663 498 0.000298
600 1663 498 0.000332
600 1663 498 0.000306
600 1663 498 0.000278
600 1663 498 0.000281
600 1663 498 0.000252
600 1663 498 0.000278
600 1663 498 0.000294
600 1663 498 0.000271
600 1663 498 0.000270
600 1663 498 0.000275
600 1663 498 0.000296
600 1663 498 0.000288
600 1663 498 0.000304
600 1663 498 0.000275
600 1663 498 0.000281
600 1663 498 0.000278
600 1663 498 0.000266
600 1663 498 0.000280
600 1663 498 0.000318
600 1663 498 0.000275
600 1663 498 0.000337
600 1663 498 0.000280
600 1663 498 0.000310
600 1663 498 0.000263
600 1663 498 0.000306
600 1663 498 0.000276
600 1663 498 0.000263
600 1663 498 0.000287
600 1663 498 0.000275
600 1663 498 0.000302
600 1663 498 0.000281
600 1663 498 0.000313
600 1663 498 0.000269
600 1663 498 0.000216
600 1663 498 0.000287
600 1663 498 0.000292
600 1663 498 0.000273
600 1663 498 0.000311
600 1663 498 0.000307
600 1663 498 0.000257
600 1663 498 0.000292
600 1663 498 0.000274
600 1663 498 0.000280
600 1663 498 0.000248
600 1663 498 0.000237
600 1663 498 0.000246
600 1663 498 0.000262
600 1663 498 0.000250
600 1663 498 0.000288
600 1663 498 0.000313
600 1663 498 0.000276
600 1663 498 0.000290
600 1663 498 0.000263
600 1663 498 0.000282
600 1663 498 0.000318
600 1663 498 0.000258
600 1663 498 0.000216
600 1663 498 0.000278
600 1663 498 0.000283
600 1663 498 0.000256
600 1663 498 0.002692
600 1663 498 0.000370
600 1663 498 0.000253
600 1663 498 0.000271
600 1663 498 0.000262
600 1663 498 0.000282
600 1663 498 0.000264
600 1663 498 0.000257
600 1663 498 0.000265
600 1663 498 0.000246
600 1663 498 0.000255
600 1663 498 0.000250
600 1663 498 0.000279
600 1663 498 0.000339
600 1663 498 0.000255
600 1663 498 0.000287
600 1663 498 0.000270
600 1663 498 0.000288
600 1663 498 0.000240
600 1663 498 0.000278
600 1663 498 0.000253
600 1663 498 0.000268
600 1663 498 0.000259
600 1663 498 0.000276
600 1663 498 0.000192
600 1663 498 0.000293
600 1663 498 0.000276
600 1663 498 0.001289
600 1663 498 0.000365
600 1663 498 0.000359
600 1663 498 0.000434
600 1663 498 0.000352
600 1663 498 0.000373
600 1663 498 0.000478
600 1663 498 0.000293
600 1663 498 0.000315
600 1663 498 0.000308
600 1663 498 0.000303
600 1663 498 0.000398
600 1663 498 0.000275
600 1663 498 0.000287
600 1663 498 0.000326
600 1663 498 0.000284
600 1663 498 0.000294
600 1663 498 0.000254
600 1663 498 0.000291
600 1663 498 0.000259
600 1663 498 0.000271
600 1663 498 0.000267
600 1663 498 0.000286
600 1663 498 0.000277
600 1663 498 0.000342
600 1663 498 0.000262
600 1663 498 0.000294
600 1663 498 0.000310
600 1663 498 0.000249
600 1663 498 0.000278
600 1663 498 0.000284
600 1663 498 0.000265
600 1663 498 0.000317
600 1663 498 0.000331
600 1663 498 0.000252
600 1663 498 0.000259
600 1663 498 0.000264
600 1663 498 0.000264
600 1663 498 0.000293
600 1663 498 0.000265
600 1663 498 0.000288
600 1663 498 0.000286
600 1663 498 0.000296
600 1663 498 0.000268
600 1663 498 0.000273
600 1663 498 0.000282
600 1663 498 0.000259
600 1663 498 0.000280
600 1663 498 0.000263
600 1663 498 0.000281
600 1663 498 0.000271
600 1663 498 0.000256
600 1663 498 0.000249
600 1663 498 0.000283
600 1663 498 0.000281
600 1663 498 0.000264
600 1663 498 0.000280
600 1663 498 0.000262
600 1663 498 0.000262
600 1663 498 0.000268
600 1663 498 0.000266
600 1663 498 0.000251
600 1663 498 0.000262
600 1663 498 0.000245
600 1663 498 0.000247
600 1663 498 0.000281
600 1663 498 0.000261
600 1663 498 0.000256
600 1663 498 0.000326
600 1663 498 0.000336
600 1663 498 0.000302
600 1663 498 0.000262
600 1663 498 0.002595
600 1663 498 0.000247
600 1663 498 0.000276
600 1663 498 0.000319
600 1663 498 0.000292
600 1663 498 0.000277
600 1663 498 0.000309
600 1663 498 0.000251
600 1663 498 0.000253
600 1663 498 0.000407
600 1663 498 0.000287
600 1663 498 0.000261
600 1663 498 0.000309
600 1663 498 0.000242
600 1663 498 0.000304
600 1663 498 0.000266
600 1663 498 0.000262
600 1663 498 0.000295
600 1663 498 0.000302
600 1663 498 0.000257
600 1663 498 0.000247
600 1663 498 0.000272
600 1663 498 0.000312
600 1663 498 0.000279
600 1663 498 0.000280
600 1663 498 0.000291
600 1663 498 0.000273
600 1663 498 0.000249
600 1663 498 0.000267
600 1663 498 0.001133
600 1663 498 0.000352
600 1663 498 0.000362
600 1663 498 0.000346
600 1663 498 0.000358
600 1663 498 0.000347
600 1663 498 0.000366
600 1663 498 0.000315
600 1663 498 0.000375
600 1663 498 0.000322
600 1663 498 0.000410
600 1663 498 0.000331
600 1663 498 0.000311
600 1663 498 0.000271
600 1663 498 0.000265
600 1663 498 0.000260
600 1663 498 0.000249
600 1663 498 0.000247
600 1663 498 0.000284
600 1663 498 0.000262
600 1663 498 0.000272
600 1663 498 0.000282
600 1663 498 0.000292
600 1663 498 0.000268
600 1663 498 0.000264
600 1663 498 0.000279
600 1663 498 0.000318
600 1663 498 0.000253
600 1663 498 0.000254
600 1663 498 0.000270
600 1663 498 0.000249
600 1663 498 0.000254
600 1663 498 0.000375
600 1663 498 0.000289
600 1663 498 0.000273
600 1663 498 0.000279
600 1663 498 0.000268
600 1663 498 0.000269
600 1663 498 0.000338
600 1663 498 0.000278
600 1663 498 0.000286
600 1663 498 0.000272
600 1663 498 0.000346
600 1663 498 0.000242
600 1663 498 0.000279
600 1663 498 0.000276
600 1663 498 0.000283
600 1663 498 0.000282
600 1663 498 0.000328
600 1663 498 0.000254
600 1663 498 0.000380
600 1663 498 0.000419
600 1663 498 0.000250
600 1663 498 0.000265
600 1663 498 0.000373
600 1663 498 0.000350
600 1663 498 0.000268
600 1663 498 0.000257
600 1663 498 0.000270
600 1663 498 0.000274
600 1663 498 0.000296
600 1663 498 0.000248
600 1663 498 0.000266
600 1663 498 0.000275
600 1663 498 0.000269
600 1663 498 0.000270
600 1663 498 0.000312
600 1663 498 0.000293
600 1663 498 0.000259
600 1663 498 0.000267
600 1663 498 0.000329
600 1663 498 0.000289
600 1663 498 0.000322
600 1663 498 0.000270
600 1663 498 0.000367
600 1663 498 0.000257
600 1663 498 0.001646
600 1663 498 0.000262
600 1663 498 0.000279
600 1663 498 0.000261
600 1663 498 0.000248
600 1663 498 0.000270
600 1663 498 0.000248
600 1663 498 0.000258
600 1663 498 0.000256
600 1663 498 0.000290
600 1663 498 0.000273
600 1663 498 0.000284
600 1663 498 0.000301
600 1663 498 0.000251
600 1663 498 0.000247
600 1663 498 0.000255
600 1663 498 0.000281
600 1663 498 0.000259
600 1663 498 0.000246
600 1663 498 0.000262
600 1663 498 0.000291
600 1663 498 0.000254
600 1663 498 0.000256
600 1663 498 0.000290
600 1663 498 0.000285
700 1995 598 0.001394
700 1995 598 0.000488
700 1995 598 0.000475
700 1995 598 0.000452
700 1995 598 0.000504
700 1995 598 0.000462
700 1995 598 0.000481
700 1995 598 0.000449
700 1995 598 0.000578
700 1995 598 0.000414
700 1995 598 0.000459
700 1995 598 0.000449
700 1995 598 0.000478
700 1995 598 0.000413
700 1995 598 0.000469
700 1995 598 0.000401
700 1995 598 0.000440
700 1995 598 0.000385
700 1995 598 0.000485
700 1995 598 0.000306
700 1995 598 0.000562
700 1995 598 0.000404
700 1995 598 0.000373
700 1995 598 0.000383
700 1995 598 0.000403
700 1995 598 0.000377
700 1995 598 0.000499
700 1995 598 0.000280
700 1995 598 0.000381
700 1995 598 0.000358
700 1995 598 0.000394
700 1995 598 0.000357
700 1995 598 0.000414
700 1995 598 0.000464
700 1995 598 0.000308
700 1995 598 0.000342
700 1995 598 0.000532
700 1995 598 0.000354
700 1995 598 0.000358
700 1995 598 0.000363
700 1995 598 0.000440
700 1995 598 0.000345
700 1995 598 0.000391
700 1995 598 0.000408
700 1995 598 0.000346
700 1995 598 0.000345
700 1995 598 0.000385
700 1995 598 0.000359
700 1995 598 0.000339
700 1995 598 0.000379
700 1995 598 0.000340
700 1995 598 0.000370
700 1995 598 0.000473
700 1995 598 0.002143
700 1995 598 0.000370
700 1995 598 0.000393
700 1995 598 0.000369
700 1995 598 0.000395
700 1995 598 0.000391
700 1995 598 0.000413
700 1995 598 0.000447
700 1995 598 0.000403
700 1995 598 0.000369
700 1995 598 0.000347
700 1995 598 0.000332
700 1995 598 0.000339
700 1995 598 0.000338
700 1995 598 0.000389
700 1995 598 0.000352
700 1995 598 0.000354
700 1995 598 0.000344
700 1995 598 0.000453
700 1995 598 0.000381
700 1995 598 0.000403
700 1995 598 0.000355
700 1995 598 0.000357
700 1995 598 0.000355
700 1995 598 0.000327
700 1995 598 0.000350
700 1995 598 0.000378
700 1995 598 0.000365
700 1995 598 0.000361
700 1995 598 0.000368
700 1995 598 0.000384
700 1995 598 0.000376
700 1995 598 0.000388
700 1995 598 0.000480
700 1995 598 0.000339
700 1995 598 0.000383
700 1995 598 0.000395
700 1995 598 0.000369
700 1995 598 0.000390
700 1995 598 0.000392
700 1995 598 0.000370
700 1995 598 0.000454
700 1995 598 0.000373
700 1995 598 0.000369
700 1995 598 0.000363
700 1995 598 0.000365
700 1995 598 0.000351
700 1995 598 0.000366
700 1995 598 0.001532
700 1995 598 0.000537
700 1995 598 0.000544
700 1995 598 0.000470
700 1995 598 0.000458
700 1995 598 0.000497
700 1995 598 0.000547
700 1995 598 0.000440
700 1995 598 0.000389
700 1995 598 0.000396
700 1995 598 0.000431
700 1995 598 0.000445
700 1995 598 0.000434
700 1995 598 0.000411
700 1995 598 0.000456
700 1995 598 0.000399
700 1995 598 0.000403
700 1995 598 0.000392
700 1995 598 0.000416
700 1995 598 0.000383
700 1995 598 0.000330
700 1995 598 0.000370
700 1995 598 0.000443
700 1995 598 0.000389
700 1995 598 0.000342
700 1995 598 0.000354
700 1995 598 0.000466
700 1995 598 0.000366
700 1995 598 0.000428
700 1995 598 0.000376
700 1995 598 0.000428
700 1995 598 0.000402
700 1995 598 0.000456
700 1995 598 0.000347
700 1995 598 0.000415
700 1995 598 0.000344
700 1995 598 0.000406
700 1995 598 0.000388
700 1995 598 0.000367
700 1995 598 0.000380
700 1995 598 0.000394
700 1995 598 0.000371
700 1995 598 0.000355
700 1995 598 0.000366
700 1995 598 0.000349
700 1995 598 0.000403
700 1995 598 0.000342
700 1995 598 0.000376
700 1995 598 0.000382
700 1995 598 0.000356
700 1995 598 0.000332
700 1995 598 0.000348
700 1995 598 0.000374
700 1995 598 0.000356
700 1995 598 0.000327
700 1995 598 0.000364
700 1995 598 0.000380
700 1995 598 0.001996
700 1995 598 0.000378
700 1995 598 0.000404
700 1995 598 0.000341
700 1995 598 0.000377
700 1995 598 0.000359
700 1995 598 0.000398
700 1995 598 0.000382
700 1995 598 0.000369
700 1995 598 0.000390
700 1995 598 0.000358
700 1995 598 0.000428
700 1995 598 0.000359
700 1995 598 0.000399
700 1995 598 0.000372
700 1995 598 0.000446
700 1995 598 0.000387
700 1995 598 0.000343
700 1995 598 0.000398
700 1995 598 0.000389
700 1995 598 0.000368
700 1995 598 0.000355
700 1995 598 0.000353
700 1995 598 0.000453
700 1995 598 0.000411
700 1995 598 0.000393
700 1995 598 0.000388
700 1995 598 0.000485
700 1995 598 0.000356
700 1995 598 0.000439
700 1995 598 0.000371
700 1995 598 0.000345
700 1995 598 0.000461
700 1995 598 0.000341
700 1995 598 0.000344
700 1995 598 0.000324
700 1995 598 0.000404
700 1995 598 0.000322
700 1995 598 0.000511
700 1995 598 0.000350
700 1995 598 0.000328
700 1995 598 0.000325
700 1995 598 0.000350
700 1995 598 0.000334
700 1995 598 0.001553
700 1995 598 0.000497
700 1995 598 0.000562
700 1995 598 0.000521
700 1995 598 0.000473
700 1995 598 0.000511
700 1995 598 0.000514
700 1995 598 0.000469
700 1995 598 0.000647
700 1995 598 0.000415
700 1995 598 0.000387
700 1995 598 0.000433
700 1995 598 0.000364
700 1995 598 0.000409
700 1995 598 0.000359
700 1995 598 0.000501
700 1995 598 0.000369
700 1995 598 0.000362
700 1995 598 0.000359
700 1995 598 0.000384
700 1995 598 0.000388
700 1995 598 0.000387
700 1995 598 0.000454
700 1995 598 0.000355
700 1995 598 0.000421
700 1995 598 0.000368
700 1995 598 0.000338
700 1995 598 0.000385
700 1995 598 0.000440
700 1995 598 0.000360
700 1995 598 0.000380
700 1995 598 0.000365
700 1995 598 0.000331
700 1995 598 0.000376
700 1995 598 0.000422
700 1995 598 0.000366
700 1995 598 0.000347
700 1995 598 0.000348
700 1995 598 0.000383
700 1995 598 0.000467
700 1995 598 0.000342
700 1995 598 0.000408
700 1995 598 0.000383
700 1995 598 0.000345
700 1995 598 0.000409
700 1995 598 0.000370
700 1995 598 0.000380
700 1995 598 0.000384
700 1995 598 0.000393
700 1995 598 0.000336
700 1995 598 0.000349
700 1995 598 0.000433
700 1995 598 0.000364
700 1995 598 0.000341
700 1995 598 0.001997
700 1995 598 0.000448
700 1995 598 0.000496
700 1995 598 0.000392
700 1995 598 0.000367
700 1995 598 0.000358
700 1995 598 0.000364
700 1995 598 0.000386
700 1995 598 0.000387
700 1995 598 0.000343
700 1995 598 0.000375
700 1995 598 0.000341
700 1995 598 0.000397
700 1995 598 0.000331
700 1995 598 0.000380
700 1995 598 0.000257
700 1995 598 0.000283
700 1995 598 0.000359
700 1995 598 0.000368
700 1995 598 0.000389
700 1995 598 0.000364
700 1995 598 0.000441
700 1995 598 0.000333
700 1995 598 0.000381
700 1995 598 0.000330
700 1995 598 0.000359
700 1995 598 0.000402
700 1995 598 0.000374
700 1995 598 0.000370
700 1995 598 0.000364
700 1995 598 0.000364
700 1995 598 0.000353
700 1995 598 0.000483
700 1995 598 0.000372
700 1995 598 0.000422
700 1995 598 0.000349
700 1995 598 0.000389
700 1995 598 0.000452
700 1995 598 0.000390
700 1995 598 0.000347
700 1995 598 0.000390
700 1995 598 0.000362
700 1995 598 0.000358
700 1995 598 0.000339
700 1995 598 0.000363
700 1995 598 0.000363
700 1995 598 0.000375
800 2334 700 0.001995
800 2334 700 0.000704
800 2334 700 0.000734
800 2334 700 0.000692
800 2334 700 0.000593
800 2334 700 0.000613
800 2334 700 0.000672
800 2334 700 0.000654
800 2334 700 0.000556
800 2334 700 0.000589
800 2334 700 0.000625
800 2334 700 0.000621
800 2334 700 0.000570
800 2334 700 0.000528
800 2334 700 0.000579
800 2334 700 0.000510
800 2334 700 0.000528
800 2334 700 0.000465
800 2334 700 0.000500
800 2334 700 0.000479
800 2334 700 0.000541
800 2334 700 0.000463
800 2334 700 0.000546
800 2334 700 0.000368
800 2334 700 0.000566
800 2334 700 0.000485
800 2334 700 0.000506
800 2334 700 0.000479
800 2334 700 0.000492
800 2334 700 0.000490
800 2334 700 0.000494
800 2334 700 0.000513
800 2334 700 0.000497
800 2334 700 0.000497
800 2334 700 0.000474
800 2334 700 0.000486
800 2334 700 0.000495
800 2334 700 0.000506
800 2334 700 0.002821
800 2334 700 0.000499
800 2334 700 0.000476
800 2334 700 0.000513
800 2334 700 0.000509
800 2334 700 0.000493
800 2334 700 0.000480
800 2334 700 0.000493
800 2334 700 0.000477
800 2334 700 0.000469
800 2334 700 0.000517
800 2334 700 0.000525
800 2334 700 0.000510
800 2334 700 0.000510
800 2334 700 0.000370
800 2334 700 0.000510
800 2334 700 0.000498
800 2334 700 0.000475
800 2334 700 0.000473
800 2334 700 0.000485
800 2334 700 0.000466
800 2334 700 0.000468
800 2334 700 0.000463
800 2334 700 0.000490
800 2334 700 0.000522
800 2334 700 0.000511
800 2334 700 0.000487
800 2334 700 0.000455
800 2334 700 0.000468
800 2334 700 0.000485
800 2334 700 0.000469
800 2334 700 0.000470
800 2334 700 0.000465
800 2334 700 0.000477
800 2334 700 0.000448
800 2334 700 0.000470
800 2334 700 0.000466
800 2334 700 0.001779
800 2334 700 0.000469
800 2334 700 0.000449
800 2334 700 0.000451
800 2334 700 0.000490
800 2334 700 0.000652
800 2334 700 0.000652
800 2334 700 0.000457
800 2334 700 0.000478
800 2334 700 0.000450
800 2334 700 0.000474
800 2334 700 0.000369
800 2334 700 0.000474
800 2334 700 0.000489
800 2334 700 0.000490
800 2334 700 0.000467
800 2334 700 0.000485
800 2334 700 0.000468
800 2334 700 0.000343
800 2334 700 0.002306
800 2334 700 0.000469
800 2334 700 0.000352
800 2334 700 0.000479
800 2334 700 0.000362
800 2334 700 0.000466
800 2334 700 0.000490
800 2334 700 0.002093
800 2334 700 0.000852
800 2334 700 0.000760
800 2334 700 0.000594
800 2334 700 0.000701
800 2334 700 0.000758
800 2334 700 0.000646
800 2334 700 0.000542
800 2334 700 0.000606
800 2334 700 0.000546
800 2334 700 0.000499
800 2334 700 0.000618
800 2334 700 0.000509
800 2334 700 0.000613
800 2334 700 0.000649
800 2334 700 0.000703
800 2334 700 0.000554
800 2334 700 0.000516
800 2334 700 0.000534
800 2334 700 0.000484
800 2334 700 0.000579
800 2334 700 0.000532
800 2334 700 0.000507
800 2334 700 0.000496
800 2334 700 0.000480
800 2334 700 0.000486
800 2334 700 0.000562
800 2334 700 0.000692
800 2334 700 0.000553
800 2334 700 0.000550
800 2334 700 0.000564
800 2334 700 0.000486
800 2334 700 0.000528
800 2334 700 0.000485
800 2334 700 0.000507
800 2334 700 0.003255
800 2334 700 0.000521
800 2334 700 0.000463
800 2334 700 0.000485
800 2334 700 0.000501
800 2334 700 0.000581
800 2334 700 0.000507
800 2334 700 0.000459
800 2334 700 0.000472
800 2334 700 0.000543
800 2334 700 0.000499
800 2334 700 0.000455
800 2334 700 0.000508
800 2334 700 0.000445
800 2334 700 0.000473
800 2334 700 0.000516
800 2334 700 0.000500
800 2334 700 0.000537
800 2334 700 0.000455
800 2334 700 0.000442
800 2334 700 0.000474
800 2334 700 0.000539
800 2334 700 0.000480
800 2334 700 0.000551
800 2334 700 0.000504
800 2334 700 0.000520
800 2334 700 0.000461
800 2334 700 0.000459
800 2334 700 0.000505
800 2334 700 0.000523
800 2334 700 0.000465
800 2334 700 0.000541
800 2334 700 0.000487
800 2334 700 0.000455
800 2334 700 0.000465
800 2334 700 0.000607
800 2334 700 0.000495
800 2334 700 0.000590
800 2334 700 0.000485
800 2334 700 0.002540
800 2334 700 0.000468
800 2334 700 0.000529
800 2334 700 0.000482
800 2334 700 0.000500
800 2334 700 0.000631
800 2334 700 0.000484
800 2334 700 0.000497
800 2334 700 0.000525
800 2334 700 0.000507
800 2334 700 0.000565
800 2334 700 0.000455
800 2334 700 0.000535
800 2334 700 0.000466
800 2334 700 0.000489
800 2334 700 0.000469
800 2334 700 0.000471
800 2334 700 0.000459
800 2334 700 0.000509
800 2334 700 0.000462
800 2334 700 0.000494
800 2334 700 0.000500
800 2334 700 0.002516
800 2334 700 0.000604
800 2334 700 0.000487
800 2334 700 0.000523
800 2334 700 0.000515
800 2334 700 0.002240
800 2334 700 0.000600
800 2334 700 0.000896
800 2334 700 0.000585
800 2334 700 0.000659
800 2334 700 0.000636
800 2334 700 0.000592
800 2334 700 0.000609
800 2334 700 0.000636
800 2334 700 0.000606
800 2334 700 0.000586
800 2334 700 0.000745
800 2334 700 0.000552
800 2334 700 0.000395
800 2334 700 0.000532
800 2334 700 0.000632
800 2334 700 0.000486
800 2334 700 0.000499
800 2334 700 0.000516
800 2334 700 0.000482
800 2334 700 0.000517
800 2334 700 0.000656
800 2334 700 0.000507
800 2334 700 0.000521
800 2334 700 0.000629
800 2334 700 0.000485
800 2334 700 0.000541
800 2334 700 0.000501
800 2334 700 0.000513
800 2334 700 0.000498
800 2334 700 0.000410
800 2334 700 0.000641
800 2334 700 0.000516
800 2334 700 0.000654
800 2334 700 0.000844
800 2334 700 0.000453
800 2334 700 0.000598
800 2334 700 0.002685
800 2334 700 0.000448
800 2334 700 0.000522
800 2334 700 0.000524
800 2334 700 0.000624
800 2334 700 0.000494
800 2334 700 0.000511
800 2334 700 0.000585
800 2334 700 0.000466
800 2334 700 0.000518
800 2334 700 0.000461
800 2334 700 0.000439
800 2334 700 0.000605
800 2334 700 0.000519
800 2334 700 0.000492
800 2334 700 0.000512
800 2334 700 0.000460
800 2334 700 0.000555
800 2334 700 0.000497
800 2334 700 0.000537
800 2334 700 0.000516
800 2334 700 0.000542
800 2334 700 0.000454
800 2334 700 0.000553
800 2334 700 0.000476
800 2334 700 0.000466
800 2334 700 0.000477
800 2334 700 0.000456
800 2334 700 0.000448
800 2334 700 0.000523
800 2334 700 0.000522
800 2334 700 0.000591
800 2334 700 0.000457
800 2334 700 0.000482
800 2334 700 0.000484
800 2334 700 0.000452
800 2334 700 0.000484
800 2334 700 0.000499
800 2334 700 0.000473
800 2334 700 0.000496
800 2334 700 0.001814
800 2334 700 0.000458
800 2334 700 0.000483
800 2334 700 0.000508
800 2334 700 0.000494
800 2334 700 0.000484
800 2334 700 0.000502
800 2334 700 0.000550
800 2334 700 0.000453
800 2334 700 0.000431
800 2334 700 0.000456
800 2334 700 0.000504
800 2334 700 0.000490
800 2334 700 0.000490
800 2334 700 0.000492
800 2334 700 0.000436
800 2334 700 0.000474
800 2334 700 0.000441
800 2334 700 0.000696
800 2334 700 0.000485
800 2334 700 0.002810
800 2334 700 0.000468
800 2334 700 0.000485
800 2334 700 0.000454
900 2680 804 0.002444
900 2680 804 0.000964
900 2680 804 0.000812
900 2680 804 0.000771
900 2680 804 0.000866
900 2680 804 0.000828
900 2680 804 0.000833
900 2680 804 0.000762
900 2680 804 0.000845
900 2680 804 0.000747
900 2680 804 0.000970
900 2680 804 0.000811
900 2680 804 0.000734
900 2680 804 0.000675
900 2680 804 0.000691
900 2680 804 0.000626
900 2680 804 0.000839
900 2680 804 0.000638
900 2680 804 0.000644
900 2680 804 0.000640
900 2680 804 0.001028
900 2680 804 0.000817
900 2680 804 0.000884
900 2680 804 0.000649
900 2680 804 0.000681
900 2680 804 0.000830
900 2680 804 0.002996
900 2680 804 0.000633
900 2680 804 0.000627
900 2680 804 0.000613
900 2680 804 0.000605
900 2680 804 0.000696
900 2680 804 0.000692
900 2680 804 0.000700
900 2680 804 0.000820
900 2680 804 0.000822
900 2680 804 0.000849
900 2680 804 0.000786
900 2680 804 0.000595
900 2680 804 0.000611
900 2680 804 0.000648
900 2680 804 0.000659
900 2680 804 0.000609
900 2680 804 0.000643
900 2680 804 0.000819
900 2680 804 0.000785
900 2680 804 0.000602
900 2680 804 0.000634
900 2680 804 0.000591
900 2680 804 0.000772
900 2680 804 0.000621
900 2680 804 0.000577
900 2680 804 0.000662
900 2680 804 0.000608
900 2680 804 0.000619
900 2680 804 0.002470
900 2680 804 0.000787
900 2680 804 0.000639
900 2680 804 0.000624
900 2680 804 0.000599
900 2680 804 0.000593
900 2680 804 0.000645
900 2680 804 0.000799
900 2680 804 0.000595
900 2680 804 0.000629
900 2680 804 0.000628
900 2680 804 0.000645
900 2680 804 0.000575
900 2680 804 0.000450
900 2680 804 0.000605
900 2680 804 0.000605
900 2680 804 0.002502
900 2680 804 0.000629
900 2680 804 0.000651
900 2680 804 0.000590
900 2680 804 0.000626
900 2680 804 0.000564
900 2680 804 0.000593
900 2680 804 0.000606
900 2680 804 0.000600
900 2680 804 0.000629
900 2680 804 0.000623
900 2680 804 0.000621
900 2680 804 0.000592
900 2680 804 0.000608
900 2680 804 0.000589
900 2680 804 0.000459
900 2680 804 0.001940
900 2680 804 0.000644
900 2680 804 0.000604
900 2680 804 0.000612
900 2680 804 0.000644
900 2680 804 0.000656
900 2680 804 0.000619
900 2680 804 0.000888
900 2680 804 0.000623
900 2680 804 0.000583
900 2680 804 0.000581
900 2680 804 0.000598
900 2680 804 0.000620
900 2680 804 0.000605
900 2680 804 0.002053
900 2680 804 0.001013
900 2680 804 0.000851
900 2680 804 0.000831
900 2680 804 0.000860
900 2680 804 0.000825
900 2680 804 0.001025
900 2680 804 0.000800
900 2680 804 0.000813
900 2680 804 0.000821
900 2680 804 0.000828
900 2680 804 0.000835
900 2680 804 0.000710
900 2680 804 0.000891
900 2680 804 0.000704
900 2680 804 0.000667
900 2680 804 0.000704
900 2680 804 0.000667
900 2680 804 0.000670
900 2680 804 0.000651
900 2680 804 0.000700
900 2680 804 0.000821
900 2680 804 0.000672
900 2680 804 0.000649
900 2680 804 0.000713
900 2680 804 0.000645
900 2680 804 0.000750
900 2680 804 0.003200
900 2680 804 0.000655
900 2680 804 0.000615
900 2680 804 0.000643
900 2680 804 0.000648
900 2680 804 0.000644
900 2680 804 0.000600
900 2680 804 0.000663
900 2680 804 0.000691
900 2680 804 0.000592
900 2680 804 0.000621
900 2680 804 0.000842
900 2680 804 0.000640
900 2680 804 0.000637
900 2680 804 0.000653
900 2680 804 0.000673
900 2680 804 0.000619
900 2680 804 0.000637
900 2680 804 0.000834
900 2680 804 0.000607
900 2680 804 0.000623
900 2680 804 0.000615
900 2680 804 0.000808
900 2680 804 0.000615
900 2680 804 0.000660
900 2680 804 0.000625
900 2680 804 0.000644
900 2680 804 0.000594
900 2680 804 0.000642
900 2680 804 0.000655
900 2680 804 0.000637
900 2680 804 0.002514
900 2680 804 0.000645
900 2680 804 0.000601
900 2680 804 0.000616
900 2680 804 0.000601
900 2680 804 0.000607
900 2680 804 0.000639
900 2680 804 0.000624
900 2680 804 0.000591
900 2680 804 0.000588
900 2680 804 0.000641
900 2680 804 0.000571
900 2680 804 0.000588
900 2680 804 0.000674
900 2680 804 0.002758
900 2680 804 0.000594
900 2680 804 0.000656
900 2680 804 0.000588
900 2680 804 0.000666
900 2680 804 0.000612
900 2680 804 0.000482
900 2680 804 0.000621
900 2680 804 0.000604
900 2680 804 0.000601
900 2680 804 0.000600
900 2680 804 0.000658
900 2680 804 0.000620
900 2680 804 0.000631
900 2680 804 0.000627
900 2680 804 0.003014
900 2680 804 0.000650
900 2680 804 0.000668
900 2680 804 0.000624
900 2680 804 0.000645
900 2680 804 0.000647
900 2680 804 0.000603
900 2680 804 0.000643
900 2680 804 0.000598
900 2680 804 0.000585
900 2680 804 0.000615
900 2680 804 0.000607
900 2680 804 0.000837
900 2680 804 0.000594
900 2680 804 0.002256
900 2680 804 0.000913
900 2680 804 0.000902
900 2680 804 0.000942
900 2680 804 0.000865
900 2680 804 0.000805
900 2680 804 0.000808
900 2680 804 0.000919
900 2680 804 0.000771
900 2680 804 0.000799
900 2680 804 0.000841
900 2680 804 0.000869
900 2680 804 0.000775
900 2680 804 0.000749
900 2680 804 0.000764
900 2680 804 0.000744
900 2680 804 0.000669
900 2680 804 0.000670
900 2680 804 0.000712
900 2680 804 0.000770
900 2680 804 0.000874
900 2680 804 0.000646
900 2680 804 0.000874
900 2680 804 0.000734
900 2680 804 0.000589
900 2680 804 0.000514
900 2680 804 0.002759
900 2680 804 0.000673
900 2680 804 0.000665
900 2680 804 0.000659
900 2680 804 0.000650
900 2680 804 0.000624
900 2680 804 0.000705
900 2680 804 0.000609
900 2680 804 0.000600
900 2680 804 0.000643
900 2680 804 0.000649
900 2680 804 0.000691
900 2680 804 0.000677
900 2680 804 0.000645
900 2680 804 0.000747
900 2680 804 0.000703
900 2680 804 0.000608
900 2680 804 0.000698
900 2680 804 0.000607
900 2680 804 0.000640
900 2680 804 0.000677
900 2680 804 0.000629
900 2680 804 0.000843
900 2680 804 0.000672
900 2680 804 0.000697
900 2680 804 0.000635
900 2680 804 0.000719
900 2680 804 0.000620
900 2680 804 0.000637
900 2680 804 0.000612
900 2680 804 0.000594
900 2680 804 0.000615
900 2680 804 0.000648
900 2680 804 0.002461
900 2680 804 0.000619
900 2680 804 0.000619
900 2680 804 0.000658
900 2680 804 0.000654
900 2680 804 0.000651
900 2680 804 0.000621
900 2680 804 0.000703
900 2680 804 0.000452
900 2680 804 0.000616
900 2680 804 0.000620
900 2680 804 0.000664
900 2680 804 0.000605
900 2680 804 0.000695
900 2680 804 0.000599
900 2680 804 0.000616
900 2680 804 0.000615
900 2680 804 0.000921
900 2680 804 0.000597
900 2680 804 0.000656
900 2680 804 0.000598
900 2680 804 0.000625
900 2680 804 0.000623
900 2680 804 0.000656
900 2680 804 0.000628
900 2680 804 0.000644
900 2680 804 0.000596
900 2680 804 0.000695
900 2680 804 0.000643
900 2680 804 0.000658
900 2680 804 0.000657
900 2680 804 0.000634
900 2680 804 0.000462
900 2680 804 0.000787
900 2680 804 0.000625
900 2680 804 0.000786
900 2680 804 0.000605
900 2680 804 0.000500
900 2680 804 0.000603
900 2680 804 0.000586
900 2680 804 0.000803
900 2680 804 0.000619
1000 3031 909 0.002470
1000 3031 909 0.001009
1000 3031 909 0.001176
1000 3031 909 0.001065
1000 3031 909 0.001327
1000 3031 909 0.001056
1000 3031 909 0.001112
1000 3031 909 0.001051
1000 3031 909 0.001067
1000 3031 909 0.001020
1000 3031 909 0.000923
1000 3031 909 0.000931
1000 3031 909 0.001022
1000 3031 909 0.000899
1000 3031 909 0.000861
1000 3031 909 0.000853
1000 3031 909 0.000770
1000 3031 909 0.000776
1000 3031 909 0.000753
1000 3031 909 0.000761
1000 3031 909 0.000821
1000 3031 909 0.003656
1000 3031 909 0.000795
1000 3031 909 0.000772
1000 3031 909 0.000818
1000 3031 909 0.000756
1000 3031 909 0.000750
1000 3031 909 0.000785
1000 3031 909 0.000724
1000 3031 909 0.000745
1000 3031 909 0.000840
1000 3031 909 0.000972
1000 3031 909 0.000784
1000 3031 909 0.000738
1000 3031 909 0.000742
1000 3031 909 0.000757
1000 3031 909 0.000774
1000 3031 909 0.000733
1000 3031 909 0.000795
1000 3031 909 0.000744
1000 3031 909 0.000768
1000 3031 909 0.000735
1000 3031 909 0.000813
1000 3031 909 0.002048
1000 3031 909 0.000775
1000 3031 909 0.000746
1000 3031 909 0.000788
1000 3031 909 0.000747
1000 3031 909 0.000754
1000 3031 909 0.000760
1000 3031 909 0.000725
1000 3031 909 0.000749
1000 3031 909 0.000731
1000 3031 909 0.000763
1000 3031 909 0.000745
1000 3031 909 0.000760
1000 3031 909 0.000757
1000 3031 909 0.000821
1000 3031 909 0.000779
1000 3031 909 0.000783
1000 3031 909 0.000701
1000 3031 909 0.000732
1000 3031 909 0.000762
1000 3031 909 0.000779
1000 3031 909 0.000720
1000 3031 909 0.000743
1000 3031 909 0.003009
1000 3031 909 0.000559
1000 3031 909 0.000801
1000 3031 909 0.000772
1000 3031 909 0.000766
1000 3031 909 0.000804
1000 3031 909 0.000731
1000 3031 909 0.000687
1000 3031 909 0.000749
1000 3031 909 0.000765
1000 3031 909 0.000694
1000 3031 909 0.002661
1000 3031 909 0.000759
1000 3031 909 0.000789
1000 3031 909 0.000730
1000 3031 909 0.000773
1000 3031 909 0.000744
1000 3031 909 0.000735
1000 3031 909 0.000780
1000 3031 909 0.000745
1000 3031 909 0.000772
1000 3031 909 0.000745
1000 3031 909 0.000780
1000 3031 909 0.002582
1000 3031 909 0.000778
1000 3031 909 0.000775
1000 3031 909 0.000842
1000 3031 909 0.000708
1000 3031 909 0.000775
1000 3031 909 0.000760
1000 3031 909 0.000811
1000 3031 909 0.000790
1000 3031 909 0.000735
1000 3031 909 0.000714
1000 3031 909 0.000755
1000 3031 909 0.002444
1000 3031 909 0.001151
1000 3031 909 0.000992
1000 3031 909 0.001030
1000 3031 909 0.001124
1000 3031 909 0.001111
1000 3031 909 0.001110
1000 3031 909 0.000966
1000 3031 909 0.001318
1000 3031 909 0.000961
1000 3031 909 0.000897
1000 3031 909 0.001045
1000 3031 909 0.001003
1000 3031 909 0.000967
1000 3031 909 0.000832
1000 3031 909 0.000856
1000 3031 909 0.000807
1000 3031 909 0.000778
1000 3031 909 0.001018
1000 3031 909 0.000750
1000 3031 909 0.003541
1000 3031 909 0.000786
1000 3031 909 0.000746
1000 3031 909 0.000845
1000 3031 909 0.000815
1000 3031 909 0.000780
1000 3031 909 0.000814
1000 3031 909 0.000756
1000 3031 909 0.000763
1000 3031 909 0.000816
1000 3031 909 0.000749
1000 3031 909 0.000805
1000 3031 909 0.000784
1000 3031 909 0.000759
1000 3031 909 0.000723
1000 3031 909 0.000946
1000 3031 909 0.000785
1000 3031 909 0.000827
1000 3031 909 0.000742
1000 3031 909 0.000886
1000 3031 909 0.000779
1000 3031 909 0.000789
1000 3031 909 0.000755
1000 3031 909 0.002119
1000 3031 909 0.000756
1000 3031 909 0.000786
1000 3031 909 0.000741
1000 3031 909 0.000815
1000 3031 909 0.000765
1000 3031 909 0.000780
1000 3031 909 0.000749
1000 3031 909 0.000806
1000 3031 909 0.000713
1000 3031 909 0.000737
1000 3031 909 0.002627
1000 3031 909 0.000765
1000 3031 909 0.000765
1000 3031 909 0.000768
1000 3031 909 0.000772
1000 3031 909 0.000974
1000 3031 909 0.000806
1000 3031 909 0.000769
1000 3031 909 0.000753
1000 3031 909 0.000763
1000 3031 909 0.000797
1000 3031 909 0.000762
1000 3031 909 0.002337
1000 3031 909 0.000806
1000 3031 909 0.000771
1000 3031 909 0.000794
1000 3031 909 0.000723
1000 3031 909 0.000785
1000 3031 909 0.000741
1000 3031 909 0.000699
1000 3031 909 0.000725
1000 3031 909 0.000786
1000 3031 909 0.000797
1000 3031 909 0.000723
1000 3031 909 0.000672
1000 3031 909 0.000750
1000 3031 909 0.000941
1000 3031 909 0.002906
1000 3031 909 0.000764
1000 3031 909 0.000767
1000 3031 909 0.000789
1000 3031 909 0.000804
1000 3031 909 0.000776
1000 3031 909 0.000787
1000 3031 909 0.000717
1000 3031 909 0.000725
1000 3031 909 0.000788
1000 3031 909 0.000749
1000 3031 909 0.000738
1000 3031 909 0.002238
1000 3031 909 0.000719
1000 3031 909 0.000776
1000 3031 909 0.000953
1000 3031 909 0.000715
1000 3031 909 0.000712
1000 3031 909 0.000716
1000 3031 909 0.000572
1000 3031 909 0.002363
1000 3031 909 0.001242
1000 3031 909 0.000956
1000 3031 909 0.001325
1000 3031 909 0.001106
1000 3031 909 0.001091
1000 3031 909 0.001045
1000 3031 909 0.000967
1000 3031 909 0.001072
1000 3031 909 0.000989
1000 3031 909 0.001024
1000 3031 909 0.000992
1000 3031 909 0.000952
1000 3031 909 0.000840
1000 3031 909 0.000900
1000 3031 909 0.000753
1000 3031 909 0.000750
1000 3031 909 0.000982
1000 3031 909 0.000895
1000 3031 909 0.000756
1000 3031 909 0.000830
1000 3031 909 0.000745
1000 3031 909 0.003139
1000 3031 909 0.000754
1000 3031 909 0.000765
1000 3031 909 0.000757
1000 3031 909 0.000716
1000 3031 909 0.000755
1000 3031 909 0.000776
1000 3031 909 0.000748
1000 3031 909 0.000762
1000 3031 909 0.000799
1000 3031 909 0.000818
1000 3031 909 0.000794
1000 3031 909 0.000808
1000 3031 909 0.000773
1000 3031 909 0.000785
1000 3031 909 0.000763
1000 3031 909 0.000776
1000 3031 909 0.000742
1000 3031 909 0.000802
1000 3031 909 0.000774
1000 3031 909 0.000790
1000 3031 909 0.000774
1000 3031 909 0.002799
1000 3031 909 0.000774
1000 3031 909 0.000805
1000 3031 909 0.000801
1000 3031 909 0.000778
1000 3031 909 0.000756
1000 3031 909 0.000776
1000 3031 909 0.000748
1000 3031 909 0.000969
1000 3031 909 0.000722
1000 3031 909 0.000746
1000 3031 909 0.000704
1000 3031 909 0.000753
1000 3031 909 0.002834
1000 3031 909 0.000734
1000 3031 909 0.000754
1000 3031 909 0.000733
1000 3031 909 0.000777
1000 3031 909 0.000734
1000 3031 909 0.000946
1000 3031 909 0.000748
1000 3031 909 0.000729
1000 3031 909 0.000721
1000 3031 909 0.000763
1000 3031 909 0.000698
1000 3031 909 0.000722
1000 3031 909 0.003102
1000 3031 909 0.000747
1000 3031 909 0.000761
1000 3031 909 0.000781
1000 3031 909 0.000715
1000 3031 909 0.000727
1000 3031 909 0.000755
1000 3031 909 0.000734
1000 3031 909 0.000720
1000 3031 909 0.000703
1000 3031 909 0.000728
1000 3031 909 0.000709
1000 3031 909 0.000766
1000 3031 909 0.000807
1000 3031 909 0.000722
1000 3031 909 0.000743
1000 3031 909 0.000746
1000 3031 909 0.000717
1000 3031 909 0.000777
1000 3031 909 0.001041
1000 3031 909 0.000720
1000 3031 909 0.000777
1000 3031 909 0.000757
1000 3031 909 0.000830
1000 3031 909 0.000751
1000 3031 909 0.000747
1000 3031 909 0.000761
1000 3031 909 0.000769
1000 3031 909 0.000760
1000 3031 909 0.000945
1000 3031 909 0.000776
2000 6760 2028 0.012771
2000 6760 2028 0.007636
2000 6760 2028 0.007812
2000 6760 2028 0.008544
2000 6760 2028 0.006768
2000 6760 2028 0.007944
2000 6760 2028 0.006501
2000 6760 2028 0.006796
2000 6760 2028 0.007781
2000 6760 2028 0.005721
2000 6760 2028 0.005567
2000 6760 2028 0.005468
2000 6760 2028 0.005274
2000 6760 2028 0.005868
2000 6760 2028 0.005246
2000 6760 2028 0.005033
2000 6760 2028 0.004386
2000 6760 2028 0.004044
2000 6760 2028 0.004363
2000 6760 2028 0.003584
2000 6760 2028 0.004095
2000 6760 2028 0.003479
2000 6760 2028 0.004084
2000 6760 2028 0.005389
2000 6760 2028 0.003181
2000 6760 2028 0.004275
2000 6760 2028 0.004307
2000 6760 2028 0.003458
2000 6760 2028 0.004138
2000 6760 2028 0.003331
2000 6760 2028 0.004575
2000 6760 2028 0.004513
2000 6760 2028 0.003262
2000 6760 2028 0.004040
2000 6760 2028 0.004176
2000 6760 2028 0.003862
2000 6760 2028 0.003106
2000 6760 2028 0.005408
2000 6760 2028 0.003141
2000 6760 2028 0.004076
2000 6760 2028 0.004189
2000 6760 2028 0.004169
2000 6760 2028 0.004221
2000 6760 2028 0.005385
2000 6760 2028 0.003288
2000 6760 2028 0.003189
2000 6760 2028 0.004030
2000 6760 2028 0.003092
2000 6760 2028 0.003941
2000 6760 2028 0.003913
2000 6760 2028 0.004051
2000 6760 2028 0.003212
2000 6760 2028 0.004193
2000 6760 2028 0.004245
2000 6760 2028 0.003131
2000 6760 2028 0.003849
2000 6760 2028 0.003301
2000 6760 2028 0.004991
2000 6760 2028 0.003972
2000 6760 2028 0.004210
2000 6760 2028 0.004252
2000 6760 2028 0.005072
2000 6760 2028 0.003852
2000 6760 2028 0.004029
2000 6760 2028 0.003300
2000 6760 2028 0.003105
2000 6760 2028 0.003177
2000 6760 2028 0.003015
2000 6760 2028 0.005430
2000 6760 2028 0.002940
2000 6760 2028 0.004194
2000 6760 2028 0.002964
2000 6760 2028 0.003102
2000 6760 2028 0.002961
2000 6760 2028 0.004343
2000 6760 2028 0.003126
2000 6760 2028 0.003782
2000 6760 2028 0.003825
2000 6760 2028 0.004151
2000 6760 2028 0.005157
2000 6760 2028 0.003892
2000 6760 2028 0.003818
2000 6760 2028 0.003754
2000 6760 2028 0.003939
2000 6760 2028 0.002959
2000 6760 2028 0.004047
2000 6760 2028 0.004242
2000 6760 2028 0.004057
2000 6760 2028 0.003826
2000 6760 2028 0.003777
2000 6760 2028 0.004824
2000 6760 2028 0.003106
2000 6760 2028 0.003826
2000 6760 2028 0.003931
2000 6760 2028 0.004041
2000 6760 2028 0.002982
2000 6760 2028 0.002942
2000 6760 2028 0.002957
2000 6760 2028 0.003044
2000 6760 2028 0.004785
2000 6760 2028 0.003021
2000 6760 2028 0.011061
2000 6760 2028 0.006920
2000 6760 2028 0.007910
2000 6760 2028 0.006854
2000 6760 2028 0.006677
2000 6760 2028 0.006715
2000 6760 2028 0.006089
2000 6760 2028 0.006391
2000 6760 2028 0.007474
2000 6760 2028 0.007097
2000 6760 2028 0.006479
2000 6760 2028 0.005335
2000 6760 2028 0.005670
2000 6760 2028 0.004349
2000 6760 2028 0.004739
2000 6760 2028 0.004447
2000 6760 2028 0.003188
2000 6760 2028 0.004285
2000 6760 2028 0.004561
2000 6760 2028 0.003089
2000 6760 2028 0.005038
2000 6760 2028 0.003965
2000 6760 2028 0.002880
2000 6760 2028 0.002843
2000 6760 2028 0.003725
2000 6760 2028 0.003587
2000 6760 2028 0.004620
2000 6760 2028 0.002822
2000 6760 2028 0.003886
2000 6760 2028 0.005135
2000 6760 2028 0.003673
2000 6760 2028 0.003874
2000 6760 2028 0.003904
2000 6760 2028 0.003614
2000 6760 2028 0.003949
2000 6760 2028 0.003645
2000 6760 2028 0.003910
2000 6760 2028 0.002756
2000 6760 2028 0.003731
2000 6760 2028 0.003749
2000 6760 2028 0.004084
2000 6760 2028 0.003946
2000 6760 2028 0.003963
2000 6760 2028 0.003742
2000 6760 2028 0.004591
2000 6760 2028 0.003706
2000 6760 2028 0.002979
2000 6760 2028 0.002950
2000 6760 2028 0.003904
2000 6760 2028 0.003001
2000 6760 2028 0.003989
2000 6760 2028 0.003001
2000 6760 2028 0.003826
2000 6760 2028 0.004786
2000 6760 2028 0.003795
2000 6760 2028 0.002941
2000 6760 2028 0.003759
2000 6760 2028 0.003823
2000 6760 2028 0.004616
2000 6760 2028 0.003813
2000 6760 2028 0.002985
2000 6760 2028 0.003825
2000 6760 2028 0.002995
2000 6760 2028 0.003830
2000 6760 2028 0.003065
2000 6760 2028 0.003785
2000 6760 2028 0.004000
2000 6760 2028 0.003921
2000 6760 2028 0.003115
2000 6760 2028 0.002976
2000 6760 2028 0.003764
2000 6760 2028 0.005182
2000 6760 2028 0.002846
2000 6760 2028 0.003864
2000 6760 2028 0.003960
2000 6760 2028 0.003743
2000 6760 2028 0.003003
2000 6760 2028 0.003782
2000 6760 2028 0.002960
2000 6760 2028 0.003812
2000 6760 2028 0.002933
2000 6760 2028 0.003852
2000 6760 2028 0.003836
2000 6760 2028 0.002992
2000 6760 2028 0.003852
2000 6760 2028 0.003008
2000 6760 2028 0.003901
2000 6760 2028 0.002997
2000 6760 2028 0.003786
2000 6760 2028 0.003781
2000 6760 2028 0.004060
2000 6760 2028 0.004006
2000 6760 2028 0.003056
2000 6760 2028 0.003009
2000 6760 2028 0.004182
2000 6760 2028 0.003038
2000 6760 2028 0.003861
2000 6760 2028 0.002890
2000 6760 2028 0.003124
2000 6760 2028 0.003981
2000 6760 2028 0.003827
2000 6760 2028 0.012002
2000 6760 2028 0.007669
2000 6760 2028 0.009143
2000 6760 2028 0.006700
2000 6760 2028 0.006533
2000 6760 2028 0.006506
2000 6760 2028 0.007681
2000 6760 2028 0.007615
2000 6760 2028 0.005999
2000 6760 2028 0.005534
2000 6760 2028 0.006143
2000 6760 2028 0.004894
2000 6760 2028 0.005290
2000 6760 2028 0.004892
2000 6760 2028 0.004346
2000 6760 2028 0.005583
2000 6760 2028 0.004270
2000 6760 2028 0.004024
2000 6760 2028 0.004073
2000 6760 2028 0.003108
2000 6760 2028 0.004309
2000 6760 2028 0.003909
2000 6760 2028 0.003852
2000 6760 2028 0.003998
2000 6760 2028 0.003876
2000 6760 2028 0.002963
2000 6760 2028 0.002818
2000 6760 2028 0.003879
2000 6760 2028 0.004175
2000 6760 2028 0.003768
2000 6760 2028 0.003710
2000 6760 2028 0.003912
2000 6760 2028 0.004760
2000 6760 2028 0.003093
2000 6760 2028 0.002756
2000 6760 2028 0.003711
2000 6760 2028 0.003898
2000 6760 2028 0.002997
2000 6760 2028 0.002846
2000 6760 2028 0.004946
2000 6760 2028 0.002905
2000 6760 2028 0.002940
2000 6760 2028 0.002975
2000 6760 2028 0.004694
2000 6760 2028 0.002945
2000 6760 2028 0.003738
2000 6760 2028 0.002915
2000 6760 2028 0.003869
2000 6760 2028 0.002927
2000 6760 2028 0.003827
2000 6760 2028 0.002879
2000 6760 2028 0.002936
2000 6760 2028 0.004109
2000 6760 2028 0.005154
2000 6760 2028 0.002960
2000 6760 2028 0.002912
2000 6760 2028 0.003796
2000 6760 2028 0.003721
2000 6760 2028 0.003925
2000 6760 2028 0.003853
2000 6760 2028 0.004636
2000 6760 2028 0.002864
2000 6760 2028 0.002894
2000 6760 2028 0.003733
2000 6760 2028 0.003989
2000 6760 2028 0.003863
2000 6760 2028 0.002926
2000 6760 2028 0.002828
2000 6760 2028 0.003861
2000 6760 2028 0.005021
2000 6760 2028 0.003882
2000 6760 2028 0.002829
2000 6760 2028 0.004251
2000 6760 2028 0.002942
2000 6760 2028 0.003035
2000 6760 2028 0.003736
2000 6760 2028 0.003685
2000 6760 2028 0.003611
2000 6760 2028 0.003982
2000 6760 2028 0.002875
2000 6760 2028 0.003811
2000 6760 2028 0.002799
2000 6760 2028 0.004060
2000 6760 2028 0.002882
2000 6760 2028 0.003114
2000 6760 2028 0.003740
2000 6760 2028 0.003117
2000 6760 2028 0.002899
2000 6760 2028 0.003854
2000 6760 2028 0.002892
2000 6760 2028 0.003046
2000 6760 2028 0.002974
2000 6760 2028 0.003891
2000 6760 2028 0.005092
2000 6760 2028 0.004090
2000 6760 2028 0.002785
2000 6760 2028 0.003068
2000 6760 2028 0.002767
2000 6760 2028 0.003064
2000 6760 2028 0.002848
2000 6760 2028 0.004331
5000 19200 5760 0.256813
5000 19200 5760 0.232288
5000 19200 5760 0.178685
5000 19200 5760 0.170698
5000 19200 5760 0.151774
5000 19200 5760 0.130768
5000 19200 5760 0.116399
5000 19200 5760 0.095478
5000 19200 5760 0.079252
5000 19200 5760 0.066503
5000 19200 5760 0.061707
5000 19200 5760 0.053672
5000 19200 5760 0.044725
5000 19200 5760 0.036471
5000 19200 5760 0.033535
5000 19200 5760 0.029368
5000 19200 5760 0.028837
5000 19200 5760 0.030691
5000 19200 5760 0.029360
5000 19200 5760 0.036697
5000 19200 5760 0.032276
5000 19200 5760 0.026724
5000 19200 5760 0.030981
5000 19200 5760 0.028997
5000 19200 5760 0.028067
5000 19200 5760 0.036660
5000 19200 5760 0.029999
5000 19200 5760 0.033615
5000 19200 5760 0.036391
5000 19200 5760 0.030792
5000 19200 5760 0.033139
5000 19200 5760 0.037798
5000 19200 5760 0.036331
5000 19200 5760 0.032203
5000 19200 5760 0.029597
5000 19200 5760 0.033715
5000 19200 5760 0.045118
5000 19200 5760 0.031526
5000 19200 5760 0.030385
5000 19200 5760 0.033402
5000 19200 5760 0.030774
5000 19200 5760 0.029973
5000 19200 5760 0.031531
5000 19200 5760 0.033411
5000 19200 5760 0.030826
5000 19200 5760 0.039662
5000 19200 5760 0.029388
5000 19200 5760 0.029252
5000 19200 5760 0.028527
5000 19200 5760 0.032411
5000 19200 5760 0.030925
5000 19200 5760 0.033137
5000 19200 5760 0.032490
5000 19200 5760 0.032813
5000 19200 5760 0.031545
5000 19200 5760 0.026099
5000 19200 5760 0.033271
5000 19200 5760 0.036866
5000 19200 5760 0.031180
5000 19200 5760 0.032781
5000 19200 5760 0.031346
5000 19200 5760 0.031579
5000 19200 5760 0.032204
5000 19200 5760 0.027281
5000 19200 5760 0.030811
5000 19200 5760 0.031810
5000 19200 5760 0.034504
5000 19200 5760 0.030192
5000 19200 5760 0.040711
5000 19200 5760 0.028468
5000 19200 5760 0.032503
5000 19200 5760 0.032148
5000 19200 5760 0.028888
5000 19200 5760 0.030432
5000 19200 5760 0.030057
5000 19200 5760 0.036895
5000 19200 5760 0.031732
5000 19200 5760 0.026057
5000 19200 5760 0.045367
5000 19200 5760 0.030337
5000 19200 5760 0.029794
5000 19200 5760 0.039346
5000 19200 5760 0.026643
5000 19200 5760 0.028624
5000 19200 5760 0.032415
5000 19200 5760 0.034216
5000 19200 5760 0.030864
5000 19200 5760 0.032783
5000 19200 5760 0.030698
5000 19200 5760 0.032502
5000 19200 5760 0.028940
5000 19200 5760 0.029767
5000 19200 5760 0.040396
5000 19200 5760 0.028672
5000 19200 5760 0.033148
5000 19200 5760 0.030848
5000 19200 5760 0.032127
5000 19200 5760 0.031117
5000 19200 5760 0.035918
5000 19200 5760 0.032112
5000 19200 5760 0.031327
5000 19200 5760 0.254771
5000 19200 5760 0.218649
5000 19200 5760 0.191030
5000 19200 5760 0.164358
5000 19200 5760 0.157762
5000 19200 5760 0.136012
5000 19200 5760 0.115193
5000 19200 5760 0.101885
5000 19200 5760 0.086345
5000 19200 5760 0.073652
5000 19200 5760 0.063628
5000 19200 5760 0.051992
5000 19200 5760 0.046091
5000 19200 5760 0.039807
5000 19200 5760 0.038416
5000 19200 5760 0.029927
5000 19200 5760 0.031587
5000 19200 5760 0.032867
5000 19200 5760 0.032657
5000 19200 5760 0.028159
5000 19200 5760 0.029229
5000 19200 5760 0.036579
5000 19200 5760 0.030552
5000 19200 5760 0.036287
5000 19200 5760 0.028332
5000 19200 5760 0.039687
5000 19200 5760 0.027613
5000 19200 5760 0.032265
5000 19200 5760 0.030135
5000 19200 5760 0.037726
5000 19200 5760 0.032504
5000 19200 5760 0.030396
5000 19200 5760 0.030773
5000 19200 5760 0.039666
5000 19200 5760 0.038359
5000 19200 5760 0.033124
5000 19200 5760 0.048234
5000 19200 5760 0.030088
5000 19200 5760 0.029117
5000 19200 5760 0.032967
5000 19200 5760 0.027927
5000 19200 5760 0.036797
5000 19200 5760 0.033336
5000 19200 5760 0.032939
5000 19200 5760 0.033064
5000 19200 5760 0.033131
5000 19200 5760 0.037171
5000 19200 5760 0.029486
5000 19200 5760 0.029057
5000 19200 5760 0.030537
5000 19200 5760 0.030160
5000 19200 5760 0.031534
5000 19200 5760 0.037102
5000 19200 5760 0.030709
5000 19200 5760 0.030598
5000 19200 5760 0.036011
5000 19200 5760 0.026061
5000 19200 5760 0.031780
5000 19200 5760 0.032755
5000 19200 5760 0.027918
5000 19200 5760 0.036676
5000 19200 5760 0.028537
5000 19200 5760 0.040252
5000 19200 5760 0.038175
5000 19200 5760 0.032271
5000 19200 5760 0.035986
5000 19200 5760 0.027007
5000 19200 5760 0.030705
5000 19200 5760 0.036170
5000 19200 5760 0.031543
5000 19200 5760 0.032455
5000 19200 5760 0.027862
5000 19200 5760 0.028302
5000 19200 5760 0.029740
5000 19200 5760 0.033701
5000 19200 5760 0.028238
5000 19200 5760 0.030196
5000 19200 5760 0.035039
5000 19200 5760 0.028271
5000 19200 5760 0.035038
5000 19200 5760 0.030094
5000 19200 5760 0.030013
5000 19200 5760 0.028654
5000 19200 5760 0.032324
5000 19200 5760 0.036383
5000 19200 5760 0.037310
5000 19200 5760 0.028979
5000 19200 5760 0.032534
5000 19200 5760 0.031181
5000 19200 5760 0.033363
5000 19200 5760 0.034766
5000 19200 5760 0.028987
5000 19200 5760 0.034543
5000 19200 5760 0.033187
5000 19200 5760 0.030620
5000 19200 5760 0.034591
5000 19200 5760 0.034526
5000 19200 5760 0.025928
5000 19200 5760 0.029326
5000 19200 5760 0.033141
5000 19200 5760 0.036122
5000 19200 5760 0.258864
5000 19200 5760 0.240773
5000 19200 5760 0.207803
5000 19200 5760 0.183126
5000 19200 5760 0.161713
5000 19200 5760 0.148189
5000 19200 5760 0.121126
5000 19200 5760 0.095338
5000 19200 5760 0.078651
5000 19200 5760 0.071597
5000 19200 5760 0.055030
5000 19200 5760 0.042703
5000 19200 5760 0.033924
5000 19200 5760 0.027864
5000 19200 5760 0.033370
5000 19200 5760 0.035399
5000 19200 5760 0.033804
5000 19200 5760 0.030037
5000 19200 5760 0.030906
5000 19200 5760 0.037461
5000 19200 5760 0.037917
5000 19200 5760 0.031925
5000 19200 5760 0.027824
5000 19200 5760 0.036586
5000 19200 5760 0.029971
5000 19200 5760 0.028416
5000 19200 5760 0.042108
5000 19200 5760 0.040091
5000 19200 5760 0.038111
5000 19200 5760 0.031192
5000 19200 5760 0.031086
5000 19200 5760 0.027613
5000 19200 5760 0.031727
5000 19200 5760 0.030017
5000 19200 5760 0.033060
5000 19200 5760 0.031067
5000 19200 5760 0.032008
5000 19200 5760 0.037015
5000 19200 5760 0.034792
5000 19200 5760 0.031123
5000 19200 5760 0.032962
5000 19200 5760 0.030129
5000 19200 5760 0.028345
5000 19200 5760 0.026912
5000 19200 5760 0.030836
5000 19200 5760 0.031254
5000 19200 5760 0.033221
5000 19200 5760 0.032109
5000 19200 5760 0.028666
5000 19200 5760 0.029973
5000 19200 5760 0.032018
5000 19200 5760 0.032363
5000 19200 5760 0.027535
5000 19200 5760 0.031467
5000 19200 5760 0.025979
5000 19200 5760 0.031764
5000 19200 5760 0.025854
5000 19200 5760 0.037633
5000 19200 5760 0.030214
5000 19200 5760 0.037025
5000 19200 5760 0.028013
5000 19200 5760 0.030684
5000 19200 5760 0.038442
5000 19200 5760 0.029754
5000 19200 5760 0.029357
5000 19200 5760 0.033290
5000 19200 5760 0.025473
5000 19200 5760 0.033107
5000 19200 5760 0.036090
5000 19200 5760 0.031859
5000 19200 5760 0.028502
5000 19200 5760 0.029355
5000 19200 5760 0.027136
5000 19200 5760 0.029228
5000 19200 5760 0.032225
5000 19200 5760 0.029600
5000 19200 5760 0.029026
5000 19200 5760 0.030012
5000 19200 5760 0.030860
5000 19200 5760 0.033391
5000 19200 5760 0.035180
5000 19200 5760 0.029775
5000 19200 5760 0.026709
5000 19200 5760 0.032545
5000 19200 5760 0.033561
5000 19200 5760 0.029083
5000 19200 5760 0.034726
5000 19200 5760 0.030295
5000 19200 5760 0.034620
5000 19200 5760 0.029779
5000 19200 5760 0.033666
5000 19200 5760 0.036687
5000 19200 5760 0.028517
5000 19200 5760 0.035097
5000 19200 5760 0.032242
5000 19200 5760 0.029696
5000 19200 5760 0.032370
5000 19200 5760 0.029461
5000 19200 5760 0.032794
5000 19200 5760 0.034579
5000 19200 5760 0.031322
9000 37211 11163 1.133267
9000 37211 11163 1.075776
9000 37211 11163 1.046014
9000 37211 11163 0.962554
9000 37211 11163 0.937630
9000 37211 11163 0.827839
9000 37211 11163 0.763903
9000 37211 11163 0.654066
9000 37211 11163 0.545983
9000 37211 11163 0.419211
9000 37211 11163 0.343360
9000 37211 11163 0.293087
9000 37211 11163 0.301243
9000 37211 11163 0.221797
9000 37211 11163 0.172047
9000 37211 11163 0.132766
9000 37211 11163 0.120213
9000 37211 11163 0.106308
9000 37211 11163 0.103542
9000 37211 11163 0.103607
9000 37211 11163 0.109126
9000 37211 11163 0.117676
9000 37211 11163 0.103066
9000 37211 11163 0.108214
9000 37211 11163 0.105299
9000 37211 11163 0.107605
9000 37211 11163 0.097275
9000 37211 11163 0.098033
9000 37211 11163 0.100078
9000 37211 11163 0.103113
9000 37211 11163 0.108042
9000 37211 11163 0.102122
9000 37211 11163 0.100841
9000 37211 11163 0.140867
9000 37211 11163 0.103918
9000 37211 11163 0.105793
9000 37211 11163 0.100484
9000 37211 11163 0.099201
9000 37211 11163 0.102088
9000 37211 11163 0.120970
9000 37211 11163 0.105081
9000 37211 11163 0.103037
9000 37211 11163 0.103530
9000 37211 11163 0.098990
9000 37211 11163 0.105788
9000 37211 11163 0.113125
9000 37211 11163 0.100852
9000 37211 11163 0.108124
9000 37211 11163 0.105680
9000 37211 11163 0.103597
9000 37211 11163 0.099634
9000 37211 11163 0.101152
9000 37211 11163 0.108690
9000 37211 11163 0.098148
9000 37211 11163 0.100039
9000 37211 11163 0.109062
9000 37211 11163 0.105763
9000 37211 11163 0.145094
9000 37211 11163 0.110147
9000 37211 11163 0.130132
9000 37211 11163 0.103479
9000 37211 11163 0.131853
9000 37211 11163 0.099349
9000 37211 11163 0.116625
9000 37211 11163 0.099989
9000 37211 11163 0.107738
9000 37211 11163 0.102259
9000 37211 11163 0.099597
9000 37211 11163 0.099018
9000 37211 11163 0.096033
9000 37211 11163 0.099692
9000 37211 11163 0.105507
9000 37211 11163 0.097359
9000 37211 11163 0.105291
9000 37211 11163 0.115334
9000 37211 11163 0.101617
9000 37211 11163 0.105013
9000 37211 11163 0.112976
9000 37211 11163 0.101611
9000 37211 11163 0.099375
9000 37211 11163 0.134956
9000 37211 11163 0.101718
9000 37211 11163 0.114513
9000 37211 11163 0.105461
9000 37211 11163 0.101096
9000 37211 11163 0.108810
9000 37211 11163 0.102212
9000 37211 11163 0.115088
9000 37211 11163 0.104265
9000 37211 11163 0.097235
9000 37211 11163 0.101785
9000 37211 11163 0.103865
9000 37211 11163 0.106701
9000 37211 11163 0.113748
9000 37211 11163 0.136630
9000 37211 11163 0.111426
9000 37211 11163 0.112348
9000 37211 11163 0.136362
9000 37211 11163 0.112218
9000 37211 11163 0.117205
9000 37211 11163 0.129755
9000 37211 11163 0.931377
9000 37211 11163 0.882647
9000 37211 11163 0.852077
9000 37211 11163 0.804387
9000 37211 11163 0.800385
9000 37211 11163 0.748738
9000 37211 11163 0.693276
9000 37211 11163 0.582296
9000 37211 11163 0.500116
9000 37211 11163 0.415750
9000 37211 11163 0.372971
9000 37211 11163 0.316042
9000 37211 11163 0.279127
9000 37211 11163 0.230739
9000 37211 11163 0.188112
9000 37211 11163 0.134649
9000 37211 11163 0.108251
9000 37211 11163 0.104289
9000 37211 11163 0.097559
9000 37211 11163 0.102991
9000 37211 11163 0.100294
9000 37211 11163 0.104492
9000 37211 11163 0.096943
9000 37211 11163 0.107164
9000 37211 11163 0.105764
9000 37211 11163 0.109745
9000 37211 11163 0.102054
9000 37211 11163 0.103136
9000 37211 11163 0.112234
9000 37211 11163 0.105631
9000 37211 11163 0.104274
9000 37211 11163 0.106742
9000 37211 11163 0.106402
9000 37211 11163 0.103167
9000 37211 11163 0.108682
9000 37211 11163 0.111635
9000 37211 11163 0.107183
9000 37211 11163 0.098842
9000 37211 11163 0.102457
9000 37211 11163 0.098043
9000 37211 11163 0.111895
9000 37211 11163 0.100168
9000 37211 11163 0.118578
9000 37211 11163 0.102721
9000 37211 11163 0.102552
9000 37211 11163 0.102277
9000 37211 11163 0.096607
9000 37211 11163 0.113222
9000 37211 11163 0.129808
9000 37211 11163 0.142680
9000 37211 11163 0.107662
9000 37211 11163 0.114890
9000 37211 11163 0.138797
9000 37211 11163 0.099595
9000 37211 11163 0.098878
9000 37211 11163 0.106884
9000 37211 11163 0.107692
9000 37211 11163 0.102564
9000 37211 11163 0.100980
9000 37211 11163 0.138114
9000 37211 11163 0.103757
9000 37211 11163 0.107846
9000 37211 11163 0.104335
9000 37211 11163 0.103491
9000 37211 11163 0.110466
9000 37211 11163 0.108602
9000 37211 11163 0.128510
9000 37211 11163 0.116241
9000 37211 11163 0.105670
9000 37211 11163 0.106911
9000 37211 11163 0.108132
9000 37211 11163 0.107204
9000 37211 11163 0.122143
9000 37211 11163 0.104809
9000 37211 11163 0.174476
9000 37211 11163 0.104599
9000 37211 11163 0.110620
9000 37211 11163 0.098896
9000 37211 11163 0.102686
9000 37211 11163 0.100657
9000 37211 11163 0.104865
9000 37211 11163 0.100977
9000 37211 11163 0.108109
9000 37211 11163 0.108624
9000 37211 11163 0.140670
9000 37211 11163 0.097334
9000 37211 11163 0.102389
9000 37211 11163 0.135835
9000 37211 11163 0.104741
9000 37211 11163 0.098375
9000 37211 11163 0.110232
9000 37211 11163 0.134163
9000 37211 11163 0.108212
9000 37211 11163 0.101409
9000 37211 11163 0.099709
9000 37211 11163 0.103987
9000 37211 11163 0.109294
9000 37211 11163 0.110950
9000 37211 11163 0.120991
9000 37211 11163 0.104030
9000 37211 11163 0.102714
9000 37211 11163 1.132904
9000 37211 11163 1.096135
9000 37211 11163 1.082628
9000 37211 11163 1.036489
9000 37211 11163 0.969936
9000 37211 11163 0.867560
9000 37211 11163 0.786417
9000 37211 11163 0.657381
9000 37211 11163 0.517301
9000 37211 11163 0.447724
9000 37211 11163 0.408330
9000 37211 11163 0.350979
9000 37211 11163 0.312857
9000 37211 11163 0.285134
9000 37211 11163 0.250432
9000 37211 11163 0.206417
9000 37211 11163 0.154399
9000 37211 11163 0.118530
9000 37211 11163 0.108787
9000 37211 11163 0.117228
9000 37211 11163 0.105225
9000 37211 11163 0.113567
9000 37211 11163 0.100118
9000 37211 11163 0.111976
9000 37211 11163 0.100476
9000 37211 11163 0.097981
9000 37211 11163 0.108040
9000 37211 11163 0.100902
9000 37211 11163 0.098841
9000 37211 11163 0.099027
9000 37211 11163 0.103339
9000 37211 11163 0.104816
9000 37211 11163 0.126725
9000 37211 11163 0.108978
9000 37211 11163 0.099266
9000 37211 11163 0.109742
9000 37211 11163 0.135055
9000 37211 11163 0.102959
9000 37211 11163 0.107572
9000 37211 11163 0.109771
9000 37211 11163 0.098975
9000 37211 11163 0.104894
9000 37211 11163 0.112482
9000 37211 11163 0.102890
9000 37211 11163 0.106428
9000 37211 11163 0.107254
9000 37211 11163 0.102709
9000 37211 11163 0.109623
9000 37211 11163 0.103140
9000 37211 11163 0.104711
9000 37211 11163 0.107171
9000 37211 11163 0.102785
9000 37211 11163 0.104139
9000 37211 11163 0.097983
9000 37211 11163 0.101444
9000 37211 11163 0.095370
9000 37211 11163 0.103801
9000 37211 11163 0.101590
9000 37211 11163 0.104175
9000 37211 11163 0.100108
9000 37211 11163 0.106797
9000 37211 11163 0.113523
9000 37211 11163 0.106715
9000 37211 11163 0.107588
9000 37211 11163 0.109412
9000 37211 11163 0.105826
9000 37211 11163 0.103803
9000 37211 11163 0.111141
9000 37211 11163 0.122800
9000 37211 11163 0.104208
9000 37211 11163 0.105310
9000 37211 11163 0.101468
9000 37211 11163 0.103141
9000 37211 11163 0.099160
9000 37211 11163 0.100140
9000 37211 11163 0.104495
9000 37211 11163 0.099885
9000 37211 11163 0.105787
9000 37211 11163 0.101046
9000 37211 11163 0.109893
9000 37211 11163 0.105920
9000 37211 11163 0.132069
9000 37211 11163 0.103940
9000 37211 11163 0.107998
9000 37211 11163 0.103125
9000 37211 11163 0.136138
9000 37211 11163 0.115086
9000 37211 11163 0.106768
9000 37211 11163 0.124022
9000 37211 11163 0.102817
9000 37211 11163 0.100659
9000 37211 11163 0.109410
9000 37211 11163 0.107040
9000 37211 11163 0.100387
9000 37211 11163 0.099898
9000 37211 11163 0.098474
9000 37211 11163 0.108720
9000 37211 11163 0.101638
9000 37211 11163 0.106054
9000 37211 11163 0.098851
9000 37211 11163 0.130946
