10 10000 5000 0.006346
10 10000 5000 0.003388
10 10000 5000 0.000037
10 10000 5000 0.006919
10 10000 5000 0.003831
10 10000 5000 0.003011
10 10000 5000 0.005520
10 10000 5000 0.002714
10 10000 5000 0.002486
10 10000 5000 0.002485
10 10000 5000 0.005383
10 10000 5000 0.001079
10 10000 5000 0.012160
10 10000 5000 0.000036
10 10000 5000 0.000053
10 10000 5000 0.000036
10 10000 5000 0.006453
10 10000 5000 0.005286
10 10000 5000 0.002884
10 10000 5000 0.002421
10 10000 5000 0.004757
10 10000 5000 0.001236
10 10000 5000 0.000362
10 10000 5000 0.004805
10 10000 5000 0.002999
10 10000 5000 0.001273
10 10000 5000 0.005453
10 10000 5000 0.002676
10 10000 5000 0.004838
10 10000 5000 0.005468
10 10000 5000 0.002474
10 10000 5000 0.004833
10 10000 5000 0.007101
10 10000 5000 0.002838
10 10000 5000 0.004540
10 10000 5000 0.002604
10 10000 5000 0.000038
50 10000 5000 0.004049
50 10000 5000 0.000183
50 10000 5000 0.002760
50 10000 5000 0.002060
50 10000 5000 0.004056
50 10000 5000 0.000183
50 10000 5000 0.005639
50 10000 5000 0.001088
50 10000 5000 0.007805
50 10000 5000 0.000541
50 10000 5000 0.002830
50 10000 5000 0.001554
50 10000 5000 0.002757
50 10000 5000 0.002759
50 10000 5000 0.001556
50 10000 5000 0.001736
50 10000 5000 0.008749
50 10000 5000 0.007753
50 10000 5000 0.003224
50 10000 5000 0.008516
50 10000 5000 0.009873
50 10000 5000 0.003363
50 10000 5000 0.008056
50 10000 5000 0.002748
50 10000 5000 0.000833
50 10000 5000 0.004869
50 10000 5000 0.007569
50 10000 5000 0.000209
50 10000 5000 0.000189
50 10000 5000 0.000177
50 10000 5000 0.000177
50 10000 5000 0.002737
50 10000 5000 0.002738
50 10000 5000 0.002746
50 10000 5000 0.002709
50 10000 5000 0.002707
50 10000 5000 0.010860
50 10000 5000 0.000918
50 10000 5000 0.000180
50 10000 5000 0.011165
50 10000 5000 0.000178
50 10000 5000 0.004773
50 10000 5000 0.000181
50 10000 5000 0.013479
50 10000 5000 0.001578
50 10000 5000 0.011313
50 10000 5000 0.003664
50 10000 5000 0.004222
50 10000 5000 0.004159
50 10000 5000 0.002757
50 10000 5000 0.008626
50 10000 5000 0.000178
50 10000 5000 0.000178
50 10000 5000 0.009687
100 10000 5000 0.005918
100 10000 5000 0.005269
100 10000 5000 0.008686
100 10000 5000 0.005847
100 10000 5000 0.005259
100 10000 5000 0.005848
100 10000 5000 0.007583
100 10000 5000 0.014318
100 10000 5000 0.006370
100 10000 5000 0.001374
100 10000 5000 0.006113
100 10000 5000 0.004971
100 10000 5000 0.006181
100 10000 5000 0.010318
100 10000 5000 0.004197
100 10000 5000 0.003076
100 10000 5000 0.004314
100 10000 5000 0.005268
100 10000 5000 0.016875
100 10000 5000 0.000358
100 10000 5000 0.003013
100 10000 5000 0.006647
100 10000 5000 0.004355
100 10000 5000 0.004669
100 10000 5000 0.004548
100 10000 5000 0.005058
100 10000 5000 0.003059
100 10000 5000 0.005703
100 10000 5000 0.005113
100 10000 5000 0.002929
100 10000 5000 0.005481
100 10000 5000 0.004790
100 10000 5000 0.003088
100 10000 5000 0.001885
100 10000 5000 0.004296
100 10000 5000 0.003096
100 10000 5000 0.009089
100 10000 5000 0.005176
100 10000 5000 0.003086
100 10000 5000 0.004231
100 10000 5000 0.005844
100 10000 5000 0.003066
100 10000 5000 0.003065
100 10000 5000 0.001127
100 10000 5000 0.006367
100 10000 5000 0.001860
100 10000 5000 0.003056
100 10000 5000 0.003075
100 10000 5000 0.004200
100 10000 5000 0.001845
100 10000 5000 0.001898
100 10000 5000 0.003050
100 10000 5000 0.001893
100 10000 5000 0.004295
100 10000 5000 0.007247
100 10000 5000 0.008986
100 10000 5000 0.005306
100 10000 5000 0.002680
100 10000 5000 0.011710
100 10000 5000 0.016386
100 10000 5000 0.019107
100 10000 5000 0.008120
100 10000 5000 0.005174
100 10000 5000 0.004257
100 10000 5000 0.005605
100 10000 5000 0.007062
100 10000 5000 0.007002
