10 10000 5000 0.004958
10 10000 5000 0.010631
10 10000 5000 0.002476
10 10000 5000 0.002471
10 10000 5000 0.000036
10 10000 5000 0.003587
10 10000 5000 0.003132
10 10000 5000 0.004260
10 10000 5000 0.005227
10 10000 5000 0.005484
10 10000 5000 0.001207
10 10000 5000 0.002460
10 10000 5000 0.002896
10 10000 5000 0.001267
10 10000 5000 0.001273
10 10000 5000 0.003659
10 10000 5000 0.002461
10 10000 5000 0.002905
10 10000 5000 0.005849
10 10000 5000 0.003605
10 10000 5000 0.006061
10 10000 5000 0.002691
10 10000 5000 0.000662
10 10000 5000 0.002475
10 10000 5000 0.003271
10 10000 5000 0.002588
10 10000 5000 0.005128
10 10000 5000 0.002633
10 10000 5000 0.002936
10 10000 5000 0.003438
10 10000 5000 0.007379
10 10000 5000 0.001371
10 10000 5000 0.003891
10 10000 5000 0.003953
10 10000 5000 0.001774
10 10000 5000 0.000040
10 10000 5000 0.000244
50 10000 5000 0.005382
50 10000 5000 0.011419
50 10000 5000 0.004247
50 10000 5000 0.008665
50 10000 5000 0.005735
50 10000 5000 0.007463
50 10000 5000 0.008616
50 10000 5000 0.003770
50 10000 5000 0.004512
50 10000 5000 0.002676
50 10000 5000 0.002774
50 10000 5000 0.000176
50 10000 5000 0.001530
50 10000 5000 0.004625
50 10000 5000 0.004811
50 10000 5000 0.004778
50 10000 5000 0.010215
50 10000 5000 0.000184
50 10000 5000 0.005690
50 10000 5000 0.007913
50 10000 5000 0.008217
50 10000 5000 0.005816
50 10000 5000 0.000175
50 10000 5000 0.005216
50 10000 5000 0.002860
50 10000 5000 0.009212
50 10000 5000 0.000188
50 10000 5000 0.008863
50 10000 5000 0.000194
50 10000 5000 0.000759
50 10000 5000 0.000175
50 10000 5000 0.002317
50 10000 5000 0.003331
50 10000 5000 0.000175
50 10000 5000 0.004143
50 10000 5000 0.002929
50 10000 5000 0.003434
50 10000 5000 0.000370
50 10000 5000 0.006162
50 10000 5000 0.001622
50 10000 5000 0.002711
50 10000 5000 0.000835
50 10000 5000 0.000175
50 10000 5000 0.004347
50 10000 5000 0.003952
50 10000 5000 0.002729
50 10000 5000 0.002750
50 10000 5000 0.002732
50 10000 5000 0.002885
50 10000 5000 0.001531
50 10000 5000 0.003376
50 10000 5000 0.002719
50 10000 5000 0.002843
50 10000 5000 0.008233
50 10000 5000 0.005463
50 10000 5000 0.002918
100 10000 5000 0.005821
100 10000 5000 0.009110
100 10000 5000 0.006311
100 10000 5000 0.016014
100 10000 5000 0.004721
100 10000 5000 0.007838
100 10000 5000 0.010672
100 10000 5000 0.003162
100 10000 5000 0.005881
100 10000 5000 0.003486
100 10000 5000 0.003980
100 10000 5000 0.005662
100 10000 5000 0.004759
100 10000 5000 0.005369
100 10000 5000 0.004118
100 10000 5000 0.003112
100 10000 5000 0.007837
100 10000 5000 0.006221
100 10000 5000 0.006085
100 10000 5000 0.007497
100 10000 5000 0.003084
100 10000 5000 0.002362
100 10000 5000 0.005395
100 10000 5000 0.011110
100 10000 5000 0.007395
100 10000 5000 0.005468
100 10000 5000 0.004227
100 10000 5000 0.003093
100 10000 5000 0.003523
100 10000 5000 0.008207
100 10000 5000 0.000361
100 10000 5000 0.003103
100 10000 5000 0.003036
100 10000 5000 0.004285
100 10000 5000 0.003074
100 10000 5000 0.000351
100 10000 5000 0.000350
100 10000 5000 0.003833
100 10000 5000 0.003098
100 10000 5000 0.003112
100 10000 5000 0.007476
100 10000 5000 0.006646
100 10000 5000 0.000429
100 10000 5000 0.008571
100 10000 5000 0.004341
100 10000 5000 0.005828
100 10000 5000 0.006501
100 10000 5000 0.005782
100 10000 5000 0.004603
100 10000 5000 0.002139
100 10000 5000 0.010571
100 10000 5000 0.002923
100 10000 5000 0.002369
100 10000 5000 0.003087
100 10000 5000 0.003900
100 10000 5000 0.003118
100 10000 5000 0.008304
100 10000 5000 0.001878
100 10000 5000 0.002112
100 10000 5000 0.003125
100 10000 5000 0.005439
100 10000 5000 0.004301
100 10000 5000 0.004538
100 10000 5000 0.008942
100 10000 5000 0.008170
100 10000 5000 0.007212
100 10000 5000 0.000357
100 10000 5000 0.003028
10 10000 5000 0.004060
10 10000 5000 0.000039
10 10000 5000 0.001244
10 10000 5000 0.001005
10 10000 5000 0.000036
10 10000 5000 0.004243
10 10000 5000 0.004808
10 10000 5000 0.007544
10 10000 5000 0.004382
10 10000 5000 0.006783
10 10000 5000 0.006194
10 10000 5000 0.001270
10 10000 5000 0.002476
10 10000 5000 0.004861
10 10000 5000 0.001273
10 10000 5000 0.001369
10 10000 5000 0.002592
10 10000 5000 0.007575
10 10000 5000 0.005131
10 10000 5000 0.005444
10 10000 5000 0.002859
10 10000 5000 0.006881
10 10000 5000 0.000046
10 10000 5000 0.001001
10 10000 5000 0.002410
10 10000 5000 0.002476
10 10000 5000 0.000036
10 10000 5000 0.006330
10 10000 5000 0.000036
10 10000 5000 0.001116
10 10000 5000 0.004164
10 10000 5000 0.004740
10 10000 5000 0.006158
10 10000 5000 0.003031
10 10000 5000 0.003486
10 10000 5000 0.003569
10 10000 5000 0.000042
50 10000 5000 0.003995
50 10000 5000 0.008163
50 10000 5000 0.005345
50 10000 5000 0.008976
50 10000 5000 0.002097
50 10000 5000 0.008725
50 10000 5000 0.000176
50 10000 5000 0.004070
50 10000 5000 0.004336
50 10000 5000 0.000193
50 10000 5000 0.003744
50 10000 5000 0.006004
50 10000 5000 0.005025
50 10000 5000 0.008126
50 10000 5000 0.000175
50 10000 5000 0.000554
50 10000 5000 0.000176
50 10000 5000 0.000204
50 10000 5000 0.008674
50 10000 5000 0.005771
50 10000 5000 0.002745
50 10000 5000 0.006964
50 10000 5000 0.007279
50 10000 5000 0.002754
50 10000 5000 0.002922
50 10000 5000 0.002754
50 10000 5000 0.004499
50 10000 5000 0.007402
50 10000 5000 0.000175
50 10000 5000 0.002708
50 10000 5000 0.002765
50 10000 5000 0.002674
50 10000 5000 0.002761
50 10000 5000 0.002714
50 10000 5000 0.002730
50 10000 5000 0.002692
50 10000 5000 0.003294
50 10000 5000 0.003263
50 10000 5000 0.002744
50 10000 5000 0.002503
50 10000 5000 0.002961
50 10000 5000 0.010508
50 10000 5000 0.006782
50 10000 5000 0.003390
50 10000 5000 0.000609
50 10000 5000 0.004191
50 10000 5000 0.005603
50 10000 5000 0.000175
50 10000 5000 0.006408
50 10000 5000 0.001218
50 10000 5000 0.004116
50 10000 5000 0.006224
50 10000 5000 0.000178
50 10000 5000 0.006171
100 10000 5000 0.006849
100 10000 5000 0.005275
100 10000 5000 0.002898
100 10000 5000 0.016594
100 10000 5000 0.003841
100 10000 5000 0.003108
100 10000 5000 0.009441
100 10000 5000 0.011948
100 10000 5000 0.005829
100 10000 5000 0.005862
100 10000 5000 0.004266
100 10000 5000 0.005850
100 10000 5000 0.003089
100 10000 5000 0.011031
100 10000 5000 0.011678
100 10000 5000 0.017155
100 10000 5000 0.006463
100 10000 5000 0.005078
100 10000 5000 0.003589
100 10000 5000 0.004106
100 10000 5000 0.003073
100 10000 5000 0.003093
100 10000 5000 0.009381
100 10000 5000 0.004555
100 10000 5000 0.001324
100 10000 5000 0.005200
100 10000 5000 0.007292
100 10000 5000 0.008849
100 10000 5000 0.012802
100 10000 5000 0.001898
100 10000 5000 0.004607
100 10000 5000 0.007344
100 10000 5000 0.006191
100 10000 5000 0.004158
100 10000 5000 0.003356
100 10000 5000 0.003849
100 10000 5000 0.004566
100 10000 5000 0.005061
100 10000 5000 0.007021
100 10000 5000 0.005825
100 10000 5000 0.003985
100 10000 5000 0.000953
100 10000 5000 0.004265
100 10000 5000 0.007767
100 10000 5000 0.000514
100 10000 5000 0.009101
100 10000 5000 0.005556
100 10000 5000 0.003766
100 10000 5000 0.004677
100 10000 5000 0.004242
100 10000 5000 0.003085
100 10000 5000 0.003078
100 10000 5000 0.003032
100 10000 5000 0.003058
100 10000 5000 0.009617
100 10000 5000 0.006620
100 10000 5000 0.006302
100 10000 5000 0.004276
100 10000 5000 0.002873
100 10000 5000 0.004609
100 10000 5000 0.005788
100 10000 5000 0.017222
100 10000 5000 0.003092
100 10000 5000 0.015399
100 10000 5000 0.003604
100 10000 5000 0.007690
100 10000 5000 0.003098
100 10000 5000 0.003229
10 10000 5000 0.004948
10 10000 5000 0.005188
10 10000 5000 0.004813
10 10000 5000 0.003616
10 10000 5000 0.003462
10 10000 5000 0.008592
10 10000 5000 0.005058
10 10000 5000 0.003560
10 10000 5000 0.002424
10 10000 5000 0.002472
10 10000 5000 0.002472
10 10000 5000 0.006330
10 10000 5000 0.004176
10 10000 5000 0.006838
10 10000 5000 0.001253
10 10000 5000 0.003647
10 10000 5000 0.002465
10 10000 5000 0.007218
10 10000 5000 0.003009
10 10000 5000 0.002476
10 10000 5000 0.002474
10 10000 5000 0.005792
10 10000 5000 0.000036
10 10000 5000 0.002966
10 10000 5000 0.005595
10 10000 5000 0.001539
10 10000 5000 0.003479
10 10000 5000 0.001243
10 10000 5000 0.001253
10 10000 5000 0.004113
10 10000 5000 0.001913
10 10000 5000 0.002767
10 10000 5000 0.005199
10 10000 5000 0.007153
10 10000 5000 0.000036
10 10000 5000 0.008575
10 10000 5000 0.002038
50 10000 5000 0.006753
50 10000 5000 0.002624
50 10000 5000 0.000677
50 10000 5000 0.008803
50 10000 5000 0.001535
50 10000 5000 0.010692
50 10000 5000 0.002727
50 10000 5000 0.005306
50 10000 5000 0.006256
50 10000 5000 0.006280
50 10000 5000 0.006031
50 10000 5000 0.004876
50 10000 5000 0.007411
50 10000 5000 0.002755
50 10000 5000 0.002751
50 10000 5000 0.000175
50 10000 5000 0.000303
50 10000 5000 0.001675
50 10000 5000 0.003162
50 10000 5000 0.002716
50 10000 5000 0.002754
50 10000 5000 0.007831
50 10000 5000 0.003119
50 10000 5000 0.002676
50 10000 5000 0.002687
50 10000 5000 0.003919
50 10000 5000 0.002699
50 10000 5000 0.003857
50 10000 5000 0.002699
50 10000 5000 0.003924
50 10000 5000 0.003914
50 10000 5000 0.009244
50 10000 5000 0.002744
50 10000 5000 0.006552
50 10000 5000 0.006911
50 10000 5000 0.003459
50 10000 5000 0.006640
50 10000 5000 0.010493
50 10000 5000 0.001340
50 10000 5000 0.008606
50 10000 5000 0.002805
50 10000 5000 0.005624
50 10000 5000 0.015769
50 10000 5000 0.003008
50 10000 5000 0.006499
50 10000 5000 0.000891
50 10000 5000 0.007101
50 10000 5000 0.002122
50 10000 5000 0.007647
50 10000 5000 0.000190
50 10000 5000 0.002723
100 10000 5000 0.005923
100 10000 5000 0.004666
100 10000 5000 0.011927
100 10000 5000 0.003987
100 10000 5000 0.006357
100 10000 5000 0.004550
100 10000 5000 0.005235
100 10000 5000 0.007049
100 10000 5000 0.004278
100 10000 5000 0.005710
100 10000 5000 0.003086
100 10000 5000 0.001381
100 10000 5000 0.000353
100 10000 5000 0.003110
100 10000 5000 0.003060
100 10000 5000 0.005797
100 10000 5000 0.004640
100 10000 5000 0.007287
100 10000 5000 0.001340
100 10000 5000 0.003350
100 10000 5000 0.005817
100 10000 5000 0.003095
100 10000 5000 0.003111
100 10000 5000 0.005784
100 10000 5000 0.003075
100 10000 5000 0.002019
100 10000 5000 0.004289
100 10000 5000 0.003048
100 10000 5000 0.006260
100 10000 5000 0.013280
100 10000 5000 0.004656
100 10000 5000 0.004937
100 10000 5000 0.002460
100 10000 5000 0.000541
100 10000 5000 0.011779
100 10000 5000 0.003019
100 10000 5000 0.004560
100 10000 5000 0.004031
100 10000 5000 0.007197
100 10000 5000 0.003416
100 10000 5000 0.006603
100 10000 5000 0.003075
100 10000 5000 0.003813
100 10000 5000 0.005788
100 10000 5000 0.003279
100 10000 5000 0.003478
100 10000 5000 0.006010
100 10000 5000 0.002414
100 10000 5000 0.006706
100 10000 5000 0.003042
100 10000 5000 0.003034
100 10000 5000 0.003050
100 10000 5000 0.004214
100 10000 5000 0.003018
100 10000 5000 0.003055
100 10000 5000 0.005118
100 10000 5000 0.003525
100 10000 5000 0.003080
100 10000 5000 0.003072
100 10000 5000 0.001856
100 10000 5000 0.003111
100 10000 5000 0.003073
100 10000 5000 0.003081
100 10000 5000 0.005813
100 10000 5000 0.002715
100 10000 5000 0.005808
100 10000 5000 0.004308
100 10000 5000 0.004885
100 10000 5000 0.015593
100 10000 5000 0.003144
100 10000 5000 0.005788
100 10000 5000 0.012688
100 10000 5000 0.004054
100 10000 5000 0.001914
100 10000 5000 0.003372
