10 10000 5000 0.000068
10 10000 5000 0.000043
10 10000 5000 0.000038
10 10000 5000 0.000040
10 10000 5000 0.000040
10 10000 5000 0.000036
10 10000 5000 0.000038
10 10000 5000 0.000037
10 10000 5000 0.000038
10 10000 5000 0.000035
10 10000 5000 0.000036
10 10000 5000 0.000038
10 10000 5000 0.000036
10 10000 5000 0.000039
10 10000 5000 0.000036
10 10000 5000 0.000037
10 10000 5000 0.000035
10 10000 5000 0.000036
10 10000 5000 0.000039
10 10000 5000 0.000039
10 10000 5000 0.000037
10 10000 5000 0.000038
10 10000 5000 0.000037
10 10000 5000 0.000037
10 10000 5000 0.000040
10 10000 5000 0.000039
10 10000 5000 0.000038
10 10000 5000 0.000038
10 10000 5000 0.000037
10 10000 5000 0.000038
10 10000 5000 0.000041
10 10000 5000 0.000038
10 10000 5000 0.000039
10 10000 5000 0.000039
10 10000 5000 0.000034
10 10000 5000 0.000038
10 10000 5000 0.000040
50 10000 5000 0.000294
50 10000 5000 0.000154
50 10000 5000 0.000161
50 10000 5000 0.000150
50 10000 5000 0.000145
50 10000 5000 0.000146
50 10000 5000 0.000137
50 10000 5000 0.000138
50 10000 5000 0.000147
50 10000 5000 0.000140
50 10000 5000 0.000139
50 10000 5000 0.000140
50 10000 5000 0.001346
50 10000 5000 0.000158
50 10000 5000 0.000142
50 10000 5000 0.000137
50 10000 5000 0.000131
50 10000 5000 0.000138
50 10000 5000 0.005543
50 10000 5000 0.000146
50 10000 5000 0.000149
50 10000 5000 0.000157
50 10000 5000 0.000139
50 10000 5000 0.000145
50 10000 5000 0.000140
50 10000 5000 0.000146
50 10000 5000 0.000143
50 10000 5000 0.000138
50 10000 5000 0.000134
50 10000 5000 0.000138
50 10000 5000 0.000142
50 10000 5000 0.000143
50 10000 5000 0.000138
50 10000 5000 0.000138
50 10000 5000 0.000144
50 10000 5000 0.000141
50 10000 5000 0.000131
50 10000 5000 0.000210
50 10000 5000 0.000138
50 10000 5000 0.000135
50 10000 5000 0.000136
50 10000 5000 0.000135
50 10000 5000 0.000135
50 10000 5000 0.000138
50 10000 5000 0.000136
50 10000 5000 0.000139
50 10000 5000 0.000140
50 10000 5000 0.000140
50 10000 5000 0.000138
50 10000 5000 0.000145
50 10000 5000 0.000143
50 10000 5000 0.000143
50 10000 5000 0.000137
50 10000 5000 0.000132
50 10000 5000 0.000142
50 10000 5000 0.000141
50 10000 5000 0.000133
50 10000 5000 0.000139
50 10000 5000 0.000149
50 10000 5000 0.000147
50 10000 5000 0.000144
50 10000 5000 0.000145
50 10000 5000 0.000140
50 10000 5000 0.000135
50 10000 5000 0.000149
50 10000 5000 0.000153
50 10000 5000 0.000148
50 10000 5000 0.000146
50 10000 5000 0.000145
50 10000 5000 0.000139
50 10000 5000 0.000143
50 10000 5000 0.000130
50 10000 5000 0.000259
50 10000 5000 0.000149
50 10000 5000 0.000145
50 10000 5000 0.000139
50 10000 5000 0.000141
50 10000 5000 0.000134
50 10000 5000 0.000133
50 10000 5000 0.000135
50 10000 5000 0.000141
50 10000 5000 0.000140
50 10000 5000 0.000143
50 10000 5000 0.000142
100 10000 5000 0.000677
100 10000 5000 0.000247
100 10000 5000 0.000222
100 10000 5000 0.000252
100 10000 5000 0.000263
100 10000 5000 0.000225
100 10000 5000 0.000263
100 10000 5000 0.000250
100 10000 5000 0.000284
100 10000 5000 0.000261
100 10000 5000 0.000238
100 10000 5000 0.000224
100 10000 5000 0.000237
100 10000 5000 0.000264
100 10000 5000 0.000291
100 10000 5000 0.000218
100 10000 5000 0.000242
100 10000 5000 0.000251
100 10000 5000 0.000251
100 10000 5000 0.000263
100 10000 5000 0.000250
100 10000 5000 0.000246
100 10000 5000 0.000229
100 10000 5000 0.000286
100 10000 5000 0.000233
100 10000 5000 0.000257
100 10000 5000 0.000278
100 10000 5000 0.000218
100 10000 5000 0.000265
100 10000 5000 0.000263
100 10000 5000 0.000227
100 10000 5000 0.000248
100 10000 5000 0.000237
100 10000 5000 0.000256
100 10000 5000 0.000266
100 10000 5000 0.000247
100 10000 5000 0.000226
100 10000 5000 0.000277
100 10000 5000 0.000223
100 10000 5000 0.000225
100 10000 5000 0.000239
100 10000 5000 0.000234
100 10000 5000 0.000269
100 10000 5000 0.000230
100 10000 5000 0.000280
100 10000 5000 0.000278
100 10000 5000 0.000299
100 10000 5000 0.000268
100 10000 5000 0.000255
100 10000 5000 0.000225
100 10000 5000 0.000240
100 10000 5000 0.000223
100 10000 5000 0.000228
100 10000 5000 0.000221
100 10000 5000 0.000267
100 10000 5000 0.000225
100 10000 5000 0.000233
100 10000 5000 0.000241
100 10000 5000 0.000217
100 10000 5000 0.000239
100 10000 5000 0.000224
100 10000 5000 0.000247
100 10000 5000 0.000226
100 10000 5000 0.000276
100 10000 5000 0.000299
100 10000 5000 0.000261
100 10000 5000 0.000218
100 10000 5000 0.000242
100 10000 5000 0.000258
100 10000 5000 0.000253
100 10000 5000 0.000250
100 10000 5000 0.000239
100 10000 5000 0.000224
100 10000 5000 0.000236
100 10000 5000 0.000263
100 10000 5000 0.000249
100 10000 5000 0.000237
100 10000 5000 0.000230
100 10000 5000 0.000224
100 10000 5000 0.000220
100 10000 5000 0.000298
100 10000 5000 0.000268
100 10000 5000 0.000228
100 10000 5000 0.000243
100 10000 5000 0.000221
100 10000 5000 0.000239
