100 185 55 0.000017
100 185 55 0.000006
100 185 55 0.000005
100 185 55 0.000006
100 185 55 0.000005
100 185 55 0.000007
100 185 55 0.000006
100 185 55 0.000006
100 185 55 0.000005
100 185 55 0.000006
100 185 55 0.000006
100 185 55 0.000006
100 185 55 0.000006
100 185 55 0.000006
100 185 55 0.000005
100 185 55 0.000006
100 185 55 0.000006
100 185 55 0.000006
100 185 55 0.000005
100 185 55 0.000007
100 185 55 0.000006
100 185 55 0.000007
100 185 55 0.000006
100 185 55 0.000006
100 185 55 0.000006
100 185 55 0.000006
100 185 55 0.000006
100 185 55 0.000006
100 185 55 0.000006
100 185 55 0.000006
100 185 55 0.000006
100 185 55 0.000006
100 185 55 0.000005
100 185 55 0.000006
100 185 55 0.000005
100 185 55 0.000006
100 185 55 0.000006
100 185 55 0.000006
100 185 55 0.000005
100 185 55 0.000006
100 185 55 0.000006
100 185 55 0.000006
100 185 55 0.000006
100 185 55 0.000006
100 185 55 0.000006
100 185 55 0.000006
100 185 55 0.000006
100 185 55 0.000006
100 185 55 0.000005
100 185 55 0.000006
100 185 55 0.000006
100 185 55 0.000006
100 185 55 0.000006
100 185 55 0.000007
100 185 55 0.000005
100 185 55 0.000006
100 185 55 0.000005
100 185 55 0.000006
100 185 55 0.000005
100 185 55 0.000006
100 185 55 0.000005
100 185 55 0.000006
100 185 55 0.000006
100 185 55 0.000006
100 185 55 0.000005
100 185 55 0.000006
100 185 55 0.000006
100 185 55 0.000006
100 185 55 0.000005
100 185 55 0.000006
100 185 55 0.000006
100 185 55 0.000006
100 185 55 0.000005
100 185 55 0.000006
100 185 55 0.000005
100 185 55 0.000006
100 185 55 0.000005
100 185 55 0.000006
100 185 55 0.000005
100 185 55 0.000006
100 185 55 0.000005
100 185 55 0.000009
100 185 55 0.000005
100 185 55 0.000006
100 185 55 0.000005
100 185 55 0.000006
100 185 55 0.000005
100 185 55 0.000005
100 185 55 0.000006
100 185 55 0.000006
100 185 55 0.000005
100 185 55 0.000006
100 185 55 0.000005
100 185 55 0.000006
100 185 55 0.000005
100 185 55 0.000006
100 185 55 0.000006
100 185 55 0.000006
100 185 55 0.000006
100 185 55 0.000006
100 185 55 0.000005
100 185 55 0.000015
100 185 55 0.000007
100 185 55 0.000007
100 185 55 0.000007
100 185 55 0.000006
100 185 55 0.000007
100 185 55 0.000006
100 185 55 0.000006
100 185 55 0.000006
100 185 55 0.000007
100 185 55 0.000006
100 185 55 0.000007
100 185 55 0.000006
100 185 55 0.000007
100 185 55 0.000006
100 185 55 0.000006
100 185 55 0.000006
100 185 55 0.000006
100 185 55 0.000006
100 185 55 0.000006
100 185 55 0.000005
100 185 55 0.000006
100 185 55 0.000006
100 185 55 0.000007
100 185 55 0.000006
100 185 55 0.000006
100 185 55 0.000006
100 185 55 0.000006
100 185 55 0.000006
100 185 55 0.000007
100 185 55 0.000006
100 185 55 0.000006
100 185 55 0.000006
100 185 55 0.000006
100 185 55 0.000005
100 185 55 0.000006
100 185 55 0.000005
100 185 55 0.000007
100 185 55 0.000005
100 185 55 0.000006
100 185 55 0.000005
100 185 55 0.000006
100 185 55 0.000005
100 185 55 0.000006
100 185 55 0.000005
100 185 55 0.000005
100 185 55 0.000005
100 185 55 0.000006
100 185 55 0.000005
100 185 55 0.000007
100 185 55 0.000005
100 185 55 0.000007
100 185 55 0.000005
100 185 55 0.000006
100 185 55 0.000006
100 185 55 0.000006
100 185 55 0.000005
100 185 55 0.000006
100 185 55 0.000006
100 185 55 0.000006
100 185 55 0.000006
100 185 55 0.000007
100 185 55 0.000006
100 185 55 0.000006
100 185 55 0.000005
100 185 55 0.000006
100 185 55 0.000006
100 185 55 0.000007
100 185 55 0.000006
100 185 55 0.000006
100 185 55 0.000006
100 185 55 0.000007
100 185 55 0.000006
100 185 55 0.000007
100 185 55 0.000005
100 185 55 0.000006
100 185 55 0.000006
100 185 55 0.000006
100 185 55 0.000006
100 185 55 0.000006
100 185 55 0.000005
100 185 55 0.000007
100 185 55 0.000006
100 185 55 0.000007
100 185 55 0.000005
100 185 55 0.000007
100 185 55 0.000006
100 185 55 0.000007
100 185 55 0.000005
100 185 55 0.000006
100 185 55 0.000005
100 185 55 0.000006
100 185 55 0.000005
100 185 55 0.000006
100 185 55 0.000006
100 185 55 0.000006
100 185 55 0.000005
100 185 55 0.000006
100 185 55 0.000006
100 185 55 0.000006
100 185 55 0.000006
100 185 55 0.000016
100 185 55 0.000006
100 185 55 0.000006
100 185 55 0.000007
100 185 55 0.000006
100 185 55 0.000006
100 185 55 0.000006
100 185 55 0.000006
100 185 55 0.000006
100 185 55 0.000006
100 185 55 0.000006
100 185 55 0.000007
100 185 55 0.000007
100 185 55 0.000007
100 185 55 0.000006
100 185 55 0.000006
100 185 55 0.000006
100 185 55 0.000007
100 185 55 0.000006
100 185 55 0.000007
100 185 55 0.000006
100 185 55 0.000006
100 185 55 0.000006
100 185 55 0.000006
100 185 55 0.000007
100 185 55 0.000006
100 185 55 0.000006
100 185 55 0.000006
100 185 55 0.000006
100 185 55 0.000006
100 185 55 0.000006
100 185 55 0.000006
100 185 55 0.000007
100 185 55 0.000006
100 185 55 0.000006
100 185 55 0.000006
100 185 55 0.000006
100 185 55 0.000006
100 185 55 0.000007
100 185 55 0.000006
100 185 55 0.000006
100 185 55 0.000006
100 185 55 0.000006
100 185 55 0.000007
100 185 55 0.000006
100 185 55 0.000006
100 185 55 0.000007
100 185 55 0.000007
100 185 55 0.000007
100 185 55 0.000006
100 185 55 0.000005
100 185 55 0.000006
100 185 55 0.000006
100 185 55 0.000007
100 185 55 0.000006
100 185 55 0.000007
100 185 55 0.000006
100 185 55 0.000006
100 185 55 0.000006
100 185 55 0.000006
100 185 55 0.000006
100 185 55 0.000007
100 185 55 0.000006
100 185 55 0.000006
100 185 55 0.000007
100 185 55 0.000006
100 185 55 0.000007
100 185 55 0.000006
100 185 55 0.000006
100 185 55 0.000007
100 185 55 0.000006
100 185 55 0.000007
100 185 55 0.000006
100 185 55 0.000006
100 185 55 0.000006
100 185 55 0.000006
100 185 55 0.000006
100 185 55 0.000006
100 185 55 0.000006
100 185 55 0.000007
100 185 55 0.000006
100 185 55 0.000007
100 185 55 0.000006
100 185 55 0.000007
100 185 55 0.000006
100 185 55 0.000007
100 185 55 0.000006
100 185 55 0.000006
100 185 55 0.000006
100 185 55 0.000006
100 185 55 0.000006
100 185 55 0.000006
100 185 55 0.000006
100 185 55 0.000007
100 185 55 0.000006
100 185 55 0.000007
100 185 55 0.000006
100 185 55 0.000006
100 185 55 0.000006
100 185 55 0.000006
100 185 55 0.000005
200 442 132 0.000062
200 442 132 0.000024
200 442 132 0.000036
200 442 132 0.000030
200 442 132 0.000030
200 442 132 0.000029
200 442 132 0.000030
200 442 132 0.000029
200 442 132 0.000030
200 442 132 0.000028
200 442 132 0.000031
200 442 132 0.000023
200 442 132 0.000032
200 442 132 0.000031
200 442 132 0.000032
200 442 132 0.000029
200 442 132 0.000034
200 442 132 0.000030
200 442 132 0.000032
200 442 132 0.000030
200 442 132 0.000033
200 442 132 0.000030
200 442 132 0.000033
200 442 132 0.000029
200 442 132 0.000032
200 442 132 0.000028
200 442 132 0.000032
200 442 132 0.000029
200 442 132 0.000031
200 442 132 0.000029
200 442 132 0.000033
200 442 132 0.000029
200 442 132 0.000032
200 442 132 0.000029
200 442 132 0.000032
200 442 132 0.000029
200 442 132 0.000032
200 442 132 0.000030
200 442 132 0.000031
200 442 132 0.000028
200 442 132 0.000031
200 442 132 0.000029
200 442 132 0.000032
200 442 132 0.000029
200 442 132 0.000032
200 442 132 0.000034
200 442 132 0.000033
200 442 132 0.000029
200 442 132 0.000032
200 442 132 0.000029
200 442 132 0.000032
200 442 132 0.000027
200 442 132 0.000031
200 442 132 0.000027
200 442 132 0.000031
200 442 132 0.000030
200 442 132 0.000032
200 442 132 0.000029
200 442 132 0.000031
200 442 132 0.000028
200 442 132 0.000031
200 442 132 0.000028
200 442 132 0.000032
200 442 132 0.000027
200 442 132 0.000032
200 442 132 0.000029
200 442 132 0.000032
200 442 132 0.000033
200 442 132 0.000032
200 442 132 0.000028
200 442 132 0.000031
200 442 132 0.000028
200 442 132 0.000031
200 442 132 0.000028
200 442 132 0.000031
200 442 132 0.000029
200 442 132 0.000033
200 442 132 0.000028
200 442 132 0.000031
200 442 132 0.000027
200 442 132 0.000031
200 442 132 0.000028
200 442 132 0.000030
200 442 132 0.000029
200 442 132 0.000030
200 442 132 0.000027
200 442 132 0.000030
200 442 132 0.000026
200 442 132 0.000031
200 442 132 0.000031
200 442 132 0.000031
200 442 132 0.000027
200 442 132 0.000031
200 442 132 0.000028
200 442 132 0.000031
200 442 132 0.000028
200 442 132 0.000031
200 442 132 0.000028
200 442 132 0.000031
200 442 132 0.000029
200 442 132 0.000032
200 442 132 0.000062
200 442 132 0.000024
200 442 132 0.000033
200 442 132 0.000029
200 442 132 0.000033
200 442 132 0.000031
200 442 132 0.000029
200 442 132 0.000027
200 442 132 0.000029
200 442 132 0.000028
200 442 132 0.000030
200 442 132 0.000025
200 442 132 0.000030
200 442 132 0.000028
200 442 132 0.000029
200 442 132 0.000028
200 442 132 0.000030
200 442 132 0.000028
200 442 132 0.000029
200 442 132 0.000028
200 442 132 0.000031
200 442 132 0.000028
200 442 132 0.000029
200 442 132 0.000030
200 442 132 0.000029
200 442 132 0.000028
200 442 132 0.000028
200 442 132 0.000028
200 442 132 0.000030
200 442 132 0.000028
200 442 132 0.000034
200 442 132 0.000029
200 442 132 0.000030
200 442 132 0.000028
200 442 132 0.000030
200 442 132 0.000029
200 442 132 0.000029
200 442 132 0.000028
200 442 132 0.000029
200 442 132 0.000027
200 442 132 0.000028
200 442 132 0.000028
200 442 132 0.000027
200 442 132 0.000026
200 442 132 0.000029
200 442 132 0.000027
200 442 132 0.000028
200 442 132 0.000028
200 442 132 0.000029
200 442 132 0.000027
200 442 132 0.000030
200 442 132 0.000027
200 442 132 0.000030
200 442 132 0.000027
200 442 132 0.000032
200 442 132 0.000027
200 442 132 0.000028
200 442 132 0.000027
200 442 132 0.000029
200 442 132 0.000028
200 442 132 0.000028
200 442 132 0.000027
200 442 132 0.000030
200 442 132 0.000027
200 442 132 0.000029
200 442 132 0.000027
200 442 132 0.000028
200 442 132 0.000027
200 442 132 0.000029
200 442 132 0.000027
200 442 132 0.000028
200 442 132 0.000026
200 442 132 0.000028
200 442 132 0.000027
200 442 132 0.000027
200 442 132 0.000027
200 442 132 0.000028
200 442 132 0.000028
200 442 132 0.000029
200 442 132 0.000027
200 442 132 0.000028
200 442 132 0.000027
200 442 132 0.000029
200 442 132 0.000028
200 442 132 0.000029
200 442 132 0.000027
200 442 132 0.000029
200 442 132 0.000027
200 442 132 0.000027
200 442 132 0.000029
200 442 132 0.000032
200 442 132 0.000027
200 442 132 0.000028
200 442 132 0.000028
200 442 132 0.000030
200 442 132 0.000028
200 442 132 0.000031
200 442 132 0.000027
200 442 132 0.000029
200 442 132 0.000027
200 442 132 0.000028
200 442 132 0.000061
200 442 132 0.000025
200 442 132 0.000033
200 442 132 0.000027
200 442 132 0.000028
200 442 132 0.000028
200 442 132 0.000031
200 442 132 0.000028
200 442 132 0.000031
200 442 132 0.000029
200 442 132 0.000031
200 442 132 0.000023
200 442 132 0.000031
200 442 132 0.000029
200 442 132 0.000031
200 442 132 0.000030
200 442 132 0.000030
200 442 132 0.000029
200 442 132 0.000030
200 442 132 0.000030
200 442 132 0.000029
200 442 132 0.000029
200 442 132 0.000031
200 442 132 0.000029
200 442 132 0.000034
200 442 132 0.000028
200 442 132 0.000030
200 442 132 0.000027
200 442 132 0.000031
200 442 132 0.000029
200 442 132 0.000030
200 442 132 0.000029
200 442 132 0.000030
200 442 132 0.000027
200 442 132 0.000031
200 442 132 0.000028
200 442 132 0.000028
200 442 132 0.000028
200 442 132 0.000030
200 442 132 0.000028
200 442 132 0.000029
200 442 132 0.000030
200 442 132 0.000030
200 442 132 0.000028
200 442 132 0.000030
200 442 132 0.000028
200 442 132 0.000029
200 442 132 0.000028
200 442 132 0.000031
200 442 132 0.000026
200 442 132 0.000034
200 442 132 0.000027
200 442 132 0.000034
200 442 132 0.000028
200 442 132 0.000029
200 442 132 0.000028
200 442 132 0.000029
200 442 132 0.000027
200 442 132 0.000030
200 442 132 0.000026
200 442 132 0.000029
200 442 132 0.000027
200 442 132 0.000029
200 442 132 0.000027
200 442 132 0.000032
200 442 132 0.000028
200 442 132 0.000029
200 442 132 0.000026
200 442 132 0.000029
200 442 132 0.000027
200 442 132 0.000029
200 442 132 0.000028
200 442 132 0.000029
200 442 132 0.000026
200 442 132 0.000030
200 442 132 0.000027
200 442 132 0.000027
200 442 132 0.000026
200 442 132 0.000030
200 442 132 0.000026
200 442 132 0.000029
200 442 132 0.000025
200 442 132 0.000032
200 442 132 0.000027
200 442 132 0.000028
200 442 132 0.000027
200 442 132 0.000029
200 442 132 0.000028
200 442 132 0.000030
200 442 132 0.000028
200 442 132 0.000031
200 442 132 0.000027
200 442 132 0.000030
200 442 132 0.000026
200 442 132 0.000030
200 442 132 0.000026
200 442 132 0.000029
200 442 132 0.000027
200 442 132 0.000030
200 442 132 0.000027
200 442 132 0.000030
300 726 217 0.000152
300 726 217 0.000058
300 726 217 0.000078
300 726 217 0.000075
300 726 217 0.000080
300 726 217 0.000077
300 726 217 0.000077
300 726 217 0.000069
300 726 217 0.000075
300 726 217 0.000075
300 726 217 0.000074
300 726 217 0.000061
300 726 217 0.000076
300 726 217 0.000075
300 726 217 0.000073
300 726 217 0.000075
300 726 217 0.000072
300 726 217 0.000073
300 726 217 0.000073
300 726 217 0.000073
300 726 217 0.000075
300 726 217 0.000073
300 726 217 0.000076
300 726 217 0.000072
300 726 217 0.000073
300 726 217 0.000072
300 726 217 0.000074
300 726 217 0.000072
300 726 217 0.000079
300 726 217 0.000073
300 726 217 0.000072
300 726 217 0.000073
300 726 217 0.000075
300 726 217 0.000073
300 726 217 0.000073
300 726 217 0.000077
300 726 217 0.000073
300 726 217 0.000077
300 726 217 0.000072
300 726 217 0.000071
300 726 217 0.000072
300 726 217 0.000073
300 726 217 0.000074
300 726 217 0.000073
300 726 217 0.000072
300 726 217 0.000078
300 726 217 0.000073
300 726 217 0.000071
300 726 217 0.000074
300 726 217 0.000072
300 726 217 0.000074
300 726 217 0.000074
300 726 217 0.000076
300 726 217 0.000072
300 726 217 0.000073
300 726 217 0.000071
300 726 217 0.000078
300 726 217 0.000075
300 726 217 0.000072
300 726 217 0.000073
300 726 217 0.000073
300 726 217 0.000070
300 726 217 0.000072
300 726 217 0.000071
300 726 217 0.000073
300 726 217 0.000071
300 726 217 0.000073
300 726 217 0.000072
300 726 217 0.000072
300 726 217 0.000077
300 726 217 0.000072
300 726 217 0.000071
300 726 217 0.000072
300 726 217 0.000068
300 726 217 0.000069
300 726 217 0.000068
300 726 217 0.000071
300 726 217 0.000068
300 726 217 0.000070
300 726 217 0.000071
300 726 217 0.000072
300 726 217 0.000072
300 726 217 0.000073
300 726 217 0.000072
300 726 217 0.000073
300 726 217 0.000069
300 726 217 0.000072
300 726 217 0.000073
300 726 217 0.000072
300 726 217 0.000070
300 726 217 0.000069
300 726 217 0.000068
300 726 217 0.000072
300 726 217 0.000075
300 726 217 0.000074
300 726 217 0.000066
300 726 217 0.000068
300 726 217 0.000067
300 726 217 0.000072
300 726 217 0.000071
300 726 217 0.000071
300 726 217 0.000125
300 726 217 0.000057
300 726 217 0.000077
300 726 217 0.000073
300 726 217 0.000076
300 726 217 0.000073
300 726 217 0.000076
300 726 217 0.000073
300 726 217 0.000078
300 726 217 0.000073
300 726 217 0.000077
300 726 217 0.000075
300 726 217 0.000075
300 726 217 0.000074
300 726 217 0.000074
300 726 217 0.000072
300 726 217 0.000073
300 726 217 0.000073
300 726 217 0.000073
300 726 217 0.000075
300 726 217 0.000074
300 726 217 0.000076
300 726 217 0.000073
300 726 217 0.000073
300 726 217 0.000072
300 726 217 0.000074
300 726 217 0.000074
300 726 217 0.000073
300 726 217 0.000072
300 726 217 0.000072
300 726 217 0.000071
300 726 217 0.000073
300 726 217 0.000072
300 726 217 0.000069
300 726 217 0.000068
300 726 217 0.000069
300 726 217 0.000071
300 726 217 0.000073
300 726 217 0.000073
300 726 217 0.000075
300 726 217 0.000074
300 726 217 0.000075
300 726 217 0.000073
300 726 217 0.000073
300 726 217 0.000077
300 726 217 0.000073
300 726 217 0.000073
300 726 217 0.000072
300 726 217 0.000071
300 726 217 0.000072
300 726 217 0.000074
300 726 217 0.000073
300 726 217 0.000073
300 726 217 0.000076
300 726 217 0.000072
300 726 217 0.000074
300 726 217 0.000078
300 726 217 0.000073
300 726 217 0.000078
300 726 217 0.000074
300 726 217 0.000079
300 726 217 0.000074
300 726 217 0.000075
300 726 217 0.000074
300 726 217 0.000077
300 726 217 0.000074
300 726 217 0.000076
300 726 217 0.000075
300 726 217 0.000078
300 726 217 0.000076
300 726 217 0.000078
300 726 217 0.000074
300 726 217 0.000077
300 726 217 0.000072
300 726 217 0.000077
300 726 217 0.000073
300 726 217 0.000076
300 726 217 0.000074
300 726 217 0.000079
300 726 217 0.000075
300 726 217 0.000083
300 726 217 0.000078
300 726 217 0.000078
300 726 217 0.000078
300 726 217 0.000078
300 726 217 0.000069
300 726 217 0.000069
300 726 217 0.000072
300 726 217 0.000075
300 726 217 0.000074
300 726 217 0.000072
300 726 217 0.000072
300 726 217 0.000072
300 726 217 0.000072
300 726 217 0.000082
300 726 217 0.000077
300 726 217 0.000078
300 726 217 0.000073
300 726 217 0.000079
300 726 217 0.000072
300 726 217 0.000070
300 726 217 0.000160
300 726 217 0.000059
300 726 217 0.000084
300 726 217 0.000079
300 726 217 0.000076
300 726 217 0.000070
300 726 217 0.000073
300 726 217 0.000072
300 726 217 0.000074
300 726 217 0.000075
300 726 217 0.000082
300 726 217 0.000064
300 726 217 0.000087
300 726 217 0.000080
300 726 217 0.000084
300 726 217 0.000081
300 726 217 0.000084
300 726 217 0.000079
300 726 217 0.000085
300 726 217 0.000079
300 726 217 0.000083
300 726 217 0.000077
300 726 217 0.000082
300 726 217 0.000079
300 726 217 0.000084
300 726 217 0.000076
300 726 217 0.000081
300 726 217 0.000076
300 726 217 0.000081
300 726 217 0.000076
300 726 217 0.000078
300 726 217 0.000074
300 726 217 0.000078
300 726 217 0.000074
300 726 217 0.000078
300 726 217 0.000077
300 726 217 0.000082
300 726 217 0.000075
300 726 217 0.000080
300 726 217 0.000076
300 726 217 0.000080
300 726 217 0.000076
300 726 217 0.000081
300 726 217 0.000078
300 726 217 0.000083
300 726 217 0.000077
300 726 217 0.000079
300 726 217 0.000078
300 726 217 0.000078
300 726 217 0.000076
300 726 217 0.000080
300 726 217 0.000077
300 726 217 0.000082
300 726 217 0.000073
300 726 217 0.000077
300 726 217 0.000075
300 726 217 0.000078
300 726 217 0.000076
300 726 217 0.000079
300 726 217 0.000076
300 726 217 0.000082
300 726 217 0.000077
300 726 217 0.000080
300 726 217 0.000077
300 726 217 0.000081
300 726 217 0.000075
300 726 217 0.000082
300 726 217 0.000076
300 726 217 0.000079
300 726 217 0.000078
300 726 217 0.000082
300 726 217 0.000080
300 726 217 0.000082
300 726 217 0.000077
300 726 217 0.000075
300 726 217 0.000072
300 726 217 0.000073
300 726 217 0.000073
300 726 217 0.000077
300 726 217 0.000072
300 726 217 0.000074
300 726 217 0.000074
300 726 217 0.000074
300 726 217 0.000070
300 726 217 0.000076
300 726 217 0.000073
300 726 217 0.000073
300 726 217 0.000077
300 726 217 0.000081
300 726 217 0.000078
300 726 217 0.000080
300 726 217 0.000078
300 726 217 0.000081
300 726 217 0.000082
300 726 217 0.000080
300 726 217 0.000079
300 726 217 0.000082
300 726 217 0.000078
300 726 217 0.000081
300 726 217 0.000079
300 726 217 0.000079
400 1026 307 0.000286
400 1026 307 0.000102
400 1026 307 0.000153
400 1026 307 0.000134
400 1026 307 0.000137
400 1026 307 0.000131
400 1026 307 0.000144
400 1026 307 0.000135
400 1026 307 0.000147
400 1026 307 0.000131
400 1026 307 0.000147
400 1026 307 0.000107
400 1026 307 0.000148
400 1026 307 0.000129
400 1026 307 0.000142
400 1026 307 0.000128
400 1026 307 0.000144
400 1026 307 0.000128
400 1026 307 0.000146
400 1026 307 0.000130
400 1026 307 0.000142
400 1026 307 0.000129
400 1026 307 0.000150
400 1026 307 0.000138
400 1026 307 0.000158
400 1026 307 0.000134
400 1026 307 0.000157
400 1026 307 0.000142
400 1026 307 0.000160
400 1026 307 0.000130
400 1026 307 0.000142
400 1026 307 0.000127
400 1026 307 0.000143
400 1026 307 0.000125
400 1026 307 0.000148
400 1026 307 0.000127
400 1026 307 0.000148
400 1026 307 0.000129
400 1026 307 0.000144
400 1026 307 0.000128
400 1026 307 0.000147
400 1026 307 0.000129
400 1026 307 0.000145
400 1026 307 0.000129
400 1026 307 0.000145
400 1026 307 0.000130
400 1026 307 0.000147
400 1026 307 0.000132
400 1026 307 0.000150
400 1026 307 0.000137
400 1026 307 0.000145
400 1026 307 0.000133
400 1026 307 0.000144
400 1026 307 0.000133
400 1026 307 0.000146
400 1026 307 0.000130
400 1026 307 0.000145
400 1026 307 0.000132
400 1026 307 0.000148
400 1026 307 0.000132
400 1026 307 0.000156
400 1026 307 0.000133
400 1026 307 0.000154
400 1026 307 0.000136
400 1026 307 0.000144
400 1026 307 0.000119
400 1026 307 0.000143
400 1026 307 0.000130
400 1026 307 0.000148
400 1026 307 0.000131
400 1026 307 0.000144
400 1026 307 0.000127
400 1026 307 0.000142
400 1026 307 0.000126
400 1026 307 0.000144
400 1026 307 0.000130
400 1026 307 0.000151
400 1026 307 0.000128
400 1026 307 0.000146
400 1026 307 0.000128
400 1026 307 0.000142
400 1026 307 0.000131
400 1026 307 0.000149
400 1026 307 0.000130
400 1026 307 0.000144
400 1026 307 0.000128
400 1026 307 0.000143
400 1026 307 0.000131
400 1026 307 0.000146
400 1026 307 0.000125
400 1026 307 0.000144
400 1026 307 0.000129
400 1026 307 0.000148
400 1026 307 0.000134
400 1026 307 0.000145
400 1026 307 0.000129
400 1026 307 0.000144
400 1026 307 0.000129
400 1026 307 0.000148
400 1026 307 0.000130
400 1026 307 0.000149
400 1026 307 0.000275
400 1026 307 0.000105
400 1026 307 0.000155
400 1026 307 0.000137
400 1026 307 0.000159
400 1026 307 0.000132
400 1026 307 0.000156
400 1026 307 0.000134
400 1026 307 0.000146
400 1026 307 0.000135
400 1026 307 0.000143
400 1026 307 0.000105
400 1026 307 0.000147
400 1026 307 0.000135
400 1026 307 0.000147
400 1026 307 0.000132
400 1026 307 0.000145
400 1026 307 0.000131
400 1026 307 0.000145
400 1026 307 0.000129
400 1026 307 0.000142
400 1026 307 0.000133
400 1026 307 0.000148
400 1026 307 0.000133
400 1026 307 0.000155
400 1026 307 0.000131
400 1026 307 0.000154
400 1026 307 0.000134
400 1026 307 0.000154
400 1026 307 0.000131
400 1026 307 0.000152
400 1026 307 0.000132
400 1026 307 0.000154
400 1026 307 0.000130
400 1026 307 0.000147
400 1026 307 0.000130
400 1026 307 0.000148
400 1026 307 0.000133
400 1026 307 0.000158
400 1026 307 0.000130
400 1026 307 0.000150
400 1026 307 0.000131
400 1026 307 0.000152
400 1026 307 0.000132
400 1026 307 0.000137
400 1026 307 0.000125
400 1026 307 0.000149
400 1026 307 0.000132
400 1026 307 0.000145
400 1026 307 0.000128
400 1026 307 0.000143
400 1026 307 0.000129
400 1026 307 0.000152
400 1026 307 0.000134
400 1026 307 0.000141
400 1026 307 0.000129
400 1026 307 0.000144
400 1026 307 0.000129
400 1026 307 0.000145
400 1026 307 0.000133
400 1026 307 0.000146
400 1026 307 0.000129
400 1026 307 0.000145
400 1026 307 0.000128
400 1026 307 0.000142
400 1026 307 0.000129
400 1026 307 0.000143
400 1026 307 0.000132
400 1026 307 0.000148
400 1026 307 0.000127
400 1026 307 0.000144
400 1026 307 0.000127
400 1026 307 0.000144
400 1026 307 0.000129
400 1026 307 0.000151
400 1026 307 0.000131
400 1026 307 0.000143
400 1026 307 0.000132
400 1026 307 0.000144
400 1026 307 0.000131
400 1026 307 0.000142
400 1026 307 0.000134
400 1026 307 0.000145
400 1026 307 0.000130
400 1026 307 0.000143
400 1026 307 0.000129
400 1026 307 0.000140
400 1026 307 0.000131
400 1026 307 0.000145
400 1026 307 0.000127
400 1026 307 0.000143
400 1026 307 0.000134
400 1026 307 0.000144
400 1026 307 0.000130
400 1026 307 0.000137
400 1026 307 0.000123
400 1026 307 0.000137
400 1026 307 0.000125
400 1026 307 0.000140
400 1026 307 0.000130
400 1026 307 0.000138
400 1026 307 0.000273
400 1026 307 0.000097
400 1026 307 0.000162
400 1026 307 0.000133
400 1026 307 0.000155
400 1026 307 0.000133
400 1026 307 0.000156
400 1026 307 0.000135
400 1026 307 0.000158
400 1026 307 0.000137
400 1026 307 0.000165
400 1026 307 0.000111
400 1026 307 0.000156
400 1026 307 0.000132
400 1026 307 0.000148
400 1026 307 0.000129
400 1026 307 0.000149
400 1026 307 0.000132
400 1026 307 0.000146
400 1026 307 0.000129
400 1026 307 0.000147
400 1026 307 0.000128
400 1026 307 0.000145
400 1026 307 0.000133
400 1026 307 0.000148
400 1026 307 0.000129
400 1026 307 0.000146
400 1026 307 0.000129
400 1026 307 0.000142
400 1026 307 0.000132
400 1026 307 0.000142
400 1026 307 0.000130
400 1026 307 0.000149
400 1026 307 0.000129
400 1026 307 0.000140
400 1026 307 0.000129
400 1026 307 0.000145
400 1026 307 0.000129
400 1026 307 0.000146
400 1026 307 0.000132
400 1026 307 0.000149
400 1026 307 0.000136
400 1026 307 0.000153
400 1026 307 0.000137
400 1026 307 0.000157
400 1026 307 0.000135
400 1026 307 0.000158
400 1026 307 0.000133
400 1026 307 0.000156
400 1026 307 0.000132
400 1026 307 0.000156
400 1026 307 0.000130
400 1026 307 0.000154
400 1026 307 0.000131
400 1026 307 0.000157
400 1026 307 0.000133
400 1026 307 0.000153
400 1026 307 0.000134
400 1026 307 0.000136
400 1026 307 0.000132
400 1026 307 0.000142
400 1026 307 0.000132
400 1026 307 0.000146
400 1026 307 0.000132
400 1026 307 0.000139
400 1026 307 0.000128
400 1026 307 0.000144
400 1026 307 0.000133
400 1026 307 0.000149
400 1026 307 0.000130
400 1026 307 0.000146
400 1026 307 0.000127
400 1026 307 0.000144
400 1026 307 0.000126
400 1026 307 0.000141
400 1026 307 0.000120
400 1026 307 0.000143
400 1026 307 0.000123
400 1026 307 0.000142
400 1026 307 0.000125
400 1026 307 0.000158
400 1026 307 0.000131
400 1026 307 0.000159
400 1026 307 0.000132
400 1026 307 0.000156
400 1026 307 0.000133
400 1026 307 0.000155
400 1026 307 0.000136
400 1026 307 0.000160
400 1026 307 0.000129
400 1026 307 0.000158
400 1026 307 0.000137
400 1026 307 0.000158
400 1026 307 0.000136
400 1026 307 0.000163
400 1026 307 0.000140
400 1026 307 0.000158
400 1026 307 0.000134
400 1026 307 0.000159
400 1026 307 0.000130
400 1026 307 0.000156
500 1340 402 0.000136
500 1340 402 0.000187
500 1340 402 0.000259
500 1340 402 0.000254
500 1340 402 0.000245
500 1340 402 0.000249
500 1340 402 0.000244
500 1340 402 0.000240
500 1340 402 0.000252
500 1340 402 0.000249
500 1340 402 0.000257
500 1340 402 0.000192
500 1340 402 0.000273
500 1340 402 0.000252
500 1340 402 0.000267
500 1340 402 0.000251
500 1340 402 0.000255
500 1340 402 0.000260
500 1340 402 0.000260
500 1340 402 0.000262
500 1340 402 0.000261
500 1340 402 0.000249
500 1340 402 0.000262
500 1340 402 0.000255
500 1340 402 0.000258
500 1340 402 0.000257
500 1340 402 0.000252
500 1340 402 0.000259
500 1340 402 0.000267
500 1340 402 0.000251
500 1340 402 0.000231
500 1340 402 0.000221
500 1340 402 0.000254
500 1340 402 0.000241
500 1340 402 0.000258
500 1340 402 0.000255
500 1340 402 0.000253
500 1340 402 0.000261
500 1340 402 0.000256
500 1340 402 0.000250
500 1340 402 0.000259
500 1340 402 0.000249
500 1340 402 0.000259
500 1340 402 0.000246
500 1340 402 0.000250
500 1340 402 0.000250
500 1340 402 0.000234
500 1340 402 0.000224
500 1340 402 0.000229
500 1340 402 0.000242
500 1340 402 0.000241
500 1340 402 0.000255
500 1340 402 0.000268
500 1340 402 0.000257
500 1340 402 0.000252
500 1340 402 0.000254
500 1340 402 0.000261
500 1340 402 0.000230
500 1340 402 0.000224
500 1340 402 0.000238
500 1340 402 0.000251
500 1340 402 0.000222
500 1340 402 0.000260
500 1340 402 0.000243
500 1340 402 0.000253
500 1340 402 0.000260
500 1340 402 0.000260
500 1340 402 0.000250
500 1340 402 0.000251
500 1340 402 0.000234
500 1340 402 0.000225
500 1340 402 0.000237
500 1340 402 0.000230
500 1340 402 0.000232
500 1340 402 0.000228
500 1340 402 0.000231
500 1340 402 0.000226
500 1340 402 0.000235
500 1340 402 0.000228
500 1340 402 0.000234
500 1340 402 0.000248
500 1340 402 0.000236
500 1340 402 0.000257
500 1340 402 0.000250
500 1340 402 0.000261
500 1340 402 0.000261
500 1340 402 0.000253
500 1340 402 0.000252
500 1340 402 0.000253
500 1340 402 0.000252
500 1340 402 0.000249
500 1340 402 0.000232
500 1340 402 0.000220
500 1340 402 0.000232
500 1340 402 0.000227
500 1340 402 0.000229
500 1340 402 0.000229
500 1340 402 0.000235
500 1340 402 0.000235
500 1340 402 0.000232
500 1340 402 0.000226
500 1340 402 0.000525
500 1340 402 0.000154
500 1340 402 0.000223
500 1340 402 0.000232
500 1340 402 0.000235
500 1340 402 0.000240
500 1340 402 0.000232
500 1340 402 0.000239
500 1340 402 0.000253
500 1340 402 0.000239
500 1340 402 0.000257
500 1340 402 0.000186
500 1340 402 0.000261
500 1340 402 0.000257
500 1340 402 0.000264
500 1340 402 0.000261
500 1340 402 0.000264
500 1340 402 0.000264
500 1340 402 0.000260
500 1340 402 0.000261
500 1340 402 0.000259
500 1340 402 0.000256
500 1340 402 0.000258
500 1340 402 0.000258
500 1340 402 0.000238
500 1340 402 0.000228
500 1340 402 0.000231
500 1340 402 0.000244
500 1340 402 0.000237
500 1340 402 0.000243
500 1340 402 0.000230
500 1340 402 0.000234
500 1340 402 0.000232
500 1340 402 0.000238
500 1340 402 0.000235
500 1340 402 0.000233
500 1340 402 0.000234
500 1340 402 0.000236
500 1340 402 0.000225
500 1340 402 0.000236
500 1340 402 0.000233
500 1340 402 0.000239
500 1340 402 0.000254
500 1340 402 0.000235
500 1340 402 0.000243
500 1340 402 0.000249
500 1340 402 0.000229
500 1340 402 0.000227
500 1340 402 0.000226
500 1340 402 0.000235
500 1340 402 0.000233
500 1340 402 0.000237
500 1340 402 0.000229
500 1340 402 0.000233
500 1340 402 0.000234
500 1340 402 0.000240
500 1340 402 0.000229
500 1340 402 0.000232
500 1340 402 0.000226
500 1340 402 0.000232
500 1340 402 0.000229
500 1340 402 0.000233
500 1340 402 0.000224
500 1340 402 0.000234
500 1340 402 0.000233
500 1340 402 0.000233
500 1340 402 0.000227
500 1340 402 0.000234
500 1340 402 0.000234
500 1340 402 0.000227
500 1340 402 0.000226
500 1340 402 0.000231
500 1340 402 0.000228
500 1340 402 0.000229
500 1340 402 0.000223
500 1340 402 0.000225
500 1340 402 0.000226
500 1340 402 0.000225
500 1340 402 0.000228
500 1340 402 0.000229
500 1340 402 0.000222
500 1340 402 0.000227
500 1340 402 0.000221
500 1340 402 0.000221
500 1340 402 0.000221
500 1340 402 0.000231
500 1340 402 0.000237
500 1340 402 0.000218
500 1340 402 0.000248
500 1340 402 0.000260
500 1340 402 0.000248
500 1340 402 0.000245
500 1340 402 0.000246
500 1340 402 0.000247
500 1340 402 0.000249
500 1340 402 0.000250
500 1340 402 0.000250
500 1340 402 0.000255
500 1340 402 0.000247
500 1340 402 0.000243
500 1340 402 0.000249
500 1340 402 0.000129
500 1340 402 0.000178
500 1340 402 0.000251
500 1340 402 0.000244
500 1340 402 0.000250
500 1340 402 0.000245
500 1340 402 0.000235
500 1340 402 0.000228
500 1340 402 0.000226
500 1340 402 0.000233
500 1340 402 0.000232
500 1340 402 0.000165
500 1340 402 0.000258
500 1340 402 0.000227
500 1340 402 0.000251
500 1340 402 0.000249
500 1340 402 0.000263
500 1340 402 0.000252
500 1340 402 0.000258
500 1340 402 0.000256
500 1340 402 0.000267
500 1340 402 0.000258
500 1340 402 0.000260
500 1340 402 0.000259
500 1340 402 0.000268
500 1340 402 0.000250
500 1340 402 0.000265
500 1340 402 0.000246
500 1340 402 0.000257
500 1340 402 0.000236
500 1340 402 0.000231
500 1340 402 0.000225
500 1340 402 0.000229
500 1340 402 0.000245
500 1340 402 0.000235
500 1340 402 0.000255
500 1340 402 0.000252
500 1340 402 0.000249
500 1340 402 0.000249
500 1340 402 0.000247
500 1340 402 0.000248
500 1340 402 0.000249
500 1340 402 0.000227
500 1340 402 0.000231
500 1340 402 0.000229
500 1340 402 0.000233
500 1340 402 0.000230
500 1340 402 0.000237
500 1340 402 0.000229
500 1340 402 0.000238
500 1340 402 0.000232
500 1340 402 0.000235
500 1340 402 0.000231
500 1340 402 0.000239
500 1340 402 0.000256
500 1340 402 0.000234
500 1340 402 0.000255
500 1340 402 0.000252
500 1340 402 0.000254
500 1340 402 0.000251
500 1340 402 0.000229
500 1340 402 0.000228
500 1340 402 0.000229
500 1340 402 0.000233
500 1340 402 0.000234
500 1340 402 0.000230
500 1340 402 0.000228
500 1340 402 0.000230
500 1340 402 0.000229
500 1340 402 0.000234
500 1340 402 0.000228
500 1340 402 0.000234
500 1340 402 0.000231
500 1340 402 0.000240
500 1340 402 0.000232
500 1340 402 0.000228
500 1340 402 0.000223
500 1340 402 0.000230
500 1340 402 0.000230
500 1340 402 0.000230
500 1340 402 0.000229
500 1340 402 0.000232
500 1340 402 0.000225
500 1340 402 0.000227
500 1340 402 0.000230
500 1340 402 0.000233
500 1340 402 0.000227
500 1340 402 0.000231
500 1340 402 0.000233
500 1340 402 0.000233
500 1340 402 0.000229
500 1340 402 0.000231
500 1340 402 0.000234
500 1340 402 0.000228
500 1340 402 0.000232
500 1340 402 0.000240
500 1340 402 0.000240
500 1340 402 0.000250
500 1340 402 0.000263
500 1340 402 0.000251
500 1340 402 0.000256
600 1663 498 0.000633
600 1663 498 0.000252
600 1663 498 0.000370
600 1663 498 0.000359
600 1663 498 0.000378
600 1663 498 0.000357
600 1663 498 0.000338
600 1663 498 0.000308
600 1663 498 0.000331
600 1663 498 0.000329
600 1663 498 0.000339
600 1663 498 0.000245
600 1663 498 0.000345
600 1663 498 0.000331
600 1663 498 0.000338
600 1663 498 0.000336
600 1663 498 0.000327
600 1663 498 0.000322
600 1663 498 0.000330
600 1663 498 0.000324
600 1663 498 0.000335
600 1663 498 0.000328
600 1663 498 0.000327
600 1663 498 0.000326
600 1663 498 0.000340
600 1663 498 0.000332
600 1663 498 0.000343
600 1663 498 0.000332
600 1663 498 0.000333
600 1663 498 0.000332
600 1663 498 0.000341
600 1663 498 0.000340
600 1663 498 0.000338
600 1663 498 0.000326
600 1663 498 0.000339
600 1663 498 0.000358
600 1663 498 0.000325
600 1663 498 0.000342
600 1663 498 0.000358
600 1663 498 0.000355
600 1663 498 0.000357
600 1663 498 0.000343
600 1663 498 0.000352
600 1663 498 0.000352
600 1663 498 0.000357
600 1663 498 0.000354
600 1663 498 0.000368
600 1663 498 0.000363
600 1663 498 0.000373
600 1663 498 0.000360
600 1663 498 0.000370
600 1663 498 0.000321
600 1663 498 0.000326
600 1663 498 0.000318
600 1663 498 0.000333
600 1663 498 0.000330
600 1663 498 0.000333
600 1663 498 0.000331
600 1663 498 0.000334
600 1663 498 0.000347
600 1663 498 0.000355
600 1663 498 0.000364
600 1663 498 0.000376
600 1663 498 0.000324
600 1663 498 0.000334
600 1663 498 0.000338
600 1663 498 0.000333
600 1663 498 0.000325
600 1663 498 0.000331
600 1663 498 0.000323
600 1663 498 0.000331
600 1663 498 0.000310
600 1663 498 0.000332
600 1663 498 0.000369
600 1663 498 0.000348
600 1663 498 0.000289
600 1663 498 0.000361
600 1663 498 0.000342
600 1663 498 0.000366
600 1663 498 0.000337
600 1663 498 0.000362
600 1663 498 0.000340
600 1663 498 0.000363
600 1663 498 0.000331
600 1663 498 0.000324
600 1663 498 0.000320
600 1663 498 0.000344
600 1663 498 0.000330
600 1663 498 0.000342
600 1663 498 0.000329
600 1663 498 0.000339
600 1663 498 0.000340
600 1663 498 0.000332
600 1663 498 0.000333
600 1663 498 0.000344
600 1663 498 0.000344
600 1663 498 0.000353
600 1663 498 0.000329
600 1663 498 0.000356
600 1663 498 0.000324
600 1663 498 0.000362
600 1663 498 0.000628
600 1663 498 0.000240
600 1663 498 0.000347
600 1663 498 0.000325
600 1663 498 0.000354
600 1663 498 0.000334
600 1663 498 0.000358
600 1663 498 0.000345
600 1663 498 0.000354
600 1663 498 0.000360
600 1663 498 0.000368
600 1663 498 0.000262
600 1663 498 0.000369
600 1663 498 0.000356
600 1663 498 0.000352
600 1663 498 0.000333
600 1663 498 0.000320
600 1663 498 0.000326
600 1663 498 0.000335
600 1663 498 0.000337
600 1663 498 0.000342
600 1663 498 0.000335
600 1663 498 0.000345
600 1663 498 0.000325
600 1663 498 0.000327
600 1663 498 0.000332
600 1663 498 0.000335
600 1663 498 0.000349
600 1663 498 0.000340
600 1663 498 0.000344
600 1663 498 0.000350
600 1663 498 0.000341
600 1663 498 0.000346
600 1663 498 0.000324
600 1663 498 0.000308
600 1663 498 0.000334
600 1663 498 0.000340
600 1663 498 0.000350
600 1663 498 0.000355
600 1663 498 0.000349
600 1663 498 0.000360
600 1663 498 0.000347
600 1663 498 0.000353
600 1663 498 0.000340
600 1663 498 0.000350
600 1663 498 0.000347
600 1663 498 0.000353
600 1663 498 0.000329
600 1663 498 0.000339
600 1663 498 0.000333
600 1663 498 0.000312
600 1663 498 0.000332
600 1663 498 0.000337
600 1663 498 0.000324
600 1663 498 0.000340
600 1663 498 0.000326
600 1663 498 0.000333
600 1663 498 0.000334
600 1663 498 0.000337
600 1663 498 0.000330
600 1663 498 0.000338
600 1663 498 0.000331
600 1663 498 0.000337
600 1663 498 0.000334
600 1663 498 0.000326
600 1663 498 0.000327
600 1663 498 0.000337
600 1663 498 0.000337
600 1663 498 0.000334
600 1663 498 0.000329
600 1663 498 0.000334
600 1663 498 0.000336
600 1663 498 0.000670
600 1663 498 0.000331
600 1663 498 0.000345
600 1663 498 0.000349
600 1663 498 0.000350
600 1663 498 0.000334
600 1663 498 0.000351
600 1663 498 0.000343
600 1663 498 0.000350
600 1663 498 0.000335
600 1663 498 0.000341
600 1663 498 0.000336
600 1663 498 0.000343
600 1663 498 0.000335
600 1663 498 0.000338
600 1663 498 0.000325
600 1663 498 0.000343
600 1663 498 0.000327
600 1663 498 0.000328
600 1663 498 0.000321
600 1663 498 0.000342
600 1663 498 0.000330
600 1663 498 0.000324
600 1663 498 0.000318
600 1663 498 0.000325
600 1663 498 0.000327
600 1663 498 0.000353
600 1663 498 0.000332
600 1663 498 0.000344
600 1663 498 0.000598
600 1663 498 0.000227
600 1663 498 0.000323
600 1663 498 0.000327
600 1663 498 0.000342
600 1663 498 0.000329
600 1663 498 0.000324
600 1663 498 0.000313
600 1663 498 0.000330
600 1663 498 0.000322
600 1663 498 0.000331
600 1663 498 0.000233
600 1663 498 0.000349
600 1663 498 0.000340
600 1663 498 0.000338
600 1663 498 0.000338
600 1663 498 0.000331
600 1663 498 0.000334
600 1663 498 0.000338
600 1663 498 0.000321
600 1663 498 0.000334
600 1663 498 0.000321
600 1663 498 0.000328
600 1663 498 0.000317
600 1663 498 0.000332
600 1663 498 0.000315
600 1663 498 0.000330
600 1663 498 0.000309
600 1663 498 0.000331
600 1663 498 0.000316
600 1663 498 0.000322
600 1663 498 0.000337
600 1663 498 0.000346
600 1663 498 0.000341
600 1663 498 0.000352
600 1663 498 0.000333
600 1663 498 0.000343
600 1663 498 0.000329
600 1663 498 0.000341
600 1663 498 0.000337
600 1663 498 0.000346
600 1663 498 0.000336
600 1663 498 0.000347
600 1663 498 0.000342
600 1663 498 0.000356
600 1663 498 0.000337
600 1663 498 0.000346
600 1663 498 0.000332
600 1663 498 0.000359
600 1663 498 0.000325
600 1663 498 0.000308
600 1663 498 0.000332
600 1663 498 0.000332
600 1663 498 0.000332
600 1663 498 0.000340
600 1663 498 0.000326
600 1663 498 0.000345
600 1663 498 0.000322
600 1663 498 0.000347
600 1663 498 0.000341
600 1663 498 0.000352
600 1663 498 0.000332
600 1663 498 0.000351
600 1663 498 0.000333
600 1663 498 0.000344
600 1663 498 0.000338
600 1663 498 0.000352
600 1663 498 0.000342
600 1663 498 0.000348
600 1663 498 0.000338
600 1663 498 0.000369
600 1663 498 0.000342
600 1663 498 0.000349
600 1663 498 0.000332
600 1663 498 0.000354
600 1663 498 0.000346
600 1663 498 0.000378
600 1663 498 0.000336
600 1663 498 0.000357
600 1663 498 0.000348
600 1663 498 0.000360
600 1663 498 0.000333
600 1663 498 0.000364
600 1663 498 0.000344
600 1663 498 0.000363
600 1663 498 0.000336
600 1663 498 0.000353
600 1663 498 0.000341
600 1663 498 0.000330
600 1663 498 0.000315
600 1663 498 0.000324
600 1663 498 0.000332
600 1663 498 0.000336
600 1663 498 0.000333
600 1663 498 0.000322
600 1663 498 0.000322
600 1663 498 0.000328
600 1663 498 0.000325
600 1663 498 0.000333
600 1663 498 0.000325
600 1663 498 0.000334
700 1995 598 0.000684
700 1995 598 0.000285
700 1995 598 0.000482
700 1995 598 0.000433
700 1995 598 0.000419
700 1995 598 0.000453
700 1995 598 0.000469
700 1995 598 0.000476
700 1995 598 0.000497
700 1995 598 0.000466
700 1995 598 0.000486
700 1995 598 0.000337
700 1995 598 0.000484
700 1995 598 0.000464
700 1995 598 0.000483
700 1995 598 0.000451
700 1995 598 0.000477
700 1995 598 0.000459
700 1995 598 0.000472
700 1995 598 0.000448
700 1995 598 0.000477
700 1995 598 0.000453
700 1995 598 0.000480
700 1995 598 0.000455
700 1995 598 0.000447
700 1995 598 0.000452
700 1995 598 0.000469
700 1995 598 0.000457
700 1995 598 0.000468
700 1995 598 0.000451
700 1995 598 0.000460
700 1995 598 0.000456
700 1995 598 0.000463
700 1995 598 0.000445
700 1995 598 0.000466
700 1995 598 0.000463
700 1995 598 0.000481
700 1995 598 0.000465
700 1995 598 0.000460
700 1995 598 0.000454
700 1995 598 0.000489
700 1995 598 0.000433
700 1995 598 0.000458
700 1995 598 0.000423
700 1995 598 0.000466
700 1995 598 0.000446
700 1995 598 0.000458
700 1995 598 0.000448
700 1995 598 0.000442
700 1995 598 0.000440
700 1995 598 0.000447
700 1995 598 0.000457
700 1995 598 0.000464
700 1995 598 0.000658
700 1995 598 0.000476
700 1995 598 0.000470
700 1995 598 0.000473
700 1995 598 0.000478
700 1995 598 0.000477
700 1995 598 0.000475
700 1995 598 0.000462
700 1995 598 0.000418
700 1995 598 0.000452
700 1995 598 0.000448
700 1995 598 0.000457
700 1995 598 0.000447
700 1995 598 0.000469
700 1995 598 0.000470
700 1995 598 0.000469
700 1995 598 0.000472
700 1995 598 0.000476
700 1995 598 0.000463
700 1995 598 0.000482
700 1995 598 0.000452
700 1995 598 0.000465
700 1995 598 0.000463
700 1995 598 0.000470
700 1995 598 0.000456
700 1995 598 0.000475
700 1995 598 0.000448
700 1995 598 0.000474
700 1995 598 0.000479
700 1995 598 0.000469
700 1995 598 0.000480
700 1995 598 0.000452
700 1995 598 0.000419
700 1995 598 0.000449
700 1995 598 0.000481
700 1995 598 0.000462
700 1995 598 0.000462
700 1995 598 0.000472
700 1995 598 0.000481
700 1995 598 0.000455
700 1995 598 0.000458
700 1995 598 0.000456
700 1995 598 0.000459
700 1995 598 0.000459
700 1995 598 0.000466
700 1995 598 0.000469
700 1995 598 0.000486
700 1995 598 0.000474
700 1995 598 0.000741
700 1995 598 0.000332
700 1995 598 0.000472
700 1995 598 0.000460
700 1995 598 0.000448
700 1995 598 0.000456
700 1995 598 0.000444
700 1995 598 0.000451
700 1995 598 0.000459
700 1995 598 0.000463
700 1995 598 0.000453
700 1995 598 0.000317
700 1995 598 0.000460
700 1995 598 0.000458
700 1995 598 0.000464
700 1995 598 0.000445
700 1995 598 0.000460
700 1995 598 0.000440
700 1995 598 0.000468
700 1995 598 0.000437
700 1995 598 0.000453
700 1995 598 0.000436
700 1995 598 0.000451
700 1995 598 0.000444
700 1995 598 0.000452
700 1995 598 0.000450
700 1995 598 0.000469
700 1995 598 0.000435
700 1995 598 0.000452
700 1995 598 0.000439
700 1995 598 0.000503
700 1995 598 0.000473
700 1995 598 0.000516
700 1995 598 0.000492
700 1995 598 0.000530
700 1995 598 0.000497
700 1995 598 0.000524
700 1995 598 0.000451
700 1995 598 0.000436
700 1995 598 0.000445
700 1995 598 0.000444
700 1995 598 0.000444
700 1995 598 0.000451
700 1995 598 0.000439
700 1995 598 0.000453
700 1995 598 0.000434
700 1995 598 0.000443
700 1995 598 0.000451
700 1995 598 0.000451
700 1995 598 0.000448
700 1995 598 0.000460
700 1995 598 0.000453
700 1995 598 0.000461
700 1995 598 0.000460
700 1995 598 0.000448
700 1995 598 0.000453
700 1995 598 0.000462
700 1995 598 0.000690
700 1995 598 0.000461
700 1995 598 0.000485
700 1995 598 0.000482
700 1995 598 0.000447
700 1995 598 0.000450
700 1995 598 0.000456
700 1995 598 0.000459
700 1995 598 0.000443
700 1995 598 0.000462
700 1995 598 0.000455
700 1995 598 0.000451
700 1995 598 0.000446
700 1995 598 0.000455
700 1995 598 0.000455
700 1995 598 0.000447
700 1995 598 0.000436
700 1995 598 0.000449
700 1995 598 0.000450
700 1995 598 0.000457
700 1995 598 0.000454
700 1995 598 0.000451
700 1995 598 0.000441
700 1995 598 0.000452
700 1995 598 0.000450
700 1995 598 0.000448
700 1995 598 0.000451
700 1995 598 0.000462
700 1995 598 0.000457
700 1995 598 0.000466
700 1995 598 0.000456
700 1995 598 0.000459
700 1995 598 0.000465
700 1995 598 0.000451
700 1995 598 0.000448
700 1995 598 0.000460
700 1995 598 0.000462
700 1995 598 0.000463
700 1995 598 0.000453
700 1995 598 0.000458
700 1995 598 0.000454
700 1995 598 0.000454
700 1995 598 0.000429
700 1995 598 0.000441
700 1995 598 0.000706
700 1995 598 0.000318
700 1995 598 0.000521
700 1995 598 0.000479
700 1995 598 0.000516
700 1995 598 0.000491
700 1995 598 0.000526
700 1995 598 0.000479
700 1995 598 0.000449
700 1995 598 0.000465
700 1995 598 0.000468
700 1995 598 0.000468
700 1995 598 0.000478
700 1995 598 0.000419
700 1995 598 0.000431
700 1995 598 0.000419
700 1995 598 0.000447
700 1995 598 0.000431
700 1995 598 0.000444
700 1995 598 0.000471
700 1995 598 0.000483
700 1995 598 0.000490
700 1995 598 0.000512
700 1995 598 0.000491
700 1995 598 0.000519
700 1995 598 0.000493
700 1995 598 0.000523
700 1995 598 0.000491
700 1995 598 0.000522
700 1995 598 0.000462
700 1995 598 0.000450
700 1995 598 0.000422
700 1995 598 0.000444
700 1995 598 0.000442
700 1995 598 0.000447
700 1995 598 0.000417
700 1995 598 0.000503
700 1995 598 0.000412
700 1995 598 0.000461
700 1995 598 0.000480
700 1995 598 0.000489
700 1995 598 0.000486
700 1995 598 0.000521
700 1995 598 0.000498
700 1995 598 0.000502
700 1995 598 0.000490
700 1995 598 0.000508
700 1995 598 0.000490
700 1995 598 0.000533
700 1995 598 0.000502
700 1995 598 0.000511
700 1995 598 0.000486
700 1995 598 0.000520
700 1995 598 0.000477
700 1995 598 0.000435
700 1995 598 0.000443
700 1995 598 0.000470
700 1995 598 0.000458
700 1995 598 0.000465
700 1995 598 0.000457
700 1995 598 0.000481
700 1995 598 0.000466
700 1995 598 0.000463
700 1995 598 0.000461
700 1995 598 0.000449
700 1995 598 0.000452
700 1995 598 0.000458
700 1995 598 0.000430
700 1995 598 0.000459
700 1995 598 0.000463
700 1995 598 0.000424
700 1995 598 0.000483
700 1995 598 0.000484
700 1995 598 0.000475
700 1995 598 0.000478
700 1995 598 0.000471
700 1995 598 0.000467
700 1995 598 0.000454
700 1995 598 0.000480
700 1995 598 0.000466
700 1995 598 0.000475
700 1995 598 0.000465
700 1995 598 0.000476
700 1995 598 0.000454
700 1995 598 0.000472
700 1995 598 0.000464
700 1995 598 0.000449
700 1995 598 0.000439
700 1995 598 0.000452
700 1995 598 0.000455
700 1995 598 0.000455
700 1995 598 0.000438
700 1995 598 0.000464
700 1995 598 0.000444
700 1995 598 0.000454
700 1995 598 0.000450
700 1995 598 0.000462
700 1995 598 0.000445
700 1995 598 0.000465
700 1995 598 0.000460
700 1995 598 0.000472
800 2334 700 0.001211
800 2334 700 0.000412
800 2334 700 0.000630
800 2334 700 0.000638
800 2334 700 0.000645
800 2334 700 0.000633
800 2334 700 0.000623
800 2334 700 0.000617
800 2334 700 0.000566
800 2334 700 0.000556
800 2334 700 0.000567
800 2334 700 0.000411
800 2334 700 0.000591
800 2334 700 0.000567
800 2334 700 0.000570
800 2334 700 0.000582
800 2334 700 0.000567
800 2334 700 0.000562
800 2334 700 0.000556
800 2334 700 0.000577
800 2334 700 0.000557
800 2334 700 0.000584
800 2334 700 0.000550
800 2334 700 0.000578
800 2334 700 0.000573
800 2334 700 0.000575
800 2334 700 0.000570
800 2334 700 0.000579
800 2334 700 0.000580
800 2334 700 0.000586
800 2334 700 0.000574
800 2334 700 0.000580
800 2334 700 0.000572
800 2334 700 0.000587
800 2334 700 0.000597
800 2334 700 0.000606
800 2334 700 0.000565
800 2334 700 0.000573
800 2334 700 0.001190
800 2334 700 0.000615
800 2334 700 0.000590
800 2334 700 0.000611
800 2334 700 0.000596
800 2334 700 0.000590
800 2334 700 0.000575
800 2334 700 0.000586
800 2334 700 0.000578
800 2334 700 0.000592
800 2334 700 0.000576
800 2334 700 0.000598
800 2334 700 0.000600
800 2334 700 0.000608
800 2334 700 0.000602
800 2334 700 0.000637
800 2334 700 0.000601
800 2334 700 0.000614
800 2334 700 0.000587
800 2334 700 0.000595
800 2334 700 0.000582
800 2334 700 0.000595
800 2334 700 0.000583
800 2334 700 0.000609
800 2334 700 0.000588
800 2334 700 0.000606
800 2334 700 0.000592
800 2334 700 0.000616
800 2334 700 0.000596
800 2334 700 0.000620
800 2334 700 0.000605
800 2334 700 0.000594
800 2334 700 0.000585
800 2334 700 0.000620
800 2334 700 0.000588
800 2334 700 0.000596
800 2334 700 0.000583
800 2334 700 0.000786
800 2334 700 0.000584
800 2334 700 0.000597
800 2334 700 0.000575
800 2334 700 0.000600
800 2334 700 0.000594
800 2334 700 0.000583
800 2334 700 0.000587
800 2334 700 0.000595
800 2334 700 0.000585
800 2334 700 0.000597
800 2334 700 0.000582
800 2334 700 0.000615
800 2334 700 0.000595
800 2334 700 0.000609
800 2334 700 0.000579
800 2334 700 0.000605
800 2334 700 0.000586
800 2334 700 0.000613
800 2334 700 0.000597
800 2334 700 0.000629
800 2334 700 0.000597
800 2334 700 0.000631
800 2334 700 0.000596
800 2334 700 0.000620
800 2334 700 0.000596
800 2334 700 0.001229
800 2334 700 0.000443
800 2334 700 0.000642
800 2334 700 0.000600
800 2334 700 0.000572
800 2334 700 0.000568
800 2334 700 0.000628
800 2334 700 0.000582
800 2334 700 0.000644
800 2334 700 0.000661
800 2334 700 0.000659
800 2334 700 0.000489
800 2334 700 0.000682
800 2334 700 0.000601
800 2334 700 0.000559
800 2334 700 0.000548
800 2334 700 0.000548
800 2334 700 0.000572
800 2334 700 0.000553
800 2334 700 0.000552
800 2334 700 0.000562
800 2334 700 0.000608
800 2334 700 0.000627
800 2334 700 0.000661
800 2334 700 0.000665
800 2334 700 0.000660
800 2334 700 0.000675
800 2334 700 0.000662
800 2334 700 0.000640
800 2334 700 0.000659
800 2334 700 0.000662
800 2334 700 0.000660
800 2334 700 0.000657
800 2334 700 0.000661
800 2334 700 0.000659
800 2334 700 0.000781
800 2334 700 0.000494
800 2334 700 0.000636
800 2334 700 0.000593
800 2334 700 0.000639
800 2334 700 0.000581
800 2334 700 0.000645
800 2334 700 0.000569
800 2334 700 0.000559
800 2334 700 0.000568
800 2334 700 0.000588
800 2334 700 0.000575
800 2334 700 0.000600
800 2334 700 0.000581
800 2334 700 0.000600
800 2334 700 0.000583
800 2334 700 0.000587
800 2334 700 0.000570
800 2334 700 0.000573
800 2334 700 0.000579
800 2334 700 0.000590
800 2334 700 0.000576
800 2334 700 0.000606
800 2334 700 0.000578
800 2334 700 0.000587
800 2334 700 0.000577
800 2334 700 0.000586
800 2334 700 0.000578
800 2334 700 0.000633
800 2334 700 0.000557
800 2334 700 0.000630
800 2334 700 0.000576
800 2334 700 0.000625
800 2334 700 0.000590
800 2334 700 0.000630
800 2334 700 0.000575
800 2334 700 0.000630
800 2334 700 0.000576
800 2334 700 0.000574
800 2334 700 0.000557
800 2334 700 0.000597
800 2334 700 0.000581
800 2334 700 0.000593
800 2334 700 0.000584
800 2334 700 0.000630
800 2334 700 0.000562
800 2334 700 0.000637
800 2334 700 0.000576
800 2334 700 0.000607
800 2334 700 0.000577
800 2334 700 0.000580
800 2334 700 0.000546
800 2334 700 0.000599
800 2334 700 0.000590
800 2334 700 0.000598
800 2334 700 0.000587
800 2334 700 0.000579
800 2334 700 0.000585
800 2334 700 0.000586
800 2334 700 0.000586
800 2334 700 0.000599
800 2334 700 0.000577
800 2334 700 0.000596
800 2334 700 0.000583
800 2334 700 0.000590
800 2334 700 0.000585
800 2334 700 0.001156
800 2334 700 0.000417
800 2334 700 0.000576
800 2334 700 0.000560
800 2334 700 0.000607
800 2334 700 0.000570
800 2334 700 0.000607
800 2334 700 0.000597
800 2334 700 0.000592
800 2334 700 0.000594
800 2334 700 0.000609
800 2334 700 0.000593
800 2334 700 0.000581
800 2334 700 0.000579
800 2334 700 0.000621
800 2334 700 0.000580
800 2334 700 0.000615
800 2334 700 0.000590
800 2334 700 0.000596
800 2334 700 0.000594
800 2334 700 0.000590
800 2334 700 0.000582
800 2334 700 0.000597
800 2334 700 0.000606
800 2334 700 0.000603
800 2334 700 0.000594
800 2334 700 0.000600
800 2334 700 0.000603
800 2334 700 0.000598
800 2334 700 0.000598
800 2334 700 0.000610
800 2334 700 0.000592
800 2334 700 0.000595
800 2334 700 0.000567
800 2334 700 0.000570
800 2334 700 0.000573
800 2334 700 0.000558
800 2334 700 0.001754
800 2334 700 0.000554
800 2334 700 0.000568
800 2334 700 0.000577
800 2334 700 0.000592
800 2334 700 0.000569
800 2334 700 0.000574
800 2334 700 0.000565
800 2334 700 0.000586
800 2334 700 0.000577
800 2334 700 0.000638
800 2334 700 0.000573
800 2334 700 0.000571
800 2334 700 0.000581
800 2334 700 0.000601
800 2334 700 0.000564
800 2334 700 0.000589
800 2334 700 0.000579
800 2334 700 0.000590
800 2334 700 0.000563
800 2334 700 0.000589
800 2334 700 0.000570
800 2334 700 0.000597
800 2334 700 0.000581
800 2334 700 0.000591
800 2334 700 0.000562
800 2334 700 0.000580
800 2334 700 0.000588
800 2334 700 0.000587
800 2334 700 0.000576
800 2334 700 0.000642
800 2334 700 0.000564
800 2334 700 0.000645
800 2334 700 0.000587
800 2334 700 0.000581
800 2334 700 0.000550
800 2334 700 0.000644
800 2334 700 0.000566
800 2334 700 0.000643
800 2334 700 0.000568
800 2334 700 0.000711
800 2334 700 0.000566
800 2334 700 0.000588
800 2334 700 0.000569
800 2334 700 0.000606
800 2334 700 0.000580
800 2334 700 0.000594
800 2334 700 0.000573
800 2334 700 0.000568
800 2334 700 0.000582
800 2334 700 0.000581
800 2334 700 0.000587
800 2334 700 0.000592
800 2334 700 0.000574
800 2334 700 0.000596
800 2334 700 0.000566
800 2334 700 0.000612
800 2334 700 0.000581
800 2334 700 0.000637
800 2334 700 0.000570
800 2334 700 0.001673
800 2334 700 0.000360
800 2334 700 0.000586
800 2334 700 0.000565
900 2680 804 0.000863
900 2680 804 0.000509
900 2680 804 0.000734
900 2680 804 0.000699
900 2680 804 0.000754
900 2680 804 0.000668
900 2680 804 0.000723
900 2680 804 0.000696
900 2680 804 0.000678
900 2680 804 0.000684
900 2680 804 0.000710
900 2680 804 0.000530
900 2680 804 0.000740
900 2680 804 0.000731
900 2680 804 0.000778
900 2680 804 0.000709
900 2680 804 0.000751
900 2680 804 0.000724
900 2680 804 0.000796
900 2680 804 0.000738
900 2680 804 0.000768
900 2680 804 0.000733
900 2680 804 0.000715
900 2680 804 0.000691
900 2680 804 0.000726
900 2680 804 0.000710
900 2680 804 0.000863
900 2680 804 0.000677
900 2680 804 0.000763
900 2680 804 0.000702
900 2680 804 0.000739
900 2680 804 0.000729
900 2680 804 0.000740
900 2680 804 0.000745
900 2680 804 0.000823
900 2680 804 0.000710
900 2680 804 0.000823
900 2680 804 0.000717
900 2680 804 0.000729
900 2680 804 0.000717
900 2680 804 0.000775
900 2680 804 0.000677
900 2680 804 0.000726
900 2680 804 0.000699
900 2680 804 0.000710
900 2680 804 0.000714
900 2680 804 0.000804
900 2680 804 0.000689
900 2680 804 0.000806
900 2680 804 0.000717
900 2680 804 0.000819
900 2680 804 0.000724
900 2680 804 0.000746
900 2680 804 0.000715
900 2680 804 0.000710
900 2680 804 0.000750
900 2680 804 0.000742
900 2680 804 0.000700
900 2680 804 0.000788
900 2680 804 0.000723
900 2680 804 0.000727
900 2680 804 0.000692
900 2680 804 0.000736
900 2680 804 0.000713
900 2680 804 0.000730
900 2680 804 0.000703
900 2680 804 0.000738
900 2680 804 0.000720
900 2680 804 0.000760
900 2680 804 0.000720
900 2680 804 0.000828
900 2680 804 0.000687
900 2680 804 0.000804
900 2680 804 0.000685
900 2680 804 0.000717
900 2680 804 0.000733
900 2680 804 0.000728
900 2680 804 0.000736
900 2680 804 0.000792
900 2680 804 0.000723
900 2680 804 0.000814
900 2680 804 0.000730
900 2680 804 0.000727
900 2680 804 0.000699
900 2680 804 0.000742
900 2680 804 0.000722
900 2680 804 0.000747
900 2680 804 0.001421
900 2680 804 0.000720
900 2680 804 0.000732
900 2680 804 0.000763
900 2680 804 0.000740
900 2680 804 0.000765
900 2680 804 0.000725
900 2680 804 0.000772
900 2680 804 0.000686
900 2680 804 0.000751
900 2680 804 0.000692
900 2680 804 0.000742
900 2680 804 0.000705
900 2680 804 0.000766
900 2680 804 0.000886
900 2680 804 0.000496
900 2680 804 0.000696
900 2680 804 0.000708
900 2680 804 0.000720
900 2680 804 0.000705
900 2680 804 0.000729
900 2680 804 0.000711
900 2680 804 0.000736
900 2680 804 0.000721
900 2680 804 0.000743
900 2680 804 0.000739
900 2680 804 0.000791
900 2680 804 0.000742
900 2680 804 0.000765
900 2680 804 0.000742
900 2680 804 0.000789
900 2680 804 0.000701
900 2680 804 0.000760
900 2680 804 0.000711
900 2680 804 0.000761
900 2680 804 0.000703
900 2680 804 0.000742
900 2680 804 0.000700
900 2680 804 0.000742
900 2680 804 0.000710
900 2680 804 0.000775
900 2680 804 0.000751
900 2680 804 0.000669
900 2680 804 0.000722
900 2680 804 0.000720
900 2680 804 0.000698
900 2680 804 0.000757
900 2680 804 0.000712
900 2680 804 0.000815
900 2680 804 0.000735
900 2680 804 0.000792
900 2680 804 0.000708
900 2680 804 0.000780
900 2680 804 0.000722
900 2680 804 0.000802
900 2680 804 0.000691
900 2680 804 0.000776
900 2680 804 0.000706
900 2680 804 0.000766
900 2680 804 0.000665
900 2680 804 0.000773
900 2680 804 0.000700
900 2680 804 0.000779
900 2680 804 0.000682
900 2680 804 0.000774
900 2680 804 0.000689
900 2680 804 0.000782
900 2680 804 0.000683
900 2680 804 0.000779
900 2680 804 0.000723
900 2680 804 0.000803
900 2680 804 0.000729
900 2680 804 0.000798
900 2680 804 0.000702
900 2680 804 0.000783
900 2680 804 0.000706
900 2680 804 0.000786
900 2680 804 0.000672
900 2680 804 0.000782
900 2680 804 0.000693
900 2680 804 0.000735
900 2680 804 0.000674
900 2680 804 0.000753
900 2680 804 0.000748
900 2680 804 0.000743
900 2680 804 0.000739
900 2680 804 0.000784
900 2680 804 0.000715
900 2680 804 0.000800
900 2680 804 0.000722
900 2680 804 0.000780
900 2680 804 0.000724
900 2680 804 0.000801
900 2680 804 0.000713
900 2680 804 0.000779
900 2680 804 0.000700
900 2680 804 0.000782
900 2680 804 0.000750
900 2680 804 0.000782
900 2680 804 0.000728
900 2680 804 0.000751
900 2680 804 0.000873
900 2680 804 0.000738
900 2680 804 0.000711
900 2680 804 0.000787
900 2680 804 0.000703
900 2680 804 0.000771
900 2680 804 0.000702
900 2680 804 0.000784
900 2680 804 0.000716
900 2680 804 0.000770
900 2680 804 0.000700
900 2680 804 0.000792
900 2680 804 0.000711
900 2680 804 0.000778
900 2680 804 0.000873
900 2680 804 0.000497
900 2680 804 0.000780
900 2680 804 0.000723
900 2680 804 0.000771
900 2680 804 0.000718
900 2680 804 0.000769
900 2680 804 0.000721
900 2680 804 0.000763
900 2680 804 0.000722
900 2680 804 0.000754
900 2680 804 0.000575
900 2680 804 0.000779
900 2680 804 0.000726
900 2680 804 0.000749
900 2680 804 0.000745
900 2680 804 0.000777
900 2680 804 0.000742
900 2680 804 0.000778
900 2680 804 0.000754
900 2680 804 0.000767
900 2680 804 0.000740
900 2680 804 0.000768
900 2680 804 0.000733
900 2680 804 0.000722
900 2680 804 0.000638
900 2680 804 0.001003
900 2680 804 0.000655
900 2680 804 0.000744
900 2680 804 0.000724
900 2680 804 0.000752
900 2680 804 0.000715
900 2680 804 0.000761
900 2680 804 0.000719
900 2680 804 0.000761
900 2680 804 0.000706
900 2680 804 0.000745
900 2680 804 0.000668
900 2680 804 0.000755
900 2680 804 0.000712
900 2680 804 0.000717
900 2680 804 0.000726
900 2680 804 0.000791
900 2680 804 0.000722
900 2680 804 0.000774
900 2680 804 0.000730
900 2680 804 0.000764
900 2680 804 0.000738
900 2680 804 0.000786
900 2680 804 0.000737
900 2680 804 0.000766
900 2680 804 0.000718
900 2680 804 0.000746
900 2680 804 0.000702
900 2680 804 0.000750
900 2680 804 0.000712
900 2680 804 0.000750
900 2680 804 0.000678
900 2680 804 0.000781
900 2680 804 0.000819
900 2680 804 0.000756
900 2680 804 0.000691
900 2680 804 0.000759
900 2680 804 0.000705
900 2680 804 0.000755
900 2680 804 0.000724
900 2680 804 0.000755
900 2680 804 0.000736
900 2680 804 0.000763
900 2680 804 0.000731
900 2680 804 0.000757
900 2680 804 0.000714
900 2680 804 0.000760
900 2680 804 0.000720
900 2680 804 0.000763
900 2680 804 0.000735
900 2680 804 0.000751
900 2680 804 0.000724
900 2680 804 0.000753
900 2680 804 0.000725
900 2680 804 0.000743
900 2680 804 0.000713
900 2680 804 0.000752
900 2680 804 0.000728
900 2680 804 0.000734
900 2680 804 0.000707
900 2680 804 0.000739
900 2680 804 0.000705
900 2680 804 0.000751
900 2680 804 0.000705
900 2680 804 0.000750
900 2680 804 0.000737
900 2680 804 0.000748
900 2680 804 0.000707
900 2680 804 0.000750
900 2680 804 0.000718
900 2680 804 0.000760
900 2680 804 0.000707
900 2680 804 0.000730
900 2680 804 0.000707
900 2680 804 0.000743
1000 3031 909 0.001411
1000 3031 909 0.000609
1000 3031 909 0.000914
1000 3031 909 0.000808
1000 3031 909 0.000879
1000 3031 909 0.000763
1000 3031 909 0.000880
1000 3031 909 0.000815
1000 3031 909 0.000881
1000 3031 909 0.000792
1000 3031 909 0.000877
1000 3031 909 0.000865
1000 3031 909 0.000936
1000 3031 909 0.000862
1000 3031 909 0.000969
1000 3031 909 0.000839
1000 3031 909 0.000855
1000 3031 909 0.000818
1000 3031 909 0.000862
1000 3031 909 0.000828
1000 3031 909 0.000909
1000 3031 909 0.002369
1000 3031 909 0.000790
1000 3031 909 0.000879
1000 3031 909 0.000892
1000 3031 909 0.000910
1000 3031 909 0.000914
1000 3031 909 0.000912
1000 3031 909 0.000917
1000 3031 909 0.000920
1000 3031 909 0.000898
1000 3031 909 0.000900
1000 3031 909 0.000905
1000 3031 909 0.000932
1000 3031 909 0.000910
1000 3031 909 0.000873
1000 3031 909 0.000865
1000 3031 909 0.000889
1000 3031 909 0.000887
1000 3031 909 0.000877
1000 3031 909 0.000867
1000 3031 909 0.000890
1000 3031 909 0.000886
1000 3031 909 0.001105
1000 3031 909 0.000851
1000 3031 909 0.000882
1000 3031 909 0.000904
1000 3031 909 0.000808
1000 3031 909 0.000956
1000 3031 909 0.000917
1000 3031 909 0.000875
1000 3031 909 0.000857
1000 3031 909 0.000874
1000 3031 909 0.000896
1000 3031 909 0.000895
1000 3031 909 0.000894
1000 3031 909 0.000865
1000 3031 909 0.000867
1000 3031 909 0.000894
1000 3031 909 0.000880
1000 3031 909 0.000940
1000 3031 909 0.000857
1000 3031 909 0.000879
1000 3031 909 0.000889
1000 3031 909 0.000898
1000 3031 909 0.000890
1000 3031 909 0.000800
1000 3031 909 0.000866
1000 3031 909 0.000890
1000 3031 909 0.000882
1000 3031 909 0.000871
1000 3031 909 0.000855
1000 3031 909 0.000890
1000 3031 909 0.000870
1000 3031 909 0.000851
1000 3031 909 0.000850
1000 3031 909 0.000908
1000 3031 909 0.001086
1000 3031 909 0.000844
1000 3031 909 0.000911
1000 3031 909 0.000939
1000 3031 909 0.000906
1000 3031 909 0.000960
1000 3031 909 0.000930
1000 3031 909 0.000942
1000 3031 909 0.000882
1000 3031 909 0.000935
1000 3031 909 0.000892
1000 3031 909 0.000948
1000 3031 909 0.001117
1000 3031 909 0.000938
1000 3031 909 0.000881
1000 3031 909 0.000958
1000 3031 909 0.000894
1000 3031 909 0.000953
1000 3031 909 0.000911
1000 3031 909 0.000975
1000 3031 909 0.000906
1000 3031 909 0.000974
1000 3031 909 0.000920
1000 3031 909 0.000978
1000 3031 909 0.001404
1000 3031 909 0.000561
1000 3031 909 0.000886
1000 3031 909 0.000792
1000 3031 909 0.000878
1000 3031 909 0.000793
1000 3031 909 0.000870
1000 3031 909 0.000830
1000 3031 909 0.000814
1000 3031 909 0.000825
1000 3031 909 0.000893
1000 3031 909 0.000680
1000 3031 909 0.000936
1000 3031 909 0.000846
1000 3031 909 0.000914
1000 3031 909 0.000860
1000 3031 909 0.000892
1000 3031 909 0.000869
1000 3031 909 0.000946
1000 3031 909 0.000830
1000 3031 909 0.000876
1000 3031 909 0.000819
1000 3031 909 0.000949
1000 3031 909 0.000875
1000 3031 909 0.000910
1000 3031 909 0.000829
1000 3031 909 0.000900
1000 3031 909 0.000848
1000 3031 909 0.000941
1000 3031 909 0.000862
1000 3031 909 0.000904
1000 3031 909 0.000919
1000 3031 909 0.000874
1000 3031 909 0.000807
1000 3031 909 0.000896
1000 3031 909 0.000849
1000 3031 909 0.000944
1000 3031 909 0.000866
1000 3031 909 0.000919
1000 3031 909 0.000890
1000 3031 909 0.000918
1000 3031 909 0.000824
1000 3031 909 0.000904
1000 3031 909 0.000839
1000 3031 909 0.000916
1000 3031 909 0.000860
1000 3031 909 0.000898
1000 3031 909 0.000877
1000 3031 909 0.000898
1000 3031 909 0.000860
1000 3031 909 0.000903
1000 3031 909 0.000868
1000 3031 909 0.000907
1000 3031 909 0.000875
1000 3031 909 0.000897
1000 3031 909 0.000876
1000 3031 909 0.000891
1000 3031 909 0.000874
1000 3031 909 0.000902
1000 3031 909 0.000886
1000 3031 909 0.000924
1000 3031 909 0.000849
1000 3031 909 0.000892
1000 3031 909 0.000836
1000 3031 909 0.000890
1000 3031 909 0.000852
1000 3031 909 0.000885
1000 3031 909 0.000748
1000 3031 909 0.000920
1000 3031 909 0.000886
1000 3031 909 0.000898
1000 3031 909 0.000861
1000 3031 909 0.000916
1000 3031 909 0.000871
1000 3031 909 0.000928
1000 3031 909 0.000852
1000 3031 909 0.000912
1000 3031 909 0.000870
1000 3031 909 0.000928
1000 3031 909 0.000876
1000 3031 909 0.000935
1000 3031 909 0.000844
1000 3031 909 0.000861
1000 3031 909 0.000843
1000 3031 909 0.000892
1000 3031 909 0.000861
1000 3031 909 0.000926
1000 3031 909 0.000855
1000 3031 909 0.000898
1000 3031 909 0.000860
1000 3031 909 0.000911
1000 3031 909 0.000888
1000 3031 909 0.000896
1000 3031 909 0.000826
1000 3031 909 0.000888
1000 3031 909 0.000836
1000 3031 909 0.000907
1000 3031 909 0.000864
1000 3031 909 0.000919
1000 3031 909 0.000873
1000 3031 909 0.000938
1000 3031 909 0.001411
1000 3031 909 0.000617
1000 3031 909 0.000893
1000 3031 909 0.000808
1000 3031 909 0.000867
1000 3031 909 0.000810
1000 3031 909 0.000854
1000 3031 909 0.000827
1000 3031 909 0.000881
1000 3031 909 0.000842
1000 3031 909 0.000896
1000 3031 909 0.000680
1000 3031 909 0.000920
1000 3031 909 0.000869
1000 3031 909 0.000911
1000 3031 909 0.000859
1000 3031 909 0.000881
1000 3031 909 0.000862
1000 3031 909 0.000963
1000 3031 909 0.000852
1000 3031 909 0.000999
1000 3031 909 0.000931
1000 3031 909 0.000988
1000 3031 909 0.000917
1000 3031 909 0.000964
1000 3031 909 0.000914
1000 3031 909 0.000961
1000 3031 909 0.000889
1000 3031 909 0.000990
1000 3031 909 0.000877
1000 3031 909 0.000982
1000 3031 909 0.000899
1000 3031 909 0.000965
1000 3031 909 0.000874
1000 3031 909 0.000965
1000 3031 909 0.000878
1000 3031 909 0.000956
1000 3031 909 0.000766
1000 3031 909 0.000935
1000 3031 909 0.000899
1000 3031 909 0.000972
1000 3031 909 0.000905
1000 3031 909 0.000950
1000 3031 909 0.000910
1000 3031 909 0.000891
1000 3031 909 0.000820
1000 3031 909 0.000855
1000 3031 909 0.000836
1000 3031 909 0.000930
1000 3031 909 0.000885
1000 3031 909 0.000998
1000 3031 909 0.000876
1000 3031 909 0.000974
1000 3031 909 0.000872
1000 3031 909 0.000876
1000 3031 909 0.000835
1000 3031 909 0.000888
1000 3031 909 0.000864
1000 3031 909 0.000907
1000 3031 909 0.000915
1000 3031 909 0.000977
1000 3031 909 0.000917
1000 3031 909 0.000946
1000 3031 909 0.000876
1000 3031 909 0.000907
1000 3031 909 0.000843
1000 3031 909 0.000896
1000 3031 909 0.000875
1000 3031 909 0.000912
1000 3031 909 0.000854
1000 3031 909 0.000978
1000 3031 909 0.000844
1000 3031 909 0.000910
1000 3031 909 0.000840
1000 3031 909 0.000931
1000 3031 909 0.000882
1000 3031 909 0.000992
1000 3031 909 0.000840
1000 3031 909 0.000984
1000 3031 909 0.000923
1000 3031 909 0.000956
1000 3031 909 0.000920
1000 3031 909 0.000969
1000 3031 909 0.000928
1000 3031 909 0.000891
1000 3031 909 0.000845
1000 3031 909 0.000907
1000 3031 909 0.000849
1000 3031 909 0.000885
1000 3031 909 0.000937
1000 3031 909 0.000902
1000 3031 909 0.000927
1000 3031 909 0.000964
1000 3031 909 0.000937
1000 3031 909 0.000983
1000 3031 909 0.000946
1000 3031 909 0.001000
1000 3031 909 0.000962
1000 3031 909 0.000964
1000 3031 909 0.000964
1000 3031 909 0.000994
2000 6760 2028 0.006040
2000 6760 2028 0.003164
2000 6760 2028 0.003252
2000 6760 2028 0.003297
2000 6760 2028 0.003401
2000 6760 2028 0.003255
2000 6760 2028 0.003554
2000 6760 2028 0.003334
2000 6760 2028 0.003291
2000 6760 2028 0.003134
2000 6760 2028 0.003108
2000 6760 2028 0.003021
2000 6760 2028 0.003284
2000 6760 2028 0.003142
2000 6760 2028 0.003398
2000 6760 2028 0.004053
2000 6760 2028 0.003377
2000 6760 2028 0.003094
2000 6760 2028 0.003258
2000 6760 2028 0.003113
2000 6760 2028 0.003085
2000 6760 2028 0.003042
2000 6760 2028 0.003287
2000 6760 2028 0.003297
2000 6760 2028 0.003405
2000 6760 2028 0.003259
2000 6760 2028 0.003236
2000 6760 2028 0.003188
2000 6760 2028 0.003178
2000 6760 2028 0.003048
2000 6760 2028 0.003372
2000 6760 2028 0.003275
2000 6760 2028 0.003338
2000 6760 2028 0.003063
2000 6760 2028 0.003313
2000 6760 2028 0.003041
2000 6760 2028 0.003415
2000 6760 2028 0.003171
2000 6760 2028 0.003359
2000 6760 2028 0.003109
2000 6760 2028 0.003420
2000 6760 2028 0.003181
2000 6760 2028 0.003270
2000 6760 2028 0.004670
2000 6760 2028 0.003404
2000 6760 2028 0.003205
2000 6760 2028 0.003260
2000 6760 2028 0.003007
2000 6760 2028 0.003324
2000 6760 2028 0.003096
2000 6760 2028 0.003249
2000 6760 2028 0.003054
2000 6760 2028 0.003289
2000 6760 2028 0.003042
2000 6760 2028 0.003050
2000 6760 2028 0.003089
2000 6760 2028 0.003259
2000 6760 2028 0.003161
2000 6760 2028 0.003197
2000 6760 2028 0.003225
2000 6760 2028 0.003183
2000 6760 2028 0.003060
2000 6760 2028 0.003279
2000 6760 2028 0.003093
2000 6760 2028 0.003254
2000 6760 2028 0.003160
2000 6760 2028 0.003249
2000 6760 2028 0.003118
2000 6760 2028 0.004052
2000 6760 2028 0.003223
2000 6760 2028 0.003306
2000 6760 2028 0.003215
2000 6760 2028 0.003286
2000 6760 2028 0.003295
2000 6760 2028 0.003353
2000 6760 2028 0.003147
2000 6760 2028 0.003233
2000 6760 2028 0.003120
2000 6760 2028 0.003369
2000 6760 2028 0.003162
2000 6760 2028 0.003424
2000 6760 2028 0.003258
2000 6760 2028 0.003476
2000 6760 2028 0.003374
2000 6760 2028 0.003259
2000 6760 2028 0.003340
2000 6760 2028 0.003368
2000 6760 2028 0.003284
2000 6760 2028 0.003254
2000 6760 2028 0.003013
2000 6760 2028 0.003347
2000 6760 2028 0.003130
2000 6760 2028 0.003154
2000 6760 2028 0.003300
2000 6760 2028 0.003531
2000 6760 2028 0.003328
2000 6760 2028 0.003351
2000 6760 2028 0.003326
2000 6760 2028 0.003299
2000 6760 2028 0.003317
2000 6760 2028 0.003588
2000 6760 2028 0.006061
2000 6760 2028 0.003189
2000 6760 2028 0.003299
2000 6760 2028 0.003058
2000 6760 2028 0.003172
2000 6760 2028 0.003099
2000 6760 2028 0.003376
2000 6760 2028 0.003209
2000 6760 2028 0.003651
2000 6760 2028 0.003212
2000 6760 2028 0.003354
2000 6760 2028 0.003267
2000 6760 2028 0.003408
2000 6760 2028 0.003040
2000 6760 2028 0.003364
2000 6760 2028 0.003128
2000 6760 2028 0.003423
2000 6760 2028 0.003231
2000 6760 2028 0.003406
2000 6760 2028 0.003116
2000 6760 2028 0.003234
2000 6760 2028 0.003203
2000 6760 2028 0.003110
2000 6760 2028 0.003129
2000 6760 2028 0.003232
2000 6760 2028 0.003049
2000 6760 2028 0.003151
2000 6760 2028 0.003155
2000 6760 2028 0.003257
2000 6760 2028 0.003320
2000 6760 2028 0.003288
2000 6760 2028 0.003325
2000 6760 2028 0.003266
2000 6760 2028 0.003181
2000 6760 2028 0.003262
2000 6760 2028 0.003244
2000 6760 2028 0.003276
2000 6760 2028 0.003069
2000 6760 2028 0.003215
2000 6760 2028 0.003228
2000 6760 2028 0.003480
2000 6760 2028 0.003397
2000 6760 2028 0.003307
2000 6760 2028 0.003291
2000 6760 2028 0.003528
2000 6760 2028 0.003181
2000 6760 2028 0.003478
2000 6760 2028 0.003192
2000 6760 2028 0.003374
2000 6760 2028 0.003183
2000 6760 2028 0.003331
2000 6760 2028 0.003302
2000 6760 2028 0.003386
2000 6760 2028 0.003314
2000 6760 2028 0.003163
2000 6760 2028 0.003183
2000 6760 2028 0.003246
2000 6760 2028 0.003220
2000 6760 2028 0.003302
2000 6760 2028 0.003237
2000 6760 2028 0.003368
2000 6760 2028 0.003157
2000 6760 2028 0.003396
2000 6760 2028 0.003226
2000 6760 2028 0.003395
2000 6760 2028 0.003156
2000 6760 2028 0.003418
2000 6760 2028 0.003419
2000 6760 2028 0.003295
2000 6760 2028 0.003158
2000 6760 2028 0.003155
2000 6760 2028 0.003769
2000 6760 2028 0.003371
2000 6760 2028 0.003244
2000 6760 2028 0.003444
2000 6760 2028 0.003304
2000 6760 2028 0.003213
2000 6760 2028 0.003334
2000 6760 2028 0.003445
2000 6760 2028 0.003288
2000 6760 2028 0.003491
2000 6760 2028 0.003232
2000 6760 2028 0.003439
2000 6760 2028 0.003250
2000 6760 2028 0.003489
2000 6760 2028 0.003253
2000 6760 2028 0.003456
2000 6760 2028 0.003158
2000 6760 2028 0.003394
2000 6760 2028 0.003236
2000 6760 2028 0.003470
2000 6760 2028 0.003278
2000 6760 2028 0.003452
2000 6760 2028 0.003272
2000 6760 2028 0.003430
2000 6760 2028 0.003214
2000 6760 2028 0.003405
2000 6760 2028 0.003397
2000 6760 2028 0.003435
2000 6760 2028 0.003181
2000 6760 2028 0.003361
2000 6760 2028 0.006144
2000 6760 2028 0.003317
2000 6760 2028 0.006604
2000 6760 2028 0.003237
2000 6760 2028 0.003399
2000 6760 2028 0.003201
2000 6760 2028 0.003205
2000 6760 2028 0.003329
2000 6760 2028 0.003500
2000 6760 2028 0.003192
2000 6760 2028 0.003489
2000 6760 2028 0.003344
2000 6760 2028 0.003270
2000 6760 2028 0.003256
2000 6760 2028 0.003286
2000 6760 2028 0.003384
2000 6760 2028 0.003330
2000 6760 2028 0.003236
2000 6760 2028 0.003221
2000 6760 2028 0.003311
2000 6760 2028 0.003422
2000 6760 2028 0.003204
2000 6760 2028 0.003522
2000 6760 2028 0.003293
2000 6760 2028 0.004666
2000 6760 2028 0.003269
2000 6760 2028 0.003498
2000 6760 2028 0.003184
2000 6760 2028 0.003433
2000 6760 2028 0.003225
2000 6760 2028 0.003530
2000 6760 2028 0.003181
2000 6760 2028 0.003431
2000 6760 2028 0.003185
2000 6760 2028 0.003383
2000 6760 2028 0.003227
2000 6760 2028 0.003376
2000 6760 2028 0.003283
2000 6760 2028 0.003419
2000 6760 2028 0.003338
2000 6760 2028 0.003352
2000 6760 2028 0.003343
2000 6760 2028 0.003513
2000 6760 2028 0.005022
2000 6760 2028 0.003288
2000 6760 2028 0.003258
2000 6760 2028 0.003401
2000 6760 2028 0.003172
2000 6760 2028 0.003402
2000 6760 2028 0.003312
2000 6760 2028 0.003555
2000 6760 2028 0.003280
2000 6760 2028 0.003303
2000 6760 2028 0.003386
2000 6760 2028 0.003360
2000 6760 2028 0.003191
2000 6760 2028 0.003312
2000 6760 2028 0.003232
2000 6760 2028 0.003331
2000 6760 2028 0.003082
2000 6760 2028 0.003459
2000 6760 2028 0.003366
2000 6760 2028 0.003409
2000 6760 2028 0.003195
2000 6760 2028 0.003435
2000 6760 2028 0.003233
2000 6760 2028 0.003354
2000 6760 2028 0.003217
2000 6760 2028 0.003419
2000 6760 2028 0.003255
2000 6760 2028 0.003480
2000 6760 2028 0.003136
2000 6760 2028 0.003366
2000 6760 2028 0.003202
2000 6760 2028 0.003280
2000 6760 2028 0.003211
2000 6760 2028 0.003400
2000 6760 2028 0.003308
2000 6760 2028 0.003407
2000 6760 2028 0.003359
2000 6760 2028 0.003379
2000 6760 2028 0.003294
2000 6760 2028 0.003333
2000 6760 2028 0.003373
2000 6760 2028 0.003297
2000 6760 2028 0.003152
2000 6760 2028 0.003415
2000 6760 2028 0.003185
2000 6760 2028 0.003341
2000 6760 2028 0.003332
2000 6760 2028 0.003274
2000 6760 2028 0.003324
2000 6760 2028 0.003363
2000 6760 2028 0.003359
2000 6760 2028 0.003261
2000 6760 2028 0.003119
2000 6760 2028 0.003278
2000 6760 2028 0.003225
2000 6760 2028 0.003366
2000 6760 2028 0.003093
2000 6760 2028 0.003362
5000 19200 5760 0.038929
5000 19200 5760 0.021828
5000 19200 5760 0.021047
5000 19200 5760 0.021524
5000 19200 5760 0.022699
5000 19200 5760 0.021712
5000 19200 5760 0.021528
5000 19200 5760 0.022100
5000 19200 5760 0.023592
5000 19200 5760 0.021996
5000 19200 5760 0.021964
5000 19200 5760 0.022039
5000 19200 5760 0.022792
5000 19200 5760 0.022294
5000 19200 5760 0.021968
5000 19200 5760 0.021689
5000 19200 5760 0.021770
5000 19200 5760 0.021952
5000 19200 5760 0.022696
5000 19200 5760 0.021808
5000 19200 5760 0.022140
5000 19200 5760 0.022643
5000 19200 5760 0.022163
5000 19200 5760 0.022130
5000 19200 5760 0.022428
5000 19200 5760 0.022536
5000 19200 5760 0.021778
5000 19200 5760 0.023297
5000 19200 5760 0.027572
5000 19200 5760 0.021743
5000 19200 5760 0.022949
5000 19200 5760 0.022222
5000 19200 5760 0.022623
5000 19200 5760 0.021781
5000 19200 5760 0.024239
5000 19200 5760 0.021803
5000 19200 5760 0.022546
5000 19200 5760 0.021664
5000 19200 5760 0.021674
5000 19200 5760 0.021868
5000 19200 5760 0.023996
5000 19200 5760 0.022587
5000 19200 5760 0.022343
5000 19200 5760 0.022518
5000 19200 5760 0.023321
5000 19200 5760 0.023138
5000 19200 5760 0.022678
5000 19200 5760 0.022823
5000 19200 5760 0.022926
5000 19200 5760 0.022090
5000 19200 5760 0.020771
5000 19200 5760 0.022498
5000 19200 5760 0.022579
5000 19200 5760 0.021721
5000 19200 5760 0.022419
5000 19200 5760 0.022328
5000 19200 5760 0.022755
5000 19200 5760 0.021426
5000 19200 5760 0.023327
5000 19200 5760 0.021984
5000 19200 5760 0.022685
5000 19200 5760 0.021900
5000 19200 5760 0.023586
5000 19200 5760 0.022414
5000 19200 5760 0.022207
5000 19200 5760 0.022154
5000 19200 5760 0.022510
5000 19200 5760 0.020882
5000 19200 5760 0.022528
5000 19200 5760 0.021788
5000 19200 5760 0.022022
5000 19200 5760 0.021846
5000 19200 5760 0.022426
5000 19200 5760 0.022314
5000 19200 5760 0.021783
5000 19200 5760 0.021778
5000 19200 5760 0.022887
5000 19200 5760 0.022112
5000 19200 5760 0.027269
5000 19200 5760 0.021857
5000 19200 5760 0.022563
5000 19200 5760 0.021916
5000 19200 5760 0.022219
5000 19200 5760 0.021455
5000 19200 5760 0.033945
5000 19200 5760 0.023239
5000 19200 5760 0.023183
5000 19200 5760 0.033398
5000 19200 5760 0.033432
5000 19200 5760 0.020977
5000 19200 5760 0.022916
5000 19200 5760 0.023117
5000 19200 5760 0.023040
5000 19200 5760 0.023310
5000 19200 5760 0.022136
5000 19200 5760 0.021456
5000 19200 5760 0.021802
5000 19200 5760 0.021294
5000 19200 5760 0.022201
5000 19200 5760 0.021450
5000 19200 5760 0.021651
5000 19200 5760 0.041788
5000 19200 5760 0.020386
5000 19200 5760 0.022019
5000 19200 5760 0.022058
5000 19200 5760 0.022006
5000 19200 5760 0.022536
5000 19200 5760 0.022950
5000 19200 5760 0.021940
5000 19200 5760 0.021580
5000 19200 5760 0.022627
5000 19200 5760 0.022899
5000 19200 5760 0.022981
5000 19200 5760 0.023472
5000 19200 5760 0.021754
5000 19200 5760 0.033245
5000 19200 5760 0.022017
5000 19200 5760 0.022266
5000 19200 5760 0.022035
5000 19200 5760 0.022672
5000 19200 5760 0.022365
5000 19200 5760 0.022374
5000 19200 5760 0.022473
5000 19200 5760 0.023705
5000 19200 5760 0.021526
5000 19200 5760 0.022206
5000 19200 5760 0.022325
5000 19200 5760 0.023159
5000 19200 5760 0.022061
5000 19200 5760 0.021419
5000 19200 5760 0.021431
5000 19200 5760 0.023781
5000 19200 5760 0.021203
5000 19200 5760 0.022218
5000 19200 5760 0.032491
5000 19200 5760 0.025036
5000 19200 5760 0.022037
5000 19200 5760 0.022178
5000 19200 5760 0.022753
5000 19200 5760 0.021472
5000 19200 5760 0.021605
5000 19200 5760 0.021681
5000 19200 5760 0.021525
5000 19200 5760 0.021890
5000 19200 5760 0.021181
5000 19200 5760 0.021543
5000 19200 5760 0.021899
5000 19200 5760 0.022068
5000 19200 5760 0.021712
5000 19200 5760 0.023014
5000 19200 5760 0.022305
5000 19200 5760 0.021779
5000 19200 5760 0.021742
5000 19200 5760 0.021872
5000 19200 5760 0.022927
5000 19200 5760 0.022074
5000 19200 5760 0.021279
5000 19200 5760 0.021507
5000 19200 5760 0.021811
5000 19200 5760 0.022249
5000 19200 5760 0.020638
5000 19200 5760 0.022752
5000 19200 5760 0.021599
5000 19200 5760 0.021577
5000 19200 5760 0.023108
5000 19200 5760 0.023528
5000 19200 5760 0.021332
5000 19200 5760 0.020692
5000 19200 5760 0.021602
5000 19200 5760 0.022319
5000 19200 5760 0.021599
5000 19200 5760 0.020993
5000 19200 5760 0.021834
5000 19200 5760 0.022838
5000 19200 5760 0.021708
5000 19200 5760 0.020997
5000 19200 5760 0.022504
5000 19200 5760 0.021564
5000 19200 5760 0.021022
5000 19200 5760 0.020668
5000 19200 5760 0.020566
5000 19200 5760 0.020919
5000 19200 5760 0.021534
5000 19200 5760 0.021100
5000 19200 5760 0.021221
5000 19200 5760 0.020787
5000 19200 5760 0.022086
5000 19200 5760 0.022728
5000 19200 5760 0.022830
5000 19200 5760 0.021898
5000 19200 5760 0.020878
5000 19200 5760 0.022535
5000 19200 5760 0.021147
5000 19200 5760 0.021007
5000 19200 5760 0.021146
5000 19200 5760 0.020549
5000 19200 5760 0.022791
5000 19200 5760 0.022891
5000 19200 5760 0.020703
5000 19200 5760 0.021960
5000 19200 5760 0.028581
5000 19200 5760 0.020564
5000 19200 5760 0.039810
5000 19200 5760 0.020032
5000 19200 5760 0.022092
5000 19200 5760 0.022755
5000 19200 5760 0.022382
5000 19200 5760 0.021485
5000 19200 5760 0.022086
5000 19200 5760 0.021297
5000 19200 5760 0.026674
5000 19200 5760 0.021677
5000 19200 5760 0.024452
5000 19200 5760 0.022212
5000 19200 5760 0.022196
5000 19200 5760 0.021503
5000 19200 5760 0.023646
5000 19200 5760 0.038443
5000 19200 5760 0.022899
5000 19200 5760 0.020831
5000 19200 5760 0.023388
5000 19200 5760 0.021253
5000 19200 5760 0.023931
5000 19200 5760 0.023255
5000 19200 5760 0.022611
5000 19200 5760 0.022544
5000 19200 5760 0.022909
5000 19200 5760 0.022841
5000 19200 5760 0.023282
5000 19200 5760 0.021433
5000 19200 5760 0.022414
5000 19200 5760 0.022871
5000 19200 5760 0.022591
5000 19200 5760 0.023203
5000 19200 5760 0.022107
5000 19200 5760 0.021132
5000 19200 5760 0.029644
5000 19200 5760 0.021327
5000 19200 5760 0.021007
5000 19200 5760 0.021650
5000 19200 5760 0.021469
5000 19200 5760 0.021689
5000 19200 5760 0.021770
5000 19200 5760 0.021493
5000 19200 5760 0.021131
5000 19200 5760 0.021557
5000 19200 5760 0.021706
5000 19200 5760 0.020941
5000 19200 5760 0.021224
5000 19200 5760 0.020361
5000 19200 5760 0.022548
5000 19200 5760 0.021387
5000 19200 5760 0.021296
5000 19200 5760 0.021569
5000 19200 5760 0.025870
5000 19200 5760 0.020950
5000 19200 5760 0.021818
5000 19200 5760 0.020940
5000 19200 5760 0.021059
5000 19200 5760 0.021756
5000 19200 5760 0.021510
5000 19200 5760 0.028597
5000 19200 5760 0.023035
5000 19200 5760 0.021927
5000 19200 5760 0.022391
5000 19200 5760 0.022258
5000 19200 5760 0.022297
5000 19200 5760 0.020561
5000 19200 5760 0.022706
5000 19200 5760 0.022248
5000 19200 5760 0.022915
5000 19200 5760 0.026744
5000 19200 5760 0.021642
5000 19200 5760 0.020961
5000 19200 5760 0.022765
5000 19200 5760 0.021949
5000 19200 5760 0.021859
5000 19200 5760 0.022500
5000 19200 5760 0.022710
5000 19200 5760 0.021785
5000 19200 5760 0.021470
5000 19200 5760 0.026251
5000 19200 5760 0.022708
5000 19200 5760 0.021744
5000 19200 5760 0.022426
5000 19200 5760 0.021714
5000 19200 5760 0.022102
5000 19200 5760 0.021423
5000 19200 5760 0.022451
5000 19200 5760 0.019813
5000 19200 5760 0.021597
5000 19200 5760 0.022549
5000 19200 5760 0.023268
5000 19200 5760 0.021342
5000 19200 5760 0.022802
5000 19200 5760 0.021100
5000 19200 5760 0.023143
5000 19200 5760 0.022879
5000 19200 5760 0.021526
5000 19200 5760 0.021980
5000 19200 5760 0.022709
5000 19200 5760 0.021079
5000 19200 5760 0.022949
9000 37211 11163 0.139122
9000 37211 11163 0.074758
9000 37211 11163 0.078064
9000 37211 11163 0.075723
9000 37211 11163 0.074480
9000 37211 11163 0.083297
9000 37211 11163 0.073365
9000 37211 11163 0.101265
9000 37211 11163 0.076563
9000 37211 11163 0.072426
9000 37211 11163 0.080013
9000 37211 11163 0.076618
9000 37211 11163 0.076741
9000 37211 11163 0.074807
9000 37211 11163 0.075661
9000 37211 11163 0.075186
9000 37211 11163 0.075537
9000 37211 11163 0.075508
9000 37211 11163 0.076221
9000 37211 11163 0.074554
9000 37211 11163 0.075522
9000 37211 11163 0.073419
9000 37211 11163 0.075524
9000 37211 11163 0.076585
9000 37211 11163 0.076431
9000 37211 11163 0.074673
9000 37211 11163 0.076959
9000 37211 11163 0.075606
9000 37211 11163 0.075179
9000 37211 11163 0.074035
9000 37211 11163 0.076196
9000 37211 11163 0.074711
9000 37211 11163 0.073522
9000 37211 11163 0.074514
9000 37211 11163 0.075388
9000 37211 11163 0.073203
9000 37211 11163 0.073691
9000 37211 11163 0.070952
9000 37211 11163 0.073496
9000 37211 11163 0.072664
9000 37211 11163 0.075559
9000 37211 11163 0.074894
9000 37211 11163 0.075167
9000 37211 11163 0.074076
9000 37211 11163 0.075106
9000 37211 11163 0.084835
9000 37211 11163 0.095877
9000 37211 11163 0.074209
9000 37211 11163 0.074160
9000 37211 11163 0.070302
9000 37211 11163 0.071962
9000 37211 11163 0.072486
9000 37211 11163 0.073498
9000 37211 11163 0.077128
9000 37211 11163 0.075006
9000 37211 11163 0.071834
9000 37211 11163 0.072522
9000 37211 11163 0.085665
9000 37211 11163 0.079846
9000 37211 11163 0.077145
9000 37211 11163 0.075335
9000 37211 11163 0.080562
9000 37211 11163 0.075337
9000 37211 11163 0.072805
9000 37211 11163 0.074998
9000 37211 11163 0.072755
9000 37211 11163 0.075691
9000 37211 11163 0.076356
9000 37211 11163 0.075397
9000 37211 11163 0.071850
9000 37211 11163 0.073436
9000 37211 11163 0.072819
9000 37211 11163 0.073807
9000 37211 11163 0.073270
9000 37211 11163 0.076335
9000 37211 11163 0.073746
9000 37211 11163 0.077897
9000 37211 11163 0.077216
9000 37211 11163 0.075102
9000 37211 11163 0.073641
9000 37211 11163 0.076734
9000 37211 11163 0.073444
9000 37211 11163 0.073878
9000 37211 11163 0.074580
9000 37211 11163 0.078220
9000 37211 11163 0.073002
9000 37211 11163 0.091354
9000 37211 11163 0.073894
9000 37211 11163 0.077929
9000 37211 11163 0.073148
9000 37211 11163 0.072843
9000 37211 11163 0.075662
9000 37211 11163 0.077774
9000 37211 11163 0.098753
9000 37211 11163 0.076157
9000 37211 11163 0.073666
9000 37211 11163 0.089951
9000 37211 11163 0.073708
9000 37211 11163 0.075065
9000 37211 11163 0.070931
9000 37211 11163 0.078321
9000 37211 11163 0.133631
9000 37211 11163 0.072342
9000 37211 11163 0.081024
9000 37211 11163 0.077326
9000 37211 11163 0.075292
9000 37211 11163 0.073835
9000 37211 11163 0.077378
9000 37211 11163 0.071730
9000 37211 11163 0.077208
9000 37211 11163 0.076227
9000 37211 11163 0.075672
9000 37211 11163 0.074580
9000 37211 11163 0.074894
9000 37211 11163 0.073284
9000 37211 11163 0.074742
9000 37211 11163 0.075406
9000 37211 11163 0.076612
9000 37211 11163 0.076088
9000 37211 11163 0.073599
9000 37211 11163 0.075076
9000 37211 11163 0.078139
9000 37211 11163 0.077019
9000 37211 11163 0.077105
9000 37211 11163 0.099109
9000 37211 11163 0.091749
9000 37211 11163 0.073215
9000 37211 11163 0.076280
9000 37211 11163 0.075127
9000 37211 11163 0.074418
9000 37211 11163 0.073769
9000 37211 11163 0.076981
9000 37211 11163 0.076138
9000 37211 11163 0.077131
9000 37211 11163 0.078434
9000 37211 11163 0.075470
9000 37211 11163 0.075417
9000 37211 11163 0.074035
9000 37211 11163 0.075044
9000 37211 11163 0.077623
9000 37211 11163 0.074024
9000 37211 11163 0.075652
9000 37211 11163 0.074791
9000 37211 11163 0.076043
9000 37211 11163 0.074844
9000 37211 11163 0.075341
9000 37211 11163 0.075825
9000 37211 11163 0.099710
9000 37211 11163 0.074651
9000 37211 11163 0.074392
9000 37211 11163 0.072438
9000 37211 11163 0.073179
9000 37211 11163 0.073438
9000 37211 11163 0.072130
9000 37211 11163 0.073517
9000 37211 11163 0.075337
9000 37211 11163 0.073907
9000 37211 11163 0.077462
9000 37211 11163 0.075697
9000 37211 11163 0.071881
9000 37211 11163 0.075272
9000 37211 11163 0.074916
9000 37211 11163 0.072945
9000 37211 11163 0.074394
9000 37211 11163 0.074003
9000 37211 11163 0.074087
9000 37211 11163 0.076914
9000 37211 11163 0.079892
9000 37211 11163 0.072747
9000 37211 11163 0.075123
9000 37211 11163 0.072764
9000 37211 11163 0.076832
9000 37211 11163 0.072157
9000 37211 11163 0.076166
9000 37211 11163 0.073999
9000 37211 11163 0.072986
9000 37211 11163 0.072301
9000 37211 11163 0.076073
9000 37211 11163 0.075104
9000 37211 11163 0.075629
9000 37211 11163 0.073317
9000 37211 11163 0.091625
9000 37211 11163 0.073351
9000 37211 11163 0.073735
9000 37211 11163 0.075652
9000 37211 11163 0.075081
9000 37211 11163 0.073302
9000 37211 11163 0.075709
9000 37211 11163 0.076569
9000 37211 11163 0.077455
9000 37211 11163 0.075062
9000 37211 11163 0.078438
9000 37211 11163 0.073741
9000 37211 11163 0.076268
9000 37211 11163 0.075783
9000 37211 11163 0.076752
9000 37211 11163 0.074001
9000 37211 11163 0.076927
9000 37211 11163 0.072918
9000 37211 11163 0.076739
9000 37211 11163 0.075930
9000 37211 11163 0.075874
9000 37211 11163 0.161810
9000 37211 11163 0.077854
9000 37211 11163 0.082370
9000 37211 11163 0.073543
9000 37211 11163 0.076503
9000 37211 11163 0.075641
9000 37211 11163 0.075053
9000 37211 11163 0.074818
9000 37211 11163 0.097416
9000 37211 11163 0.073654
9000 37211 11163 0.073994
9000 37211 11163 0.069375
9000 37211 11163 0.074132
9000 37211 11163 0.071639
9000 37211 11163 0.073131
9000 37211 11163 0.082098
9000 37211 11163 0.101388
9000 37211 11163 0.065807
9000 37211 11163 0.071865
9000 37211 11163 0.072787
9000 37211 11163 0.085523
9000 37211 11163 0.069142
9000 37211 11163 0.072312
9000 37211 11163 0.068968
9000 37211 11163 0.075299
9000 37211 11163 0.073306
9000 37211 11163 0.075164
9000 37211 11163 0.082523
9000 37211 11163 0.073302
9000 37211 11163 0.073333
9000 37211 11163 0.074080
9000 37211 11163 0.098344
9000 37211 11163 0.072154
9000 37211 11163 0.070433
9000 37211 11163 0.074166
9000 37211 11163 0.071333
9000 37211 11163 0.072781
9000 37211 11163 0.076154
9000 37211 11163 0.073724
9000 37211 11163 0.071840
9000 37211 11163 0.087689
9000 37211 11163 0.096117
9000 37211 11163 0.075547
9000 37211 11163 0.074129
9000 37211 11163 0.076848
9000 37211 11163 0.075257
9000 37211 11163 0.074096
9000 37211 11163 0.074161
9000 37211 11163 0.072268
9000 37211 11163 0.076561
9000 37211 11163 0.074510
9000 37211 11163 0.073033
9000 37211 11163 0.071450
9000 37211 11163 0.075814
9000 37211 11163 0.077284
9000 37211 11163 0.082128
9000 37211 11163 0.074832
9000 37211 11163 0.074190
9000 37211 11163 0.071243
9000 37211 11163 0.073510
9000 37211 11163 0.071735
9000 37211 11163 0.073262
9000 37211 11163 0.071111
9000 37211 11163 0.076553
9000 37211 11163 0.074734
9000 37211 11163 0.075734
9000 37211 11163 0.073952
9000 37211 11163 0.074359
9000 37211 11163 0.072862
9000 37211 11163 0.073132
9000 37211 11163 0.075982
9000 37211 11163 0.074880
9000 37211 11163 0.075121
9000 37211 11163 0.075334
9000 37211 11163 0.080215
9000 37211 11163 0.074700
9000 37211 11163 0.073841
9000 37211 11163 0.075317
9000 37211 11163 0.075029
9000 37211 11163 0.073029
9000 37211 11163 0.074292
9000 37211 11163 0.097242
9000 37211 11163 0.074009
9000 37211 11163 0.084157
9000 37211 11163 0.072926
9000 37211 11163 0.071442
9000 37211 11163 0.081662
9000 37211 11163 0.071828
9000 37211 11163 0.073487
9000 37211 11163 0.100335
9000 37211 11163 0.076298
9000 37211 11163 0.074351
9000 37211 11163 0.074421
9000 37211 11163 0.077461
9000 37211 11163 0.101713
9000 37211 11163 0.091545
9000 37211 11163 0.075979
9000 37211 11163 0.075149
9000 37211 11163 0.096946
9000 37211 11163 0.074618
9000 37211 11163 0.078518
