10 10000 5000 0.000072
10 10000 5000 0.000041
10 10000 5000 0.000044
10 10000 5000 0.000044
10 10000 5000 0.000044
10 10000 5000 0.000039
10 10000 5000 0.000039
10 10000 5000 0.000044
10 10000 5000 0.000038
10 10000 5000 0.000035
10 10000 5000 0.000038
10 10000 5000 0.000040
10 10000 5000 0.000038
10 10000 5000 0.000039
10 10000 5000 0.000038
10 10000 5000 0.000038
10 10000 5000 0.000039
10 10000 5000 0.000040
10 10000 5000 0.000037
10 10000 5000 0.000038
10 10000 5000 0.000036
10 10000 5000 0.000040
10 10000 5000 0.000038
10 10000 5000 0.000039
10 10000 5000 0.000040
10 10000 5000 0.000043
10 10000 5000 0.000041
10 10000 5000 0.000041
10 10000 5000 0.000044
10 10000 5000 0.000041
10 10000 5000 0.000036
10 10000 5000 0.000036
10 10000 5000 0.000038
10 10000 5000 0.000043
10 10000 5000 0.000039
10 10000 5000 0.000036
10 10000 5000 0.000031
50 10000 5000 0.000286
50 10000 5000 0.000123
50 10000 5000 0.000160
50 10000 5000 0.000162
50 10000 5000 0.000158
50 10000 5000 0.000158
50 10000 5000 0.000158
50 10000 5000 0.000154
50 10000 5000 0.000154
50 10000 5000 0.000153
50 10000 5000 0.000159
50 10000 5000 0.000143
50 10000 5000 0.000138
50 10000 5000 0.000139
50 10000 5000 0.000138
50 10000 5000 0.000137
50 10000 5000 0.000149
50 10000 5000 0.000147
50 10000 5000 0.000149
50 10000 5000 0.000148
50 10000 5000 0.000150
50 10000 5000 0.000138
50 10000 5000 0.000151
50 10000 5000 0.000149
50 10000 5000 0.000144
50 10000 5000 0.000143
50 10000 5000 0.000142
50 10000 5000 0.000151
50 10000 5000 0.000151
50 10000 5000 0.000144
50 10000 5000 0.000146
50 10000 5000 0.000151
50 10000 5000 0.000148
50 10000 5000 0.000147
50 10000 5000 0.000142
50 10000 5000 0.000142
50 10000 5000 0.000149
50 10000 5000 0.000150
50 10000 5000 0.000147
50 10000 5000 0.000162
50 10000 5000 0.000148
50 10000 5000 0.000150
50 10000 5000 0.000150
50 10000 5000 0.000156
50 10000 5000 0.000152
50 10000 5000 0.000157
50 10000 5000 0.000151
50 10000 5000 0.000156
50 10000 5000 0.000152
50 10000 5000 0.000157
50 10000 5000 0.000153
50 10000 5000 0.000153
50 10000 5000 0.000153
50 10000 5000 0.000154
100 10000 5000 0.000624
100 10000 5000 0.000255
100 10000 5000 0.000263
100 10000 5000 0.000263
100 10000 5000 0.000291
100 10000 5000 0.000273
100 10000 5000 0.000287
100 10000 5000 0.000290
100 10000 5000 0.000263
100 10000 5000 0.000225
100 10000 5000 0.000228
100 10000 5000 0.000281
100 10000 5000 0.000260
100 10000 5000 0.000257
100 10000 5000 0.000274
100 10000 5000 0.000284
100 10000 5000 0.000238
100 10000 5000 0.000260
100 10000 5000 0.000280
100 10000 5000 0.000230
100 10000 5000 0.000218
100 10000 5000 0.000242
100 10000 5000 0.000252
100 10000 5000 0.000230
100 10000 5000 0.000231
100 10000 5000 0.000225
100 10000 5000 0.000222
100 10000 5000 0.000221
100 10000 5000 0.000220
100 10000 5000 0.000258
100 10000 5000 0.000266
100 10000 5000 0.000271
100 10000 5000 0.000225
100 10000 5000 0.000229
100 10000 5000 0.000224
100 10000 5000 0.000226
100 10000 5000 0.000246
100 10000 5000 0.000240
100 10000 5000 0.000224
100 10000 5000 0.000246
100 10000 5000 0.000269
100 10000 5000 0.000240
100 10000 5000 0.000244
100 10000 5000 0.000227
100 10000 5000 0.000282
100 10000 5000 0.000223
100 10000 5000 0.000207
100 10000 5000 0.000189
100 10000 5000 0.000207
100 10000 5000 0.000202
100 10000 5000 0.000215
100 10000 5000 0.000203
100 10000 5000 0.000213
100 10000 5000 0.000235
100 10000 5000 0.000248
100 10000 5000 0.000284
100 10000 5000 0.000233
100 10000 5000 0.000234
100 10000 5000 0.000238
100 10000 5000 0.000275
100 10000 5000 0.000288
100 10000 5000 0.000242
100 10000 5000 0.000225
100 10000 5000 0.000229
100 10000 5000 0.002973
100 10000 5000 0.000241
100 10000 5000 0.000249
