10 10000 5000 0.000073
10 10000 5000 0.000041
10 10000 5000 0.000043
10 10000 5000 0.000040
10 10000 5000 0.000042
10 10000 5000 0.000044
10 10000 5000 0.000041
10 10000 5000 0.000041
10 10000 5000 0.000041
10 10000 5000 0.000042
10 10000 5000 0.000040
10 10000 5000 0.000041
10 10000 5000 0.000040
10 10000 5000 0.000035
10 10000 5000 0.000038
10 10000 5000 0.000038
10 10000 5000 0.000034
10 10000 5000 0.000037
10 10000 5000 0.000040
10 10000 5000 0.000038
10 10000 5000 0.000037
10 10000 5000 0.000037
10 10000 5000 0.000039
10 10000 5000 0.000041
10 10000 5000 0.000039
10 10000 5000 0.000036
10 10000 5000 0.000041
10 10000 5000 0.000037
10 10000 5000 0.000038
10 10000 5000 0.000039
10 10000 5000 0.000037
10 10000 5000 0.000035
10 10000 5000 0.000038
10 10000 5000 0.000036
10 10000 5000 0.000034
10 10000 5000 0.000036
10 10000 5000 0.000037
50 10000 5000 0.000294
50 10000 5000 0.000151
50 10000 5000 0.000159
50 10000 5000 0.000154
50 10000 5000 0.000154
50 10000 5000 0.000152
50 10000 5000 0.000153
50 10000 5000 0.000148
50 10000 5000 0.000149
50 10000 5000 0.000148
50 10000 5000 0.000151
50 10000 5000 0.000146
50 10000 5000 0.000147
50 10000 5000 0.000147
50 10000 5000 0.000150
50 10000 5000 0.000145
50 10000 5000 0.000152
50 10000 5000 0.000148
50 10000 5000 0.000154
50 10000 5000 0.000158
50 10000 5000 0.000157
50 10000 5000 0.000152
50 10000 5000 0.000153
50 10000 5000 0.000158
50 10000 5000 0.000154
50 10000 5000 0.000152
50 10000 5000 0.000154
50 10000 5000 0.000156
50 10000 5000 0.000155
50 10000 5000 0.000149
50 10000 5000 0.000148
50 10000 5000 0.000149
50 10000 5000 0.000156
50 10000 5000 0.000150
50 10000 5000 0.000155
50 10000 5000 0.000141
50 10000 5000 0.000146
50 10000 5000 0.000150
50 10000 5000 0.000155
50 10000 5000 0.000152
50 10000 5000 0.000155
50 10000 5000 0.000152
50 10000 5000 0.000153
50 10000 5000 0.000158
50 10000 5000 0.000152
50 10000 5000 0.000149
50 10000 5000 0.000154
50 10000 5000 0.000145
50 10000 5000 0.000155
50 10000 5000 0.000151
50 10000 5000 0.000150
50 10000 5000 0.000138
50 10000 5000 0.000139
50 10000 5000 0.000144
50 10000 5000 0.000150
50 10000 5000 0.000153
100 10000 5000 0.000617
100 10000 5000 0.000291
100 10000 5000 0.000280
100 10000 5000 0.000245
100 10000 5000 0.000266
100 10000 5000 0.000290
100 10000 5000 0.000281
100 10000 5000 0.000265
100 10000 5000 0.000251
100 10000 5000 0.000269
100 10000 5000 0.000260
100 10000 5000 0.000265
100 10000 5000 0.000261
100 10000 5000 0.000264
100 10000 5000 0.000238
100 10000 5000 0.000306
100 10000 5000 0.000263
100 10000 5000 0.000263
100 10000 5000 0.000233
100 10000 5000 0.000231
100 10000 5000 0.000226
100 10000 5000 0.000255
100 10000 5000 0.000272
100 10000 5000 0.000266
100 10000 5000 0.000269
100 10000 5000 0.000246
100 10000 5000 0.000231
100 10000 5000 0.000229
100 10000 5000 0.000261
100 10000 5000 0.000235
100 10000 5000 0.000227
100 10000 5000 0.000227
100 10000 5000 0.000215
100 10000 5000 0.000257
100 10000 5000 0.000225
100 10000 5000 0.000227
100 10000 5000 0.000230
100 10000 5000 0.000240
100 10000 5000 0.000229
100 10000 5000 0.000241
100 10000 5000 0.000259
100 10000 5000 0.000231
100 10000 5000 0.000225
100 10000 5000 0.000265
100 10000 5000 0.000227
100 10000 5000 0.000258
100 10000 5000 0.000233
100 10000 5000 0.000269
100 10000 5000 0.000233
100 10000 5000 0.000232
100 10000 5000 0.000287
100 10000 5000 0.000235
100 10000 5000 0.000237
100 10000 5000 0.000249
100 10000 5000 0.000258
100 10000 5000 0.000256
100 10000 5000 0.000297
100 10000 5000 0.000254
100 10000 5000 0.000227
100 10000 5000 0.000268
100 10000 5000 0.000241
100 10000 5000 0.000245
100 10000 5000 0.000295
100 10000 5000 0.000265
100 10000 5000 0.000244
100 10000 5000 0.000263
100 10000 5000 0.000230
100 10000 5000 0.000276
10 10000 5000 0.000069
10 10000 5000 0.000037
10 10000 5000 0.000045
10 10000 5000 0.000043
10 10000 5000 0.000043
10 10000 5000 0.000042
10 10000 5000 0.000040
10 10000 5000 0.000041
10 10000 5000 0.000038
10 10000 5000 0.000040
10 10000 5000 0.000036
10 10000 5000 0.000036
10 10000 5000 0.000036
10 10000 5000 0.000033
10 10000 5000 0.000038
10 10000 5000 0.002443
10 10000 5000 0.000037
10 10000 5000 0.000039
10 10000 5000 0.000040
10 10000 5000 0.000042
10 10000 5000 0.000038
10 10000 5000 0.000036
10 10000 5000 0.000036
10 10000 5000 0.000036
10 10000 5000 0.000039
10 10000 5000 0.000038
10 10000 5000 0.000037
10 10000 5000 0.000037
10 10000 5000 0.000038
10 10000 5000 0.000039
10 10000 5000 0.000039
10 10000 5000 0.000037
10 10000 5000 0.000038
10 10000 5000 0.000038
10 10000 5000 0.000038
10 10000 5000 0.000037
10 10000 5000 0.000036
50 10000 5000 0.000331
50 10000 5000 0.000170
50 10000 5000 0.000149
50 10000 5000 0.000164
50 10000 5000 0.000150
50 10000 5000 0.000164
50 10000 5000 0.000146
50 10000 5000 0.000155
50 10000 5000 0.000146
50 10000 5000 0.000144
50 10000 5000 0.000148
50 10000 5000 0.000158
50 10000 5000 0.000148
50 10000 5000 0.000146
50 10000 5000 0.000148
50 10000 5000 0.000146
50 10000 5000 0.000148
50 10000 5000 0.000148
50 10000 5000 0.000145
50 10000 5000 0.000146
50 10000 5000 0.000147
50 10000 5000 0.000148
50 10000 5000 0.000146
50 10000 5000 0.000145
50 10000 5000 0.000147
50 10000 5000 0.000143
50 10000 5000 0.000144
50 10000 5000 0.000147
50 10000 5000 0.000146
50 10000 5000 0.000144
50 10000 5000 0.000142
50 10000 5000 0.000142
50 10000 5000 0.000142
50 10000 5000 0.000144
50 10000 5000 0.000141
50 10000 5000 0.000143
50 10000 5000 0.001862
50 10000 5000 0.000146
50 10000 5000 0.000146
50 10000 5000 0.000132
50 10000 5000 0.000147
50 10000 5000 0.000149
50 10000 5000 0.000157
50 10000 5000 0.000154
50 10000 5000 0.000151
50 10000 5000 0.000161
50 10000 5000 0.000151
50 10000 5000 0.000153
50 10000 5000 0.000150
50 10000 5000 0.000156
50 10000 5000 0.000147
50 10000 5000 0.003819
50 10000 5000 0.000153
50 10000 5000 0.000158
100 10000 5000 0.000692
100 10000 5000 0.000296
100 10000 5000 0.000282
100 10000 5000 0.000273
100 10000 5000 0.000247
100 10000 5000 0.000259
100 10000 5000 0.000298
100 10000 5000 0.000308
100 10000 5000 0.000243
100 10000 5000 0.000228
100 10000 5000 0.000204
100 10000 5000 0.000260
100 10000 5000 0.000284
100 10000 5000 0.000246
100 10000 5000 0.000266
100 10000 5000 0.000320
100 10000 5000 0.000261
100 10000 5000 0.000266
100 10000 5000 0.000267
100 10000 5000 0.000239
100 10000 5000 0.000226
100 10000 5000 0.000244
100 10000 5000 0.000271
100 10000 5000 0.000246
100 10000 5000 0.000227
100 10000 5000 0.000282
100 10000 5000 0.000271
100 10000 5000 0.000276
100 10000 5000 0.000276
100 10000 5000 0.000233
100 10000 5000 0.000264
100 10000 5000 0.000263
100 10000 5000 0.000283
100 10000 5000 0.000238
100 10000 5000 0.000238
100 10000 5000 0.000249
100 10000 5000 0.000236
100 10000 5000 0.000259
100 10000 5000 0.000244
100 10000 5000 0.000230
100 10000 5000 0.000255
100 10000 5000 0.000216
100 10000 5000 0.000234
100 10000 5000 0.000253
100 10000 5000 0.000232
100 10000 5000 0.000245
100 10000 5000 0.000227
100 10000 5000 0.000225
100 10000 5000 0.000231
100 10000 5000 0.000225
100 10000 5000 0.000223
100 10000 5000 0.000222
100 10000 5000 0.000223
100 10000 5000 0.000209
100 10000 5000 0.000282
100 10000 5000 0.000276
100 10000 5000 0.000245
100 10000 5000 0.000270
100 10000 5000 0.000274
100 10000 5000 0.000266
100 10000 5000 0.000247
100 10000 5000 0.000284
100 10000 5000 0.000282
100 10000 5000 0.000304
100 10000 5000 0.000251
100 10000 5000 0.000302
100 10000 5000 0.000231
100 10000 5000 0.000266
10 10000 5000 0.000066
10 10000 5000 0.000043
10 10000 5000 0.000043
10 10000 5000 0.000046
10 10000 5000 0.000043
10 10000 5000 0.000042
10 10000 5000 0.000038
10 10000 5000 0.000039
10 10000 5000 0.000041
10 10000 5000 0.000039
10 10000 5000 0.000041
10 10000 5000 0.000041
10 10000 5000 0.000041
10 10000 5000 0.000037
10 10000 5000 0.000039
10 10000 5000 0.000041
10 10000 5000 0.000037
10 10000 5000 0.000037
10 10000 5000 0.000038
10 10000 5000 0.000038
10 10000 5000 0.000038
10 10000 5000 0.000035
10 10000 5000 0.000036
10 10000 5000 0.000036
10 10000 5000 0.000040
10 10000 5000 0.000039
10 10000 5000 0.000040
10 10000 5000 0.000038
10 10000 5000 0.000039
10 10000 5000 0.000042
10 10000 5000 0.000041
10 10000 5000 0.000043
10 10000 5000 0.000038
10 10000 5000 0.000039
10 10000 5000 0.000037
10 10000 5000 0.000042
10 10000 5000 0.000042
50 10000 5000 0.000289
50 10000 5000 0.000134
50 10000 5000 0.000152
50 10000 5000 0.000155
50 10000 5000 0.000161
50 10000 5000 0.000157
50 10000 5000 0.000152
50 10000 5000 0.000156
50 10000 5000 0.000150
50 10000 5000 0.000155
50 10000 5000 0.000148
50 10000 5000 0.000149
50 10000 5000 0.000149
50 10000 5000 0.000149
50 10000 5000 0.000147
50 10000 5000 0.000145
50 10000 5000 0.000147
50 10000 5000 0.000143
50 10000 5000 0.000148
50 10000 5000 0.000141
50 10000 5000 0.000144
50 10000 5000 0.000140
50 10000 5000 0.000141
50 10000 5000 0.000140
50 10000 5000 0.000141
50 10000 5000 0.000132
50 10000 5000 0.000146
50 10000 5000 0.000136
50 10000 5000 0.000141
50 10000 5000 0.000145
50 10000 5000 0.000139
50 10000 5000 0.000144
50 10000 5000 0.000136
50 10000 5000 0.000143
50 10000 5000 0.000147
50 10000 5000 0.004209
50 10000 5000 0.000143
50 10000 5000 0.000144
50 10000 5000 0.000147
50 10000 5000 0.000150
50 10000 5000 0.000145
50 10000 5000 0.000149
50 10000 5000 0.000151
50 10000 5000 0.000146
50 10000 5000 0.000144
50 10000 5000 0.000143
50 10000 5000 0.000142
50 10000 5000 0.000142
50 10000 5000 0.000141
50 10000 5000 0.000143
50 10000 5000 0.000142
100 10000 5000 0.000632
100 10000 5000 0.000272
100 10000 5000 0.000295
100 10000 5000 0.000294
100 10000 5000 0.000274
100 10000 5000 0.000252
100 10000 5000 0.000233
100 10000 5000 0.000277
100 10000 5000 0.000236
100 10000 5000 0.000262
100 10000 5000 0.000241
100 10000 5000 0.000233
100 10000 5000 0.000238
100 10000 5000 0.000235
100 10000 5000 0.000270
100 10000 5000 0.000266
100 10000 5000 0.000247
100 10000 5000 0.000276
100 10000 5000 0.000230
100 10000 5000 0.000245
100 10000 5000 0.000262
100 10000 5000 0.000236
100 10000 5000 0.000229
100 10000 5000 0.000232
100 10000 5000 0.000221
100 10000 5000 0.000230
100 10000 5000 0.000239
100 10000 5000 0.000233
100 10000 5000 0.000237
100 10000 5000 0.000263
100 10000 5000 0.000243
100 10000 5000 0.000235
100 10000 5000 0.000226
100 10000 5000 0.000232
100 10000 5000 0.000249
100 10000 5000 0.004429
100 10000 5000 0.000295
100 10000 5000 0.000237
100 10000 5000 0.000274
100 10000 5000 0.000237
100 10000 5000 0.000241
100 10000 5000 0.000230
100 10000 5000 0.000242
100 10000 5000 0.000255
100 10000 5000 0.000228
100 10000 5000 0.000294
100 10000 5000 0.000253
100 10000 5000 0.000295
100 10000 5000 0.000289
100 10000 5000 0.000221
100 10000 5000 0.000208
100 10000 5000 0.000226
100 10000 5000 0.000213
100 10000 5000 0.000204
100 10000 5000 0.000268
100 10000 5000 0.000256
100 10000 5000 0.000224
100 10000 5000 0.000215
100 10000 5000 0.000211
100 10000 5000 0.000210
100 10000 5000 0.000213
100 10000 5000 0.000208
100 10000 5000 0.000212
100 10000 5000 0.000270
100 10000 5000 0.000227
100 10000 5000 0.000268
100 10000 5000 0.000246
100 10000 5000 0.000288
100 10000 5000 0.000253
100 10000 5000 0.000298
100 10000 5000 0.000242
100 10000 5000 0.000259
100 10000 5000 0.000256
100 10000 5000 0.000237
100 10000 5000 0.000242
