10 10000 5000 0.003990
10 10000 5000 0.004261
10 10000 5000 0.001420
10 10000 5000 0.000220
10 10000 5000 0.005985
10 10000 5000 0.007295
10 10000 5000 0.005248
10 10000 5000 0.000212
10 10000 5000 0.000212
10 10000 5000 0.002407
10 10000 5000 0.000211
10 10000 5000 0.005144
10 10000 5000 0.005104
10 10000 5000 0.002739
10 10000 5000 0.005304
10 10000 5000 0.002757
10 10000 5000 0.008141
10 10000 5000 0.003919
10 10000 5000 0.000208
10 10000 5000 0.003284
10 10000 5000 0.000210
10 10000 5000 0.004136
10 10000 5000 0.002674
10 10000 5000 0.000204
10 10000 5000 0.000207
10 10000 5000 0.003923
10 10000 5000 0.000202
10 10000 5000 0.000206
10 10000 5000 0.000203
10 10000 5000 0.008399
10 10000 5000 0.005060
10 10000 5000 0.000201
10 10000 5000 0.005033
10 10000 5000 0.004268
10 10000 5000 0.002788
10 10000 5000 0.004757
10 10000 5000 0.003759
50 10000 5000 0.008847
50 10000 5000 0.006853
50 10000 5000 0.006618
50 10000 5000 0.005634
50 10000 5000 0.005156
50 10000 5000 0.002657
50 10000 5000 0.005136
50 10000 5000 0.004792
50 10000 5000 0.002752
50 10000 5000 0.000230
50 10000 5000 0.003916
50 10000 5000 0.000217
50 10000 5000 0.005977
50 10000 5000 0.003178
50 10000 5000 0.003342
50 10000 5000 0.003156
50 10000 5000 0.001482
50 10000 5000 0.002620
50 10000 5000 0.005721
50 10000 5000 0.002758
50 10000 5000 0.001201
50 10000 5000 0.003588
50 10000 5000 0.004031
50 10000 5000 0.002198
50 10000 5000 0.000218
50 10000 5000 0.003185
50 10000 5000 0.000220
50 10000 5000 0.000220
50 10000 5000 0.004667
50 10000 5000 0.002714
50 10000 5000 0.005097
50 10000 5000 0.002900
50 10000 5000 0.000218
50 10000 5000 0.000213
50 10000 5000 0.000214
50 10000 5000 0.005403
50 10000 5000 0.000215
50 10000 5000 0.000216
50 10000 5000 0.000214
50 10000 5000 0.000213
50 10000 5000 0.000215
50 10000 5000 0.001704
50 10000 5000 0.000277
50 10000 5000 0.000216
50 10000 5000 0.000218
50 10000 5000 0.002531
50 10000 5000 0.002744
50 10000 5000 0.001458
50 10000 5000 0.010682
50 10000 5000 0.006013
50 10000 5000 0.003154
50 10000 5000 0.001394
50 10000 5000 0.005270
50 10000 5000 0.005140
50 10000 5000 0.005420
50 10000 5000 0.001454
50 10000 5000 0.001446
100 10000 5000 0.013562
100 10000 5000 0.019613
100 10000 5000 0.009879
100 10000 5000 0.002619
100 10000 5000 0.012509
100 10000 5000 0.002656
100 10000 5000 0.002699
100 10000 5000 0.002969
100 10000 5000 0.005435
100 10000 5000 0.004511
100 10000 5000 0.002653
100 10000 5000 0.008530
100 10000 5000 0.007652
100 10000 5000 0.008911
100 10000 5000 0.002755
100 10000 5000 0.002737
100 10000 5000 0.002753
100 10000 5000 0.002809
100 10000 5000 0.002747
100 10000 5000 0.002765
100 10000 5000 0.013297
100 10000 5000 0.001508
100 10000 5000 0.002695
100 10000 5000 0.004937
100 10000 5000 0.000222
100 10000 5000 0.009888
100 10000 5000 0.006015
100 10000 5000 0.002642
100 10000 5000 0.009649
100 10000 5000 0.003037
100 10000 5000 0.002545
100 10000 5000 0.006098
100 10000 5000 0.002756
100 10000 5000 0.001344
100 10000 5000 0.002740
100 10000 5000 0.002749
100 10000 5000 0.002695
100 10000 5000 0.002593
100 10000 5000 0.002653
100 10000 5000 0.002654
100 10000 5000 0.000218
100 10000 5000 0.008116
100 10000 5000 0.001462
100 10000 5000 0.007965
100 10000 5000 0.002620
100 10000 5000 0.002627
100 10000 5000 0.002597
100 10000 5000 0.003851
100 10000 5000 0.002586
100 10000 5000 0.001464
100 10000 5000 0.001488
100 10000 5000 0.002621
100 10000 5000 0.001457
100 10000 5000 0.003838
100 10000 5000 0.004547
100 10000 5000 0.005346
100 10000 5000 0.002749
100 10000 5000 0.007389
100 10000 5000 0.011279
100 10000 5000 0.000215
100 10000 5000 0.004191
100 10000 5000 0.000214
100 10000 5000 0.008325
100 10000 5000 0.006084
100 10000 5000 0.005294
100 10000 5000 0.003466
10 10000 5000 0.005522
10 10000 5000 0.006116
10 10000 5000 0.000213
10 10000 5000 0.000222
10 10000 5000 0.005823
10 10000 5000 0.002637
10 10000 5000 0.004920
10 10000 5000 0.002739
10 10000 5000 0.002738
10 10000 5000 0.000225
10 10000 5000 0.000211
10 10000 5000 0.002913
10 10000 5000 0.002622
10 10000 5000 0.003911
10 10000 5000 0.001390
10 10000 5000 0.000451
10 10000 5000 0.004377
10 10000 5000 0.001470
10 10000 5000 0.001500
10 10000 5000 0.010191
10 10000 5000 0.000200
10 10000 5000 0.002837
10 10000 5000 0.002673
10 10000 5000 0.000199
10 10000 5000 0.000206
10 10000 5000 0.002943
10 10000 5000 0.000207
10 10000 5000 0.000202
10 10000 5000 0.002492
10 10000 5000 0.002648
10 10000 5000 0.004746
10 10000 5000 0.004008
10 10000 5000 0.004464
10 10000 5000 0.002965
10 10000 5000 0.004860
10 10000 5000 0.000193
10 10000 5000 0.000192
50 10000 5000 0.003838
50 10000 5000 0.003753
50 10000 5000 0.005318
50 10000 5000 0.002924
50 10000 5000 0.007049
50 10000 5000 0.005161
50 10000 5000 0.010858
50 10000 5000 0.002764
50 10000 5000 0.005312
50 10000 5000 0.001461
50 10000 5000 0.000221
50 10000 5000 0.004169
50 10000 5000 0.000217
50 10000 5000 0.001614
50 10000 5000 0.000220
50 10000 5000 0.007168
50 10000 5000 0.002614
50 10000 5000 0.002753
50 10000 5000 0.002750
50 10000 5000 0.002784
50 10000 5000 0.008216
50 10000 5000 0.004207
50 10000 5000 0.002659
50 10000 5000 0.000218
50 10000 5000 0.011629
50 10000 5000 0.006223
50 10000 5000 0.000219
50 10000 5000 0.000216
50 10000 5000 0.000217
50 10000 5000 0.002768
50 10000 5000 0.005622
50 10000 5000 0.001508
50 10000 5000 0.003957
50 10000 5000 0.001492
50 10000 5000 0.006454
50 10000 5000 0.004408
50 10000 5000 0.007805
50 10000 5000 0.007983
50 10000 5000 0.006249
50 10000 5000 0.005948
50 10000 5000 0.004695
50 10000 5000 0.000217
50 10000 5000 0.000218
50 10000 5000 0.003883
50 10000 5000 0.000216
50 10000 5000 0.001491
50 10000 5000 0.001900
50 10000 5000 0.003177
50 10000 5000 0.000213
50 10000 5000 0.000213
50 10000 5000 0.005584
50 10000 5000 0.004855
50 10000 5000 0.006498
100 10000 5000 0.011252
100 10000 5000 0.000239
100 10000 5000 0.006610
100 10000 5000 0.004948
100 10000 5000 0.001914
100 10000 5000 0.004074
100 10000 5000 0.002742
100 10000 5000 0.002758
100 10000 5000 0.002756
100 10000 5000 0.002739
100 10000 5000 0.007727
100 10000 5000 0.002669
100 10000 5000 0.006997
100 10000 5000 0.007567
100 10000 5000 0.007322
100 10000 5000 0.000223
100 10000 5000 0.011363
100 10000 5000 0.004366
100 10000 5000 0.005414
100 10000 5000 0.004180
100 10000 5000 0.003924
100 10000 5000 0.003864
100 10000 5000 0.000221
100 10000 5000 0.009014
100 10000 5000 0.009901
100 10000 5000 0.004211
100 10000 5000 0.002963
100 10000 5000 0.006552
100 10000 5000 0.006751
100 10000 5000 0.003895
100 10000 5000 0.002758
100 10000 5000 0.002674
100 10000 5000 0.000219
100 10000 5000 0.005097
100 10000 5000 0.008755
100 10000 5000 0.013713
100 10000 5000 0.002748
100 10000 5000 0.002748
100 10000 5000 0.000219
100 10000 5000 0.008767
100 10000 5000 0.000217
100 10000 5000 0.013239
100 10000 5000 0.003916
100 10000 5000 0.006782
100 10000 5000 0.007450
100 10000 5000 0.007046
100 10000 5000 0.006788
100 10000 5000 0.002625
100 10000 5000 0.011354
100 10000 5000 0.003942
100 10000 5000 0.008854
100 10000 5000 0.005654
100 10000 5000 0.004302
100 10000 5000 0.002749
100 10000 5000 0.003730
100 10000 5000 0.002736
100 10000 5000 0.006933
100 10000 5000 0.002744
100 10000 5000 0.000214
100 10000 5000 0.005085
100 10000 5000 0.005231
100 10000 5000 0.005085
100 10000 5000 0.002962
100 10000 5000 0.004889
100 10000 5000 0.002918
100 10000 5000 0.000212
100 10000 5000 0.001560
100 10000 5000 0.000209
100 10000 5000 0.005446
100 10000 5000 0.002730
100 10000 5000 0.005868
100 10000 5000 0.002751
100 10000 5000 0.003855
100 10000 5000 0.000211
100 10000 5000 0.011916
100 10000 5000 0.001963
100 10000 5000 0.001409
10 10000 5000 0.006251
10 10000 5000 0.003636
10 10000 5000 0.005485
10 10000 5000 0.005091
10 10000 5000 0.000205
10 10000 5000 0.007072
10 10000 5000 0.000205
10 10000 5000 0.002974
10 10000 5000 0.003972
10 10000 5000 0.000209
10 10000 5000 0.000207
10 10000 5000 0.002679
10 10000 5000 0.007683
10 10000 5000 0.005327
10 10000 5000 0.002932
10 10000 5000 0.002757
10 10000 5000 0.002735
10 10000 5000 0.001801
10 10000 5000 0.001490
10 10000 5000 0.002624
10 10000 5000 0.008059
10 10000 5000 0.003408
10 10000 5000 0.001554
10 10000 5000 0.003926
10 10000 5000 0.004104
10 10000 5000 0.000198
10 10000 5000 0.000193
10 10000 5000 0.000193
10 10000 5000 0.008062
10 10000 5000 0.005133
10 10000 5000 0.006008
10 10000 5000 0.005427
10 10000 5000 0.006278
10 10000 5000 0.001452
10 10000 5000 0.002745
10 10000 5000 0.004570
10 10000 5000 0.000177
50 10000 5000 0.003809
50 10000 5000 0.009273
50 10000 5000 0.004407
50 10000 5000 0.007719
50 10000 5000 0.002693
50 10000 5000 0.003968
50 10000 5000 0.002358
50 10000 5000 0.004117
50 10000 5000 0.003955
50 10000 5000 0.010526
50 10000 5000 0.002741
50 10000 5000 0.002307
50 10000 5000 0.003892
50 10000 5000 0.007348
50 10000 5000 0.000993
50 10000 5000 0.003000
50 10000 5000 0.002938
50 10000 5000 0.002662
50 10000 5000 0.006335
50 10000 5000 0.000222
50 10000 5000 0.000217
50 10000 5000 0.007787
50 10000 5000 0.000219
50 10000 5000 0.006320
50 10000 5000 0.005321
50 10000 5000 0.003528
50 10000 5000 0.002662
50 10000 5000 0.002751
50 10000 5000 0.002705
50 10000 5000 0.000214
50 10000 5000 0.004137
50 10000 5000 0.000219
50 10000 5000 0.014600
50 10000 5000 0.000216
50 10000 5000 0.003693
50 10000 5000 0.002850
50 10000 5000 0.002764
50 10000 5000 0.002623
50 10000 5000 0.004454
50 10000 5000 0.000217
50 10000 5000 0.003189
50 10000 5000 0.003955
50 10000 5000 0.002866
50 10000 5000 0.003945
50 10000 5000 0.007889
50 10000 5000 0.002806
50 10000 5000 0.002712
50 10000 5000 0.005577
50 10000 5000 0.004483
50 10000 5000 0.004589
50 10000 5000 0.003729
50 10000 5000 0.000218
50 10000 5000 0.000214
50 10000 5000 0.009738
50 10000 5000 0.007540
50 10000 5000 0.007576
50 10000 5000 0.003396
100 10000 5000 0.002826
100 10000 5000 0.010194
100 10000 5000 0.009851
100 10000 5000 0.000249
100 10000 5000 0.013098
100 10000 5000 0.002657
100 10000 5000 0.013275
100 10000 5000 0.002778
100 10000 5000 0.002965
100 10000 5000 0.002836
100 10000 5000 0.002609
100 10000 5000 0.004532
100 10000 5000 0.005123
100 10000 5000 0.004076
100 10000 5000 0.009824
100 10000 5000 0.006126
100 10000 5000 0.000241
100 10000 5000 0.001488
100 10000 5000 0.002689
100 10000 5000 0.002629
100 10000 5000 0.002626
100 10000 5000 0.015392
100 10000 5000 0.007657
100 10000 5000 0.003165
100 10000 5000 0.003038
100 10000 5000 0.006737
100 10000 5000 0.003133
100 10000 5000 0.002659
100 10000 5000 0.000230
100 10000 5000 0.002639
100 10000 5000 0.002651
100 10000 5000 0.002628
100 10000 5000 0.002593
100 10000 5000 0.002649
100 10000 5000 0.000218
100 10000 5000 0.000220
100 10000 5000 0.002967
100 10000 5000 0.000222
100 10000 5000 0.010668
100 10000 5000 0.005051
100 10000 5000 0.007269
100 10000 5000 0.000223
100 10000 5000 0.002682
100 10000 5000 0.005318
100 10000 5000 0.004543
100 10000 5000 0.003263
100 10000 5000 0.002741
100 10000 5000 0.002747
100 10000 5000 0.002746
100 10000 5000 0.002666
100 10000 5000 0.000222
100 10000 5000 0.005113
100 10000 5000 0.002653
100 10000 5000 0.005333
100 10000 5000 0.005152
100 10000 5000 0.002016
100 10000 5000 0.004368
100 10000 5000 0.009027
100 10000 5000 0.000217
100 10000 5000 0.000216
100 10000 5000 0.002687
100 10000 5000 0.006322
100 10000 5000 0.006712
100 10000 5000 0.000216
100 10000 5000 0.007526
100 10000 5000 0.005959
