10 10000 5000 0.002785
10 10000 5000 0.005261
10 10000 5000 0.005800
10 10000 5000 0.000224
10 10000 5000 0.006554
10 10000 5000 0.005082
10 10000 5000 0.002921
10 10000 5000 0.000223
10 10000 5000 0.005423
10 10000 5000 0.002635
10 10000 5000 0.002640
10 10000 5000 0.006353
10 10000 5000 0.002656
10 10000 5000 0.004173
10 10000 5000 0.002611
10 10000 5000 0.003269
10 10000 5000 0.006469
10 10000 5000 0.005111
10 10000 5000 0.001457
10 10000 5000 0.000208
10 10000 5000 0.000223
10 10000 5000 0.001650
10 10000 5000 0.000208
10 10000 5000 0.000210
10 10000 5000 0.000204
10 10000 5000 0.004132
10 10000 5000 0.002650
10 10000 5000 0.001174
10 10000 5000 0.006055
10 10000 5000 0.000204
10 10000 5000 0.006353
10 10000 5000 0.006336
10 10000 5000 0.002642
10 10000 5000 0.002832
10 10000 5000 0.000791
10 10000 5000 0.000202
10 10000 5000 0.000197
50 10000 5000 0.002519
50 10000 5000 0.003800
50 10000 5000 0.001568
50 10000 5000 0.005765
50 10000 5000 0.002663
50 10000 5000 0.008398
50 10000 5000 0.008533
50 10000 5000 0.004713
50 10000 5000 0.005607
50 10000 5000 0.006519
50 10000 5000 0.003865
50 10000 5000 0.005589
50 10000 5000 0.007023
50 10000 5000 0.000214
50 10000 5000 0.006918
50 10000 5000 0.006570
50 10000 5000 0.001670
50 10000 5000 0.002758
50 10000 5000 0.013969
50 10000 5000 0.004120
50 10000 5000 0.003577
50 10000 5000 0.000217
50 10000 5000 0.000219
50 10000 5000 0.001212
50 10000 5000 0.000212
50 10000 5000 0.000219
50 10000 5000 0.000210
50 10000 5000 0.000218
50 10000 5000 0.000224
50 10000 5000 0.000218
50 10000 5000 0.000217
50 10000 5000 0.001974
50 10000 5000 0.002692
50 10000 5000 0.010727
50 10000 5000 0.002643
50 10000 5000 0.006420
50 10000 5000 0.000215
50 10000 5000 0.000224
50 10000 5000 0.000212
50 10000 5000 0.001471
50 10000 5000 0.002679
50 10000 5000 0.002657
50 10000 5000 0.002656
50 10000 5000 0.003353
50 10000 5000 0.000215
50 10000 5000 0.002642
50 10000 5000 0.000211
50 10000 5000 0.002964
50 10000 5000 0.000212
50 10000 5000 0.002776
50 10000 5000 0.002808
50 10000 5000 0.002630
50 10000 5000 0.000209
50 10000 5000 0.000205
50 10000 5000 0.006497
50 10000 5000 0.003777
50 10000 5000 0.006519
50 10000 5000 0.002668
50 10000 5000 0.004220
50 10000 5000 0.005111
50 10000 5000 0.006475
50 10000 5000 0.000206
100 10000 5000 0.014969
100 10000 5000 0.003913
100 10000 5000 0.000248
100 10000 5000 0.001442
100 10000 5000 0.002424
100 10000 5000 0.003476
100 10000 5000 0.006566
100 10000 5000 0.007240
100 10000 5000 0.006360
100 10000 5000 0.006597
100 10000 5000 0.007696
100 10000 5000 0.001461
100 10000 5000 0.005142
100 10000 5000 0.002796
100 10000 5000 0.022200
100 10000 5000 0.003427
100 10000 5000 0.002754
100 10000 5000 0.002752
100 10000 5000 0.007033
100 10000 5000 0.002837
100 10000 5000 0.008229
100 10000 5000 0.003955
100 10000 5000 0.002731
100 10000 5000 0.002670
100 10000 5000 0.001457
100 10000 5000 0.002259
100 10000 5000 0.005142
100 10000 5000 0.002747
100 10000 5000 0.000211
100 10000 5000 0.000219
100 10000 5000 0.007256
100 10000 5000 0.013098
100 10000 5000 0.006997
100 10000 5000 0.002663
100 10000 5000 0.000213
100 10000 5000 0.002675
100 10000 5000 0.003752
100 10000 5000 0.002686
100 10000 5000 0.011278
100 10000 5000 0.003109
100 10000 5000 0.003696
100 10000 5000 0.002741
100 10000 5000 0.002782
100 10000 5000 0.010208
100 10000 5000 0.002753
100 10000 5000 0.002757
100 10000 5000 0.004473
100 10000 5000 0.002749
100 10000 5000 0.005410
100 10000 5000 0.006841
100 10000 5000 0.003880
100 10000 5000 0.002738
100 10000 5000 0.009315
100 10000 5000 0.007926
100 10000 5000 0.000209
100 10000 5000 0.002658
100 10000 5000 0.002478
100 10000 5000 0.004174
100 10000 5000 0.003241
100 10000 5000 0.006598
100 10000 5000 0.000821
100 10000 5000 0.000207
100 10000 5000 0.000213
100 10000 5000 0.000212
100 10000 5000 0.000209
100 10000 5000 0.002637
100 10000 5000 0.004077
100 10000 5000 0.009564
100 10000 5000 0.007609
100 10000 5000 0.007452
100 10000 5000 0.010703
100 10000 5000 0.005298
100 10000 5000 0.004211
100 10000 5000 0.007818
100 10000 5000 0.003001
100 10000 5000 0.000205
10 10000 5000 0.000241
10 10000 5000 0.002684
10 10000 5000 0.007607
10 10000 5000 0.005114
10 10000 5000 0.003956
10 10000 5000 0.004686
10 10000 5000 0.007861
10 10000 5000 0.005501
10 10000 5000 0.001114
10 10000 5000 0.004559
10 10000 5000 0.002656
10 10000 5000 0.002677
10 10000 5000 0.002678
10 10000 5000 0.002678
10 10000 5000 0.000213
10 10000 5000 0.001555
10 10000 5000 0.000207
10 10000 5000 0.000213
10 10000 5000 0.000210
10 10000 5000 0.001455
10 10000 5000 0.001474
10 10000 5000 0.001472
10 10000 5000 0.002369
10 10000 5000 0.003865
10 10000 5000 0.001901
10 10000 5000 0.000206
10 10000 5000 0.004676
10 10000 5000 0.000209
10 10000 5000 0.005049
10 10000 5000 0.000202
10 10000 5000 0.006284
10 10000 5000 0.006430
10 10000 5000 0.003936
10 10000 5000 0.003879
10 10000 5000 0.004818
10 10000 5000 0.004811
10 10000 5000 0.000205
50 10000 5000 0.001468
50 10000 5000 0.000231
50 10000 5000 0.005657
50 10000 5000 0.004852
50 10000 5000 0.002883
50 10000 5000 0.001413
50 10000 5000 0.005307
50 10000 5000 0.009176
50 10000 5000 0.002748
50 10000 5000 0.002750
50 10000 5000 0.002744
50 10000 5000 0.004098
50 10000 5000 0.005567
50 10000 5000 0.003854
50 10000 5000 0.011015
50 10000 5000 0.008863
50 10000 5000 0.007999
50 10000 5000 0.005219
50 10000 5000 0.003126
50 10000 5000 0.003485
50 10000 5000 0.002962
50 10000 5000 0.002727
50 10000 5000 0.005324
50 10000 5000 0.005754
50 10000 5000 0.006432
50 10000 5000 0.007146
50 10000 5000 0.005307
50 10000 5000 0.005140
50 10000 5000 0.002598
50 10000 5000 0.004360
50 10000 5000 0.003199
50 10000 5000 0.000219
50 10000 5000 0.005261
50 10000 5000 0.000219
50 10000 5000 0.000214
50 10000 5000 0.002679
50 10000 5000 0.002628
50 10000 5000 0.002679
50 10000 5000 0.002653
50 10000 5000 0.002678
50 10000 5000 0.002688
50 10000 5000 0.002620
50 10000 5000 0.000215
50 10000 5000 0.007586
50 10000 5000 0.002642
50 10000 5000 0.000219
50 10000 5000 0.009932
50 10000 5000 0.002577
50 10000 5000 0.000212
50 10000 5000 0.007683
50 10000 5000 0.002727
50 10000 5000 0.005216
50 10000 5000 0.001624
50 10000 5000 0.002875
50 10000 5000 0.003940
50 10000 5000 0.000209
50 10000 5000 0.002656
100 10000 5000 0.003158
100 10000 5000 0.000895
100 10000 5000 0.003889
100 10000 5000 0.003343
100 10000 5000 0.000226
100 10000 5000 0.005105
100 10000 5000 0.011211
100 10000 5000 0.002725
100 10000 5000 0.002754
100 10000 5000 0.002754
100 10000 5000 0.002764
100 10000 5000 0.015914
100 10000 5000 0.001704
100 10000 5000 0.000223
100 10000 5000 0.005470
100 10000 5000 0.000335
100 10000 5000 0.003910
100 10000 5000 0.002727
100 10000 5000 0.002751
100 10000 5000 0.002747
100 10000 5000 0.002780
100 10000 5000 0.000222
100 10000 5000 0.000216
100 10000 5000 0.003075
100 10000 5000 0.006253
100 10000 5000 0.005689
100 10000 5000 0.002724
100 10000 5000 0.010989
100 10000 5000 0.002749
100 10000 5000 0.002747
100 10000 5000 0.004161
100 10000 5000 0.002723
100 10000 5000 0.012404
100 10000 5000 0.003288
100 10000 5000 0.002746
100 10000 5000 0.002736
100 10000 5000 0.002764
100 10000 5000 0.002749
100 10000 5000 0.002726
100 10000 5000 0.002747
100 10000 5000 0.000216
100 10000 5000 0.003523
100 10000 5000 0.003248
100 10000 5000 0.006931
100 10000 5000 0.002611
100 10000 5000 0.001457
100 10000 5000 0.001447
100 10000 5000 0.002634
100 10000 5000 0.002587
100 10000 5000 0.002632
100 10000 5000 0.002623
100 10000 5000 0.002618
100 10000 5000 0.006571
100 10000 5000 0.001629
100 10000 5000 0.002743
100 10000 5000 0.002975
100 10000 5000 0.000214
100 10000 5000 0.002764
100 10000 5000 0.003665
100 10000 5000 0.002813
100 10000 5000 0.002628
100 10000 5000 0.002650
100 10000 5000 0.002621
100 10000 5000 0.002652
100 10000 5000 0.010763
100 10000 5000 0.005182
100 10000 5000 0.008433
100 10000 5000 0.002335
100 10000 5000 0.003482
100 10000 5000 0.004060
100 10000 5000 0.006298
100 10000 5000 0.005971
100 10000 5000 0.003861
100 10000 5000 0.000213
100 10000 5000 0.002729
100 10000 5000 0.002736
10 10000 5000 0.005018
10 10000 5000 0.005500
10 10000 5000 0.004960
10 10000 5000 0.000217
10 10000 5000 0.006311
10 10000 5000 0.001555
10 10000 5000 0.000209
10 10000 5000 0.000215
10 10000 5000 0.000205
10 10000 5000 0.005737
10 10000 5000 0.006509
10 10000 5000 0.002735
10 10000 5000 0.000208
10 10000 5000 0.000210
10 10000 5000 0.002969
10 10000 5000 0.003147
10 10000 5000 0.000207
10 10000 5000 0.005138
10 10000 5000 0.001452
10 10000 5000 0.003413
10 10000 5000 0.000206
10 10000 5000 0.001091
10 10000 5000 0.007578
10 10000 5000 0.002854
10 10000 5000 0.002637
10 10000 5000 0.004604
10 10000 5000 0.001469
10 10000 5000 0.003990
10 10000 5000 0.006496
10 10000 5000 0.004164
10 10000 5000 0.004038
10 10000 5000 0.001448
10 10000 5000 0.000187
10 10000 5000 0.003234
10 10000 5000 0.006612
10 10000 5000 0.004199
10 10000 5000 0.002941
50 10000 5000 0.008224
50 10000 5000 0.003296
50 10000 5000 0.000762
50 10000 5000 0.001879
50 10000 5000 0.002797
50 10000 5000 0.006006
50 10000 5000 0.007865
50 10000 5000 0.005274
50 10000 5000 0.008528
50 10000 5000 0.007434
50 10000 5000 0.003561
50 10000 5000 0.008919
50 10000 5000 0.002686
50 10000 5000 0.009504
50 10000 5000 0.005688
50 10000 5000 0.006282
50 10000 5000 0.000219
50 10000 5000 0.005516
50 10000 5000 0.007232
50 10000 5000 0.000222
50 10000 5000 0.004695
50 10000 5000 0.002716
50 10000 5000 0.001603
50 10000 5000 0.001447
50 10000 5000 0.001542
50 10000 5000 0.004186
50 10000 5000 0.000218
50 10000 5000 0.000215
50 10000 5000 0.001868
50 10000 5000 0.002624
50 10000 5000 0.002681
50 10000 5000 0.002664
50 10000 5000 0.002674
50 10000 5000 0.002640
50 10000 5000 0.002687
50 10000 5000 0.002626
50 10000 5000 0.004109
50 10000 5000 0.003254
50 10000 5000 0.000232
50 10000 5000 0.013602
50 10000 5000 0.007262
50 10000 5000 0.002597
50 10000 5000 0.002772
50 10000 5000 0.000216
50 10000 5000 0.000216
50 10000 5000 0.000214
50 10000 5000 0.001419
50 10000 5000 0.002829
50 10000 5000 0.001855
50 10000 5000 0.004730
50 10000 5000 0.000210
50 10000 5000 0.003667
50 10000 5000 0.000679
50 10000 5000 0.000209
100 10000 5000 0.004381
100 10000 5000 0.007033
100 10000 5000 0.001531
100 10000 5000 0.005315
100 10000 5000 0.002757
100 10000 5000 0.016610
100 10000 5000 0.006601
100 10000 5000 0.000235
100 10000 5000 0.002693
100 10000 5000 0.002957
100 10000 5000 0.001893
100 10000 5000 0.013843
100 10000 5000 0.000221
100 10000 5000 0.011309
100 10000 5000 0.002650
100 10000 5000 0.001457
100 10000 5000 0.012395
100 10000 5000 0.000223
100 10000 5000 0.001546
100 10000 5000 0.002200
100 10000 5000 0.000219
100 10000 5000 0.013752
100 10000 5000 0.005923
100 10000 5000 0.004537
100 10000 5000 0.002768
100 10000 5000 0.004868
100 10000 5000 0.006170
100 10000 5000 0.005901
100 10000 5000 0.002646
100 10000 5000 0.002406
100 10000 5000 0.003967
100 10000 5000 0.001486
100 10000 5000 0.005146
100 10000 5000 0.005123
100 10000 5000 0.004355
100 10000 5000 0.002794
100 10000 5000 0.002737
100 10000 5000 0.008279
100 10000 5000 0.007880
100 10000 5000 0.002632
100 10000 5000 0.000220
100 10000 5000 0.004409
100 10000 5000 0.000213
100 10000 5000 0.001441
100 10000 5000 0.002637
100 10000 5000 0.002776
100 10000 5000 0.002752
100 10000 5000 0.002741
100 10000 5000 0.002718
100 10000 5000 0.002742
100 10000 5000 0.002662
100 10000 5000 0.002657
100 10000 5000 0.003803
100 10000 5000 0.006475
100 10000 5000 0.002673
100 10000 5000 0.005153
100 10000 5000 0.002635
100 10000 5000 0.001468
100 10000 5000 0.002626
100 10000 5000 0.002648
100 10000 5000 0.002658
100 10000 5000 0.001446
100 10000 5000 0.002633
100 10000 5000 0.002778
100 10000 5000 0.002316
100 10000 5000 0.002673
100 10000 5000 0.000218
100 10000 5000 0.005793
100 10000 5000 0.002304
100 10000 5000 0.002642
100 10000 5000 0.005450
100 10000 5000 0.002679
100 10000 5000 0.000214
