10 10000 5000 0.002941
10 10000 5000 0.002455
10 10000 5000 0.000218
10 10000 5000 0.006961
10 10000 5000 0.002752
10 10000 5000 0.004547
10 10000 5000 0.003959
10 10000 5000 0.002758
10 10000 5000 0.002740
10 10000 5000 0.002764
10 10000 5000 0.003917
10 10000 5000 0.000211
10 10000 5000 0.003393
10 10000 5000 0.000208
10 10000 5000 0.000213
10 10000 5000 0.000209
10 10000 5000 0.001410
10 10000 5000 0.002810
10 10000 5000 0.002648
10 10000 5000 0.004134
10 10000 5000 0.002699
10 10000 5000 0.000210
10 10000 5000 0.000205
10 10000 5000 0.003268
10 10000 5000 0.002734
10 10000 5000 0.006106
10 10000 5000 0.004828
10 10000 5000 0.002530
10 10000 5000 0.002724
10 10000 5000 0.006850
10 10000 5000 0.002746
10 10000 5000 0.006558
10 10000 5000 0.000184
10 10000 5000 0.005163
10 10000 5000 0.007500
10 10000 5000 0.002604
10 10000 5000 0.000173
50 10000 5000 0.005070
50 10000 5000 0.000235
50 10000 5000 0.002705
50 10000 5000 0.002477
50 10000 5000 0.008002
50 10000 5000 0.000222
50 10000 5000 0.001178
50 10000 5000 0.000223
50 10000 5000 0.000233
50 10000 5000 0.000219
50 10000 5000 0.012266
50 10000 5000 0.001547
50 10000 5000 0.002750
50 10000 5000 0.002748
50 10000 5000 0.002732
50 10000 5000 0.007787
50 10000 5000 0.002687
50 10000 5000 0.001502
50 10000 5000 0.001408
50 10000 5000 0.003520
50 10000 5000 0.005255
50 10000 5000 0.007565
50 10000 5000 0.005892
50 10000 5000 0.009678
50 10000 5000 0.000213
50 10000 5000 0.002715
50 10000 5000 0.005317
50 10000 5000 0.000224
50 10000 5000 0.000215
50 10000 5000 0.000215
50 10000 5000 0.000216
50 10000 5000 0.002678
50 10000 5000 0.002632
50 10000 5000 0.002690
50 10000 5000 0.002688
50 10000 5000 0.002624
50 10000 5000 0.003198
50 10000 5000 0.000218
50 10000 5000 0.000213
50 10000 5000 0.008915
50 10000 5000 0.000214
50 10000 5000 0.000210
50 10000 5000 0.000213
50 10000 5000 0.000212
50 10000 5000 0.003836
50 10000 5000 0.001991
50 10000 5000 0.008544
50 10000 5000 0.000208
50 10000 5000 0.001356
50 10000 5000 0.004079
50 10000 5000 0.000915
50 10000 5000 0.000211
50 10000 5000 0.000213
50 10000 5000 0.005277
100 10000 5000 0.002585
100 10000 5000 0.005633
100 10000 5000 0.002706
100 10000 5000 0.007304
100 10000 5000 0.011818
100 10000 5000 0.005342
100 10000 5000 0.006649
100 10000 5000 0.008083
100 10000 5000 0.002647
100 10000 5000 0.000231
100 10000 5000 0.002661
100 10000 5000 0.012252
100 10000 5000 0.007776
100 10000 5000 0.002643
100 10000 5000 0.003353
100 10000 5000 0.008771
100 10000 5000 0.002755
100 10000 5000 0.002759
100 10000 5000 0.005079
100 10000 5000 0.000226
100 10000 5000 0.002604
100 10000 5000 0.003809
100 10000 5000 0.002763
100 10000 5000 0.006182
100 10000 5000 0.004389
100 10000 5000 0.003259
100 10000 5000 0.003932
100 10000 5000 0.004654
100 10000 5000 0.005153
100 10000 5000 0.006682
100 10000 5000 0.004878
100 10000 5000 0.011980
100 10000 5000 0.005798
100 10000 5000 0.002754
100 10000 5000 0.001542
100 10000 5000 0.003042
100 10000 5000 0.004300
100 10000 5000 0.004858
100 10000 5000 0.002748
100 10000 5000 0.002754
100 10000 5000 0.003769
100 10000 5000 0.005288
100 10000 5000 0.004082
100 10000 5000 0.000220
100 10000 5000 0.009897
100 10000 5000 0.002677
100 10000 5000 0.003817
100 10000 5000 0.001463
100 10000 5000 0.002640
100 10000 5000 0.002644
100 10000 5000 0.002518
100 10000 5000 0.003814
100 10000 5000 0.002647
100 10000 5000 0.002751
100 10000 5000 0.005123
100 10000 5000 0.008907
100 10000 5000 0.001369
100 10000 5000 0.002733
100 10000 5000 0.002639
100 10000 5000 0.002675
100 10000 5000 0.001548
100 10000 5000 0.001569
100 10000 5000 0.001261
100 10000 5000 0.002750
100 10000 5000 0.009353
100 10000 5000 0.005113
100 10000 5000 0.001463
