10 10000 5000 0.005194
10 10000 5000 0.006132
10 10000 5000 0.002753
10 10000 5000 0.000230
10 10000 5000 0.000215
10 10000 5000 0.004445
10 10000 5000 0.003160
10 10000 5000 0.000208
10 10000 5000 0.003619
10 10000 5000 0.004249
10 10000 5000 0.000208
10 10000 5000 0.005128
10 10000 5000 0.003554
10 10000 5000 0.003194
10 10000 5000 0.000217
10 10000 5000 0.005018
10 10000 5000 0.002750
10 10000 5000 0.002772
10 10000 5000 0.002740
10 10000 5000 0.004535
10 10000 5000 0.002671
10 10000 5000 0.000207
10 10000 5000 0.000210
10 10000 5000 0.002733
10 10000 5000 0.011309
10 10000 5000 0.000210
10 10000 5000 0.003969
10 10000 5000 0.001793
10 10000 5000 0.001370
10 10000 5000 0.003315
10 10000 5000 0.001151
10 10000 5000 0.000198
10 10000 5000 0.003180
10 10000 5000 0.003952
10 10000 5000 0.000196
10 10000 5000 0.000199
10 10000 5000 0.000201
50 10000 5000 0.002823
50 10000 5000 0.003204
50 10000 5000 0.005335
50 10000 5000 0.002656
50 10000 5000 0.004818
50 10000 5000 0.001559
50 10000 5000 0.001806
50 10000 5000 0.001958
50 10000 5000 0.003439
50 10000 5000 0.000219
50 10000 5000 0.000220
50 10000 5000 0.000216
50 10000 5000 0.006874
50 10000 5000 0.002643
50 10000 5000 0.002647
50 10000 5000 0.001579
50 10000 5000 0.002903
50 10000 5000 0.000217
50 10000 5000 0.006286
50 10000 5000 0.004510
50 10000 5000 0.003008
50 10000 5000 0.003186
50 10000 5000 0.000220
50 10000 5000 0.004508
50 10000 5000 0.004078
50 10000 5000 0.004288
50 10000 5000 0.000214
50 10000 5000 0.000212
50 10000 5000 0.000210
50 10000 5000 0.000211
50 10000 5000 0.000217
50 10000 5000 0.001520
50 10000 5000 0.001500
50 10000 5000 0.000210
50 10000 5000 0.005906
50 10000 5000 0.000229
50 10000 5000 0.000209
50 10000 5000 0.000216
50 10000 5000 0.005090
50 10000 5000 0.003758
50 10000 5000 0.004758
50 10000 5000 0.000212
50 10000 5000 0.000209
50 10000 5000 0.003421
50 10000 5000 0.001883
50 10000 5000 0.002653
50 10000 5000 0.006373
50 10000 5000 0.004725
50 10000 5000 0.005590
50 10000 5000 0.002737
50 10000 5000 0.002951
50 10000 5000 0.005271
50 10000 5000 0.002778
50 10000 5000 0.003760
50 10000 5000 0.005099
50 10000 5000 0.003672
100 10000 5000 0.002828
100 10000 5000 0.009159
100 10000 5000 0.002715
100 10000 5000 0.000247
100 10000 5000 0.008057
100 10000 5000 0.011274
100 10000 5000 0.002695
100 10000 5000 0.003951
100 10000 5000 0.005162
100 10000 5000 0.008728
100 10000 5000 0.005111
100 10000 5000 0.002758
100 10000 5000 0.005115
100 10000 5000 0.004393
100 10000 5000 0.002319
100 10000 5000 0.029502
100 10000 5000 0.007710
100 10000 5000 0.006339
100 10000 5000 0.001227
100 10000 5000 0.004347
100 10000 5000 0.002617
100 10000 5000 0.004992
100 10000 5000 0.008315
100 10000 5000 0.005215
100 10000 5000 0.004012
100 10000 5000 0.005616
100 10000 5000 0.003665
100 10000 5000 0.002750
100 10000 5000 0.010954
100 10000 5000 0.003921
100 10000 5000 0.000221
100 10000 5000 0.002758
100 10000 5000 0.002753
100 10000 5000 0.005071
100 10000 5000 0.004456
100 10000 5000 0.000224
100 10000 5000 0.000223
100 10000 5000 0.003397
100 10000 5000 0.002748
100 10000 5000 0.003471
100 10000 5000 0.003318
100 10000 5000 0.002677
100 10000 5000 0.000223
100 10000 5000 0.007721
100 10000 5000 0.003811
100 10000 5000 0.005519
100 10000 5000 0.002691
100 10000 5000 0.004207
100 10000 5000 0.003144
100 10000 5000 0.000218
100 10000 5000 0.006038
100 10000 5000 0.000219
100 10000 5000 0.006639
100 10000 5000 0.005197
100 10000 5000 0.008353
100 10000 5000 0.005052
100 10000 5000 0.004108
100 10000 5000 0.006732
100 10000 5000 0.003096
100 10000 5000 0.004074
100 10000 5000 0.003081
100 10000 5000 0.002905
100 10000 5000 0.011798
100 10000 5000 0.003978
100 10000 5000 0.004109
100 10000 5000 0.005965
100 10000 5000 0.000214
100 10000 5000 0.008791
10 10000 5000 0.002800
10 10000 5000 0.000226
10 10000 5000 0.001420
10 10000 5000 0.000217
10 10000 5000 0.000209
10 10000 5000 0.013011
10 10000 5000 0.004813
10 10000 5000 0.001538
10 10000 5000 0.003092
10 10000 5000 0.002712
10 10000 5000 0.006078
10 10000 5000 0.003876
10 10000 5000 0.005584
10 10000 5000 0.001476
10 10000 5000 0.012803
10 10000 5000 0.001924
10 10000 5000 0.007330
10 10000 5000 0.004957
10 10000 5000 0.003765
10 10000 5000 0.003827
10 10000 5000 0.001486
10 10000 5000 0.007596
10 10000 5000 0.000204
10 10000 5000 0.000209
10 10000 5000 0.008230
10 10000 5000 0.007054
10 10000 5000 0.000202
10 10000 5000 0.000210
10 10000 5000 0.000206
10 10000 5000 0.000199
10 10000 5000 0.002638
10 10000 5000 0.004382
10 10000 5000 0.002406
10 10000 5000 0.006086
10 10000 5000 0.003607
10 10000 5000 0.002575
10 10000 5000 0.000200
50 10000 5000 0.007530
50 10000 5000 0.016224
50 10000 5000 0.001459
50 10000 5000 0.007149
50 10000 5000 0.002646
50 10000 5000 0.010730
50 10000 5000 0.000219
50 10000 5000 0.005492
50 10000 5000 0.003225
50 10000 5000 0.000221
50 10000 5000 0.004087
50 10000 5000 0.009308
50 10000 5000 0.004091
50 10000 5000 0.001050
50 10000 5000 0.000217
50 10000 5000 0.000221
50 10000 5000 0.000216
50 10000 5000 0.000222
50 10000 5000 0.007709
50 10000 5000 0.004722
50 10000 5000 0.000367
50 10000 5000 0.004400
50 10000 5000 0.005559
50 10000 5000 0.005167
50 10000 5000 0.008476
50 10000 5000 0.002730
50 10000 5000 0.001452
50 10000 5000 0.004764
50 10000 5000 0.000217
50 10000 5000 0.001422
50 10000 5000 0.002651
50 10000 5000 0.002616
50 10000 5000 0.002599
50 10000 5000 0.002645
50 10000 5000 0.002685
50 10000 5000 0.002656
50 10000 5000 0.003489
50 10000 5000 0.005800
50 10000 5000 0.001550
50 10000 5000 0.002664
50 10000 5000 0.005783
50 10000 5000 0.005041
50 10000 5000 0.009636
50 10000 5000 0.004991
50 10000 5000 0.000214
50 10000 5000 0.007932
50 10000 5000 0.004928
50 10000 5000 0.000209
50 10000 5000 0.005565
50 10000 5000 0.000213
50 10000 5000 0.002951
50 10000 5000 0.006887
50 10000 5000 0.000209
50 10000 5000 0.003730
100 10000 5000 0.012094
100 10000 5000 0.008214
100 10000 5000 0.008570
100 10000 5000 0.000253
100 10000 5000 0.002680
100 10000 5000 0.002758
100 10000 5000 0.012236
100 10000 5000 0.016952
100 10000 5000 0.005333
100 10000 5000 0.003889
100 10000 5000 0.001463
100 10000 5000 0.005324
100 10000 5000 0.008306
100 10000 5000 0.005125
100 10000 5000 0.006325
100 10000 5000 0.011613
100 10000 5000 0.005423
100 10000 5000 0.004228
100 10000 5000 0.005503
100 10000 5000 0.004052
100 10000 5000 0.002652
100 10000 5000 0.002672
100 10000 5000 0.005114
100 10000 5000 0.005870
100 10000 5000 0.000223
100 10000 5000 0.007061
100 10000 5000 0.005134
100 10000 5000 0.002684
100 10000 5000 0.002684
100 10000 5000 0.000226
100 10000 5000 0.007822
100 10000 5000 0.002919
100 10000 5000 0.009668
100 10000 5000 0.000224
100 10000 5000 0.003292
100 10000 5000 0.005496
100 10000 5000 0.002642
100 10000 5000 0.005842
100 10000 5000 0.002765
100 10000 5000 0.005275
100 10000 5000 0.009470
100 10000 5000 0.000221
100 10000 5000 0.002662
100 10000 5000 0.002643
100 10000 5000 0.000222
100 10000 5000 0.003852
100 10000 5000 0.003108
100 10000 5000 0.003573
100 10000 5000 0.005623
100 10000 5000 0.002733
100 10000 5000 0.002754
100 10000 5000 0.002762
100 10000 5000 0.002752
100 10000 5000 0.003798
100 10000 5000 0.005769
100 10000 5000 0.001997
100 10000 5000 0.004030
100 10000 5000 0.007563
100 10000 5000 0.003906
100 10000 5000 0.005131
100 10000 5000 0.003937
100 10000 5000 0.002730
100 10000 5000 0.008423
100 10000 5000 0.007533
100 10000 5000 0.004173
100 10000 5000 0.012357
100 10000 5000 0.002533
100 10000 5000 0.002645
10 10000 5000 0.007693
10 10000 5000 0.005727
10 10000 5000 0.003998
10 10000 5000 0.005036
10 10000 5000 0.002649
10 10000 5000 0.004836
10 10000 5000 0.002754
10 10000 5000 0.009113
10 10000 5000 0.002625
10 10000 5000 0.002667
10 10000 5000 0.002673
10 10000 5000 0.002723
10 10000 5000 0.002651
10 10000 5000 0.003111
10 10000 5000 0.002661
10 10000 5000 0.002730
10 10000 5000 0.002738
10 10000 5000 0.002727
10 10000 5000 0.001453
10 10000 5000 0.004917
10 10000 5000 0.002734
10 10000 5000 0.003183
10 10000 5000 0.000201
10 10000 5000 0.001201
10 10000 5000 0.001530
10 10000 5000 0.002613
10 10000 5000 0.005275
10 10000 5000 0.003677
10 10000 5000 0.000189
10 10000 5000 0.001472
10 10000 5000 0.002861
10 10000 5000 0.001777
10 10000 5000 0.002701
10 10000 5000 0.007848
10 10000 5000 0.000181
10 10000 5000 0.004708
10 10000 5000 0.004192
50 10000 5000 0.003814
50 10000 5000 0.001546
50 10000 5000 0.000232
50 10000 5000 0.007235
50 10000 5000 0.016337
50 10000 5000 0.000222
50 10000 5000 0.005163
50 10000 5000 0.005585
50 10000 5000 0.002754
50 10000 5000 0.002761
50 10000 5000 0.003124
50 10000 5000 0.003003
50 10000 5000 0.005350
50 10000 5000 0.003168
50 10000 5000 0.002781
50 10000 5000 0.000219
50 10000 5000 0.000219
50 10000 5000 0.004067
50 10000 5000 0.004040
50 10000 5000 0.002753
50 10000 5000 0.002747
50 10000 5000 0.002915
50 10000 5000 0.002640
50 10000 5000 0.003793
50 10000 5000 0.002649
50 10000 5000 0.002657
50 10000 5000 0.001445
50 10000 5000 0.002647
50 10000 5000 0.002673
50 10000 5000 0.002661
50 10000 5000 0.001452
50 10000 5000 0.000228
50 10000 5000 0.006321
50 10000 5000 0.000571
50 10000 5000 0.010229
50 10000 5000 0.005268
50 10000 5000 0.002766
50 10000 5000 0.004010
50 10000 5000 0.000214
50 10000 5000 0.004388
50 10000 5000 0.001631
50 10000 5000 0.005239
50 10000 5000 0.004147
50 10000 5000 0.002477
50 10000 5000 0.004124
50 10000 5000 0.000217
50 10000 5000 0.006256
50 10000 5000 0.002157
50 10000 5000 0.004883
50 10000 5000 0.000216
50 10000 5000 0.002601
100 10000 5000 0.002798
100 10000 5000 0.004961
100 10000 5000 0.002922
100 10000 5000 0.007352
100 10000 5000 0.005763
100 10000 5000 0.002659
100 10000 5000 0.000228
100 10000 5000 0.006469
100 10000 5000 0.002763
100 10000 5000 0.008040
100 10000 5000 0.001480
100 10000 5000 0.000230
100 10000 5000 0.000224
100 10000 5000 0.002763
100 10000 5000 0.008877
100 10000 5000 0.008332
100 10000 5000 0.005324
100 10000 5000 0.002649
100 10000 5000 0.000222
100 10000 5000 0.002694
100 10000 5000 0.005600
100 10000 5000 0.002997
100 10000 5000 0.001458
100 10000 5000 0.002671
100 10000 5000 0.002750
100 10000 5000 0.000219
100 10000 5000 0.006426
100 10000 5000 0.004050
100 10000 5000 0.005529
100 10000 5000 0.003643
100 10000 5000 0.004262
100 10000 5000 0.004536
100 10000 5000 0.004745
100 10000 5000 0.000223
100 10000 5000 0.000220
100 10000 5000 0.004014
100 10000 5000 0.014962
100 10000 5000 0.000219
100 10000 5000 0.005155
100 10000 5000 0.004263
100 10000 5000 0.005869
100 10000 5000 0.003076
100 10000 5000 0.005372
100 10000 5000 0.005079
100 10000 5000 0.002759
100 10000 5000 0.006933
100 10000 5000 0.005179
100 10000 5000 0.012858
100 10000 5000 0.009862
100 10000 5000 0.002630
100 10000 5000 0.002624
100 10000 5000 0.002602
100 10000 5000 0.002626
100 10000 5000 0.003833
100 10000 5000 0.009625
100 10000 5000 0.004856
100 10000 5000 0.002933
100 10000 5000 0.002750
100 10000 5000 0.002750
100 10000 5000 0.002724
100 10000 5000 0.002741
100 10000 5000 0.002742
100 10000 5000 0.002675
100 10000 5000 0.007847
100 10000 5000 0.003873
100 10000 5000 0.005152
100 10000 5000 0.005055
100 10000 5000 0.009342
100 10000 5000 0.003241
100 10000 5000 0.008247
100 10000 5000 0.005146
100 10000 5000 0.002640
100 10000 5000 0.007861
100 10000 5000 0.008097
100 10000 5000 0.005089
