10 10000 5000 0.046671
10 10000 5000 0.007166
10 10000 5000 0.000005
10 10000 5000 0.015929
10 10000 5000 0.020588
10 10000 5000 0.000005
10 10000 5000 0.000231
10 10000 5000 0.000005
10 10000 5000 0.001212
50 10000 5000 0.004131
50 10000 5000 0.015372
50 10000 5000 0.012382
50 10000 5000 0.002404
50 10000 5000 0.099636
50 10000 5000 0.118383
50 10000 5000 0.015504
50 10000 5000 0.000008
50 10000 5000 0.082920
100 10000 5000 0.008905
100 10000 5000 0.027162
100 10000 5000 0.173401
100 10000 5000 0.000010
100 10000 5000 0.199960
100 10000 5000 0.000009
100 10000 5000 0.174005
100 10000 5000 0.000010
100 10000 5000 0.215680
