10 10000 5000 0.011551
10 10000 5000 0.022363
10 10000 5000 0.012969
10 10000 5000 0.007241
10 10000 5000 0.000006
10 10000 5000 0.000005
10 10000 5000 0.000007
10 10000 5000 0.000005
10 10000 5000 0.000005
50 10000 5000 0.041991
50 10000 5000 0.007794
50 10000 5000 0.000012
50 10000 5000 0.044162
50 10000 5000 0.012347
50 10000 5000 0.028594
50 10000 5000 0.124807
50 10000 5000 0.014515
50 10000 5000 0.014543
100 10000 5000 0.051215
100 10000 5000 0.021194
100 10000 5000 0.002054
100 10000 5000 0.032787
100 10000 5000 0.007566
100 10000 5000 0.047745
100 10000 5000 0.078059
100 10000 5000 0.098570
100 10000 5000 0.006816
