10 10000 5000 0.040292
10 10000 5000 0.008603
10 10000 5000 0.005502
10 10000 5000 0.010127
10 10000 5000 0.010032
10 10000 5000 0.009996
10 10000 5000 0.014488
10 10000 5000 0.007116
10 10000 5000 0.000006
50 10000 5000 0.065806
50 10000 5000 0.058796
50 10000 5000 0.031799
50 10000 5000 0.009294
50 10000 5000 0.000013
50 10000 5000 0.102013
50 10000 5000 0.000012
50 10000 5000 0.072982
50 10000 5000 0.099066
100 10000 5000 0.000038
100 10000 5000 0.000012
100 10000 5000 0.032988
100 10000 5000 0.012171
100 10000 5000 0.214613
100 10000 5000 0.163419
100 10000 5000 0.000013
100 10000 5000 0.238424
100 10000 5000 0.207290
