10 10000 5000 0.018113
10 10000 5000 0.008784
10 10000 5000 0.012489
10 10000 5000 0.010825
10 10000 5000 0.008983
10 10000 5000 0.000007
10 10000 5000 0.015584
10 10000 5000 0.000007
10 10000 5000 0.007183
50 10000 5000 0.027674
50 10000 5000 0.018918
50 10000 5000 0.003191
50 10000 5000 0.137170
50 10000 5000 0.024672
50 10000 5000 0.011152
50 10000 5000 0.016274
50 10000 5000 0.080393
50 10000 5000 0.007859
100 10000 5000 0.016206
100 10000 5000 0.000012
100 10000 5000 0.135685
100 10000 5000 0.015973
100 10000 5000 0.210515
100 10000 5000 0.006423
100 10000 5000 0.189980
100 10000 5000 0.008814
100 10000 5000 0.004526
10 10000 5000 0.032263
10 10000 5000 0.019744
10 10000 5000 0.000006
10 10000 5000 0.012519
10 10000 5000 0.000005
10 10000 5000 0.000006
10 10000 5000 0.002613
10 10000 5000 0.000005
10 10000 5000 0.003778
50 10000 5000 0.002518
50 10000 5000 0.049337
50 10000 5000 0.192393
50 10000 5000 0.035019
50 10000 5000 0.000014
50 10000 5000 0.107280
50 10000 5000 0.011513
50 10000 5000 0.009291
50 10000 5000 0.062025
100 10000 5000 0.000041
100 10000 5000 0.000011
100 10000 5000 0.008926
100 10000 5000 0.215849
100 10000 5000 0.000012
100 10000 5000 0.152645
100 10000 5000 0.000013
100 10000 5000 0.179374
100 10000 5000 0.191434
10 10000 5000 0.000027
10 10000 5000 0.000006
10 10000 5000 0.000006
10 10000 5000 0.002019
10 10000 5000 0.005130
10 10000 5000 0.011837
10 10000 5000 0.011761
10 10000 5000 0.010119
10 10000 5000 0.010062
50 10000 5000 0.007057
50 10000 5000 0.008044
50 10000 5000 0.161612
50 10000 5000 0.000012
50 10000 5000 0.109976
50 10000 5000 0.142969
50 10000 5000 0.003234
50 10000 5000 0.014472
50 10000 5000 0.000009
100 10000 5000 0.025386
100 10000 5000 0.093590
100 10000 5000 0.016971
100 10000 5000 0.082331
100 10000 5000 0.008513
100 10000 5000 0.194423
100 10000 5000 0.000013
100 10000 5000 0.000010
100 10000 5000 0.145793
