10 10000 5000 0.007023
10 10000 5000 0.003319
10 10000 5000 0.006676
10 10000 5000 0.003891
10 10000 5000 0.003660
10 10000 5000 0.010165
10 10000 5000 0.003548
10 10000 5000 0.005962
10 10000 5000 0.004639
10 10000 5000 0.012129
10 10000 5000 0.010827
10 10000 5000 0.007998
10 10000 5000 0.008298
10 10000 5000 0.005297
10 10000 5000 0.004985
10 10000 5000 0.006451
10 10000 5000 0.003126
10 10000 5000 0.006026
10 10000 5000 0.005932
10 10000 5000 0.006159
10 10000 5000 0.005423
10 10000 5000 0.006900
10 10000 5000 0.003128
10 10000 5000 0.005108
10 10000 5000 0.006309
10 10000 5000 0.003405
10 10000 5000 0.004844
10 10000 5000 0.004107
10 10000 5000 0.003596
10 10000 5000 0.004323
10 10000 5000 0.003744
10 10000 5000 0.005040
10 10000 5000 0.003209
10 10000 5000 0.004971
10 10000 5000 0.006741
10 10000 5000 0.007367
50 10000 5000 0.013230
50 10000 5000 0.011013
50 10000 5000 0.011082
50 10000 5000 0.012133
50 10000 5000 0.011586
50 10000 5000 0.013404
50 10000 5000 0.015725
50 10000 5000 0.018043
50 10000 5000 0.017977
50 10000 5000 0.013820
50 10000 5000 0.012330
50 10000 5000 0.015478
50 10000 5000 0.010897
50 10000 5000 0.013159
50 10000 5000 0.013581
50 10000 5000 0.024066
50 10000 5000 0.014268
50 10000 5000 0.011429
50 10000 5000 0.012502
50 10000 5000 0.011060
50 10000 5000 0.009782
50 10000 5000 0.013371
50 10000 5000 0.011064
50 10000 5000 0.011330
50 10000 5000 0.011454
50 10000 5000 0.011099
50 10000 5000 0.012166
50 10000 5000 0.013018
50 10000 5000 0.016797
50 10000 5000 0.016868
50 10000 5000 0.011019
50 10000 5000 0.013480
50 10000 5000 0.010994
50 10000 5000 0.011085
50 10000 5000 0.011074
50 10000 5000 0.010058
50 10000 5000 0.008431
50 10000 5000 0.011116
50 10000 5000 0.027165
50 10000 5000 0.012078
50 10000 5000 0.011340
50 10000 5000 0.011133
50 10000 5000 0.008551
50 10000 5000 0.012730
50 10000 5000 0.013616
50 10000 5000 0.012983
50 10000 5000 0.009642
50 10000 5000 0.013835
50 10000 5000 0.019612
50 10000 5000 0.015875
50 10000 5000 0.012428
50 10000 5000 0.010949
50 10000 5000 0.016391
50 10000 5000 0.008553
50 10000 5000 0.013391
50 10000 5000 0.019894
50 10000 5000 0.016248
50 10000 5000 0.008400
50 10000 5000 0.007828
50 10000 5000 0.010891
50 10000 5000 0.008928
50 10000 5000 0.010176
50 10000 5000 0.010692
50 10000 5000 0.010867
50 10000 5000 0.008663
50 10000 5000 0.014580
100 10000 5000 0.024649
100 10000 5000 0.030925
100 10000 5000 0.034049
100 10000 5000 0.028851
100 10000 5000 0.036070
100 10000 5000 0.037266
100 10000 5000 0.031519
100 10000 5000 0.017096
100 10000 5000 0.024146
100 10000 5000 0.020146
100 10000 5000 0.032145
100 10000 5000 0.023595
100 10000 5000 0.034436
100 10000 5000 0.021997
100 10000 5000 0.020441
100 10000 5000 0.020933
100 10000 5000 0.032351
100 10000 5000 0.032172
100 10000 5000 0.020031
100 10000 5000 0.023773
100 10000 5000 0.022481
100 10000 5000 0.021269
100 10000 5000 0.022092
100 10000 5000 0.032116
100 10000 5000 0.029245
100 10000 5000 0.021352
100 10000 5000 0.026086
100 10000 5000 0.023123
100 10000 5000 0.031730
100 10000 5000 0.019243
100 10000 5000 0.028217
100 10000 5000 0.029381
100 10000 5000 0.027075
100 10000 5000 0.031058
100 10000 5000 0.045541
100 10000 5000 0.022339
100 10000 5000 0.024129
100 10000 5000 0.024295
100 10000 5000 0.019136
100 10000 5000 0.018409
100 10000 5000 0.023693
100 10000 5000 0.023897
100 10000 5000 0.022688
100 10000 5000 0.023066
100 10000 5000 0.026278
100 10000 5000 0.017100
100 10000 5000 0.027302
100 10000 5000 0.028244
100 10000 5000 0.016984
100 10000 5000 0.025704
100 10000 5000 0.019945
100 10000 5000 0.020019
100 10000 5000 0.030305
100 10000 5000 0.025805
100 10000 5000 0.025526
100 10000 5000 0.020285
100 10000 5000 0.017541
100 10000 5000 0.025413
100 10000 5000 0.021954
100 10000 5000 0.024192
100 10000 5000 0.021191
100 10000 5000 0.028010
100 10000 5000 0.022622
100 10000 5000 0.020355
100 10000 5000 0.025020
100 10000 5000 0.023665
100 10000 5000 0.021328
100 10000 5000 0.016993
100 10000 5000 0.019408
100 10000 5000 0.017880
100 10000 5000 0.016583
100 10000 5000 0.022628
100 10000 5000 0.030151
100 10000 5000 0.018321
100 10000 5000 0.024825
100 10000 5000 0.024042
100 10000 5000 0.020549
100 10000 5000 0.017737
100 10000 5000 0.026807
100 10000 5000 0.020038
100 10000 5000 0.019190
100 10000 5000 0.034162
100 10000 5000 0.019240
100 10000 5000 0.026012
100 10000 5000 0.026661
100 10000 5000 0.027564
100 10000 5000 0.024554
100 10000 5000 0.022995
100 10000 5000 0.015140
100 10000 5000 0.015659
