10 10000 5000 0.010167
10 10000 5000 0.007221
10 10000 5000 0.003040
10 10000 5000 0.004101
10 10000 5000 0.003413
10 10000 5000 0.008735
10 10000 5000 0.003584
10 10000 5000 0.005463
10 10000 5000 0.007404
10 10000 5000 0.007815
10 10000 5000 0.006076
10 10000 5000 0.006080
10 10000 5000 0.006045
10 10000 5000 0.006968
10 10000 5000 0.012215
10 10000 5000 0.006309
10 10000 5000 0.006836
10 10000 5000 0.007534
10 10000 5000 0.005873
10 10000 5000 0.005470
10 10000 5000 0.007033
10 10000 5000 0.013140
10 10000 5000 0.004183
10 10000 5000 0.006469
10 10000 5000 0.007102
10 10000 5000 0.004403
10 10000 5000 0.009207
10 10000 5000 0.003944
10 10000 5000 0.003971
10 10000 5000 0.006925
10 10000 5000 0.006753
10 10000 5000 0.006295
10 10000 5000 0.007418
10 10000 5000 0.005666
10 10000 5000 0.009561
10 10000 5000 0.005281
50 10000 5000 0.023975
50 10000 5000 0.015263
50 10000 5000 0.013754
50 10000 5000 0.010993
50 10000 5000 0.016165
50 10000 5000 0.013925
50 10000 5000 0.012256
50 10000 5000 0.017149
50 10000 5000 0.012592
50 10000 5000 0.010245
50 10000 5000 0.017272
50 10000 5000 0.009736
50 10000 5000 0.017138
50 10000 5000 0.015359
50 10000 5000 0.014806
50 10000 5000 0.012029
50 10000 5000 0.011304
50 10000 5000 0.023834
50 10000 5000 0.018583
50 10000 5000 0.013842
50 10000 5000 0.013147
50 10000 5000 0.016340
50 10000 5000 0.015144
50 10000 5000 0.016766
50 10000 5000 0.010361
50 10000 5000 0.012526
50 10000 5000 0.016746
50 10000 5000 0.010139
50 10000 5000 0.017156
50 10000 5000 0.010491
50 10000 5000 0.013577
50 10000 5000 0.012403
50 10000 5000 0.015024
50 10000 5000 0.010645
50 10000 5000 0.014618
50 10000 5000 0.013612
50 10000 5000 0.009649
50 10000 5000 0.019657
50 10000 5000 0.009781
50 10000 5000 0.019404
50 10000 5000 0.012923
50 10000 5000 0.016344
50 10000 5000 0.013530
50 10000 5000 0.010738
50 10000 5000 0.014092
50 10000 5000 0.014549
50 10000 5000 0.015423
50 10000 5000 0.012125
50 10000 5000 0.014868
50 10000 5000 0.011274
50 10000 5000 0.009304
50 10000 5000 0.017577
50 10000 5000 0.011061
50 10000 5000 0.010978
50 10000 5000 0.010005
50 10000 5000 0.009054
50 10000 5000 0.010093
50 10000 5000 0.009328
50 10000 5000 0.009996
50 10000 5000 0.009919
50 10000 5000 0.013857
50 10000 5000 0.022181
50 10000 5000 0.011092
50 10000 5000 0.013111
50 10000 5000 0.009610
50 10000 5000 0.009633
50 10000 5000 0.010560
50 10000 5000 0.011996
50 10000 5000 0.011149
50 10000 5000 0.025012
50 10000 5000 0.014329
50 10000 5000 0.026106
50 10000 5000 0.014233
50 10000 5000 0.008975
50 10000 5000 0.015726
50 10000 5000 0.014314
50 10000 5000 0.012969
50 10000 5000 0.016257
50 10000 5000 0.008702
50 10000 5000 0.009270
50 10000 5000 0.008495
100 10000 5000 0.032656
100 10000 5000 0.023774
100 10000 5000 0.019745
100 10000 5000 0.019914
100 10000 5000 0.031861
100 10000 5000 0.027260
100 10000 5000 0.041289
100 10000 5000 0.020010
100 10000 5000 0.032814
100 10000 5000 0.027674
100 10000 5000 0.018892
100 10000 5000 0.021223
100 10000 5000 0.029866
100 10000 5000 0.025640
100 10000 5000 0.027809
100 10000 5000 0.032338
100 10000 5000 0.025899
100 10000 5000 0.025760
100 10000 5000 0.028502
100 10000 5000 0.029434
100 10000 5000 0.030349
100 10000 5000 0.026440
100 10000 5000 0.020696
100 10000 5000 0.025347
100 10000 5000 0.021877
100 10000 5000 0.020947
100 10000 5000 0.024573
100 10000 5000 0.025686
100 10000 5000 0.023422
100 10000 5000 0.022866
100 10000 5000 0.021369
100 10000 5000 0.019090
100 10000 5000 0.026844
100 10000 5000 0.018136
100 10000 5000 0.021668
100 10000 5000 0.021799
100 10000 5000 0.018364
100 10000 5000 0.020670
100 10000 5000 0.024988
100 10000 5000 0.029141
100 10000 5000 0.023804
100 10000 5000 0.023198
100 10000 5000 0.020269
100 10000 5000 0.020076
100 10000 5000 0.021944
100 10000 5000 0.026086
100 10000 5000 0.019142
100 10000 5000 0.027809
100 10000 5000 0.039813
100 10000 5000 0.023041
100 10000 5000 0.026308
100 10000 5000 0.020023
100 10000 5000 0.023418
100 10000 5000 0.030277
100 10000 5000 0.020214
100 10000 5000 0.029967
100 10000 5000 0.016891
100 10000 5000 0.031997
100 10000 5000 0.028779
100 10000 5000 0.015990
100 10000 5000 0.017232
100 10000 5000 0.030369
100 10000 5000 0.019909
100 10000 5000 0.018438
100 10000 5000 0.023980
100 10000 5000 0.022349
100 10000 5000 0.020149
100 10000 5000 0.021482
100 10000 5000 0.020820
100 10000 5000 0.019632
100 10000 5000 0.020367
100 10000 5000 0.018413
100 10000 5000 0.020102
100 10000 5000 0.016199
100 10000 5000 0.022223
100 10000 5000 0.028782
100 10000 5000 0.014668
100 10000 5000 0.030679
100 10000 5000 0.016648
100 10000 5000 0.013619
100 10000 5000 0.018872
100 10000 5000 0.015725
100 10000 5000 0.023236
100 10000 5000 0.017253
100 10000 5000 0.020528
100 10000 5000 0.024716
100 10000 5000 0.016518
100 10000 5000 0.019614
100 10000 5000 0.024385
100 10000 5000 0.017496
100 10000 5000 0.021996
