10 10000 5000 0.005229
10 10000 5000 0.010769
10 10000 5000 0.005911
10 10000 5000 0.003397
10 10000 5000 0.005896
10 10000 5000 0.004887
10 10000 5000 0.006816
10 10000 5000 0.006596
10 10000 5000 0.007838
10 10000 5000 0.007452
10 10000 5000 0.005503
10 10000 5000 0.005967
10 10000 5000 0.008543
10 10000 5000 0.008256
10 10000 5000 0.005303
10 10000 5000 0.007962
10 10000 5000 0.006710
10 10000 5000 0.008647
10 10000 5000 0.006356
10 10000 5000 0.002411
10 10000 5000 0.008714
10 10000 5000 0.003479
10 10000 5000 0.006419
10 10000 5000 0.011016
10 10000 5000 0.012805
10 10000 5000 0.005485
10 10000 5000 0.006619
10 10000 5000 0.008157
10 10000 5000 0.005717
10 10000 5000 0.009038
10 10000 5000 0.009561
10 10000 5000 0.005207
10 10000 5000 0.008740
10 10000 5000 0.003263
10 10000 5000 0.005215
10 10000 5000 0.004376
50 10000 5000 0.017485
50 10000 5000 0.022849
50 10000 5000 0.018195
50 10000 5000 0.022586
50 10000 5000 0.008039
50 10000 5000 0.017637
50 10000 5000 0.020097
50 10000 5000 0.014726
50 10000 5000 0.016090
50 10000 5000 0.006348
50 10000 5000 0.024954
50 10000 5000 0.017235
50 10000 5000 0.010017
50 10000 5000 0.016248
50 10000 5000 0.011238
50 10000 5000 0.012063
50 10000 5000 0.020976
50 10000 5000 0.012915
50 10000 5000 0.015763
50 10000 5000 0.014677
50 10000 5000 0.018268
50 10000 5000 0.016161
50 10000 5000 0.012835
50 10000 5000 0.012949
50 10000 5000 0.010474
50 10000 5000 0.016633
50 10000 5000 0.018341
50 10000 5000 0.017219
50 10000 5000 0.014077
50 10000 5000 0.010290
50 10000 5000 0.016100
50 10000 5000 0.017983
50 10000 5000 0.012549
50 10000 5000 0.008571
50 10000 5000 0.012654
50 10000 5000 0.014158
50 10000 5000 0.013398
50 10000 5000 0.012774
50 10000 5000 0.015048
50 10000 5000 0.008692
50 10000 5000 0.009619
50 10000 5000 0.010934
50 10000 5000 0.012285
50 10000 5000 0.012270
50 10000 5000 0.013709
50 10000 5000 0.014334
50 10000 5000 0.013780
50 10000 5000 0.013542
50 10000 5000 0.008319
50 10000 5000 0.011646
50 10000 5000 0.011974
50 10000 5000 0.009040
50 10000 5000 0.008515
50 10000 5000 0.017260
50 10000 5000 0.008065
50 10000 5000 0.009851
50 10000 5000 0.008584
50 10000 5000 0.013147
50 10000 5000 0.010917
50 10000 5000 0.008939
50 10000 5000 0.007619
50 10000 5000 0.016994
50 10000 5000 0.007132
50 10000 5000 0.008007
50 10000 5000 0.010029
50 10000 5000 0.009124
50 10000 5000 0.007421
50 10000 5000 0.009695
50 10000 5000 0.012386
50 10000 5000 0.014076
100 10000 5000 0.025316
100 10000 5000 0.029519
100 10000 5000 0.051551
100 10000 5000 0.030448
100 10000 5000 0.031741
100 10000 5000 0.035656
100 10000 5000 0.021686
100 10000 5000 0.021683
100 10000 5000 0.032922
100 10000 5000 0.020233
100 10000 5000 0.051220
100 10000 5000 0.019295
100 10000 5000 0.023402
100 10000 5000 0.025005
100 10000 5000 0.038207
100 10000 5000 0.027153
100 10000 5000 0.025902
100 10000 5000 0.031181
100 10000 5000 0.026268
100 10000 5000 0.020670
100 10000 5000 0.030381
100 10000 5000 0.030203
100 10000 5000 0.020469
100 10000 5000 0.032616
100 10000 5000 0.020557
100 10000 5000 0.031098
100 10000 5000 0.030172
100 10000 5000 0.028131
100 10000 5000 0.025931
100 10000 5000 0.015662
100 10000 5000 0.029567
100 10000 5000 0.032235
100 10000 5000 0.027967
100 10000 5000 0.033537
100 10000 5000 0.030648
100 10000 5000 0.021835
100 10000 5000 0.023476
100 10000 5000 0.030558
100 10000 5000 0.024618
100 10000 5000 0.018551
100 10000 5000 0.036515
100 10000 5000 0.024366
100 10000 5000 0.021832
100 10000 5000 0.029644
100 10000 5000 0.034466
100 10000 5000 0.024326
100 10000 5000 0.019989
100 10000 5000 0.024280
100 10000 5000 0.021090
100 10000 5000 0.019767
100 10000 5000 0.032135
100 10000 5000 0.035397
100 10000 5000 0.022944
100 10000 5000 0.020935
100 10000 5000 0.021492
100 10000 5000 0.026053
100 10000 5000 0.018043
100 10000 5000 0.019671
100 10000 5000 0.029016
100 10000 5000 0.021413
100 10000 5000 0.022890
100 10000 5000 0.023998
100 10000 5000 0.022689
100 10000 5000 0.022475
100 10000 5000 0.024425
100 10000 5000 0.019821
100 10000 5000 0.023621
100 10000 5000 0.021059
100 10000 5000 0.021788
100 10000 5000 0.016543
100 10000 5000 0.018249
100 10000 5000 0.023003
100 10000 5000 0.019118
100 10000 5000 0.019819
100 10000 5000 0.018415
100 10000 5000 0.016930
100 10000 5000 0.015888
100 10000 5000 0.016830
100 10000 5000 0.020142
100 10000 5000 0.017246
100 10000 5000 0.027759
100 10000 5000 0.018697
100 10000 5000 0.015152
100 10000 5000 0.022699
100 10000 5000 0.022686
100 10000 5000 0.019067
100 10000 5000 0.016626
100 10000 5000 0.019629
100 10000 5000 0.017449
100 10000 5000 0.015058
100 10000 5000 0.018202
100 10000 5000 0.024291
