10 10000 5000 0.006667
10 10000 5000 0.006625
10 10000 5000 0.005491
10 10000 5000 0.005582
10 10000 5000 0.008581
10 10000 5000 0.004189
10 10000 5000 0.004496
10 10000 5000 0.003257
10 10000 5000 0.004481
10 10000 5000 0.004519
10 10000 5000 0.004270
10 10000 5000 0.004514
10 10000 5000 0.004358
10 10000 5000 0.005633
10 10000 5000 0.002981
10 10000 5000 0.004143
10 10000 5000 0.005808
10 10000 5000 0.003351
10 10000 5000 0.004592
10 10000 5000 0.004627
10 10000 5000 0.007023
10 10000 5000 0.006582
10 10000 5000 0.004651
10 10000 5000 0.005903
10 10000 5000 0.003591
10 10000 5000 0.004804
10 10000 5000 0.007084
10 10000 5000 0.008928
10 10000 5000 0.014738
10 10000 5000 0.012367
10 10000 5000 0.003482
10 10000 5000 0.008112
10 10000 5000 0.003094
10 10000 5000 0.009967
10 10000 5000 0.005342
10 10000 5000 0.006313
50 10000 5000 0.019321
50 10000 5000 0.023540
50 10000 5000 0.009477
50 10000 5000 0.023559
50 10000 5000 0.009857
50 10000 5000 0.012734
50 10000 5000 0.014622
50 10000 5000 0.018597
50 10000 5000 0.016292
50 10000 5000 0.018663
50 10000 5000 0.009788
50 10000 5000 0.014649
50 10000 5000 0.012563
50 10000 5000 0.019359
50 10000 5000 0.013456
50 10000 5000 0.017178
50 10000 5000 0.018221
50 10000 5000 0.022797
50 10000 5000 0.010375
50 10000 5000 0.011156
50 10000 5000 0.015792
50 10000 5000 0.020169
50 10000 5000 0.010723
50 10000 5000 0.011053
50 10000 5000 0.014295
50 10000 5000 0.013899
50 10000 5000 0.011455
50 10000 5000 0.010385
50 10000 5000 0.010143
50 10000 5000 0.020633
50 10000 5000 0.013577
50 10000 5000 0.016170
50 10000 5000 0.010112
50 10000 5000 0.019524
50 10000 5000 0.009235
50 10000 5000 0.009922
50 10000 5000 0.011319
50 10000 5000 0.014099
50 10000 5000 0.011474
50 10000 5000 0.015069
50 10000 5000 0.008601
50 10000 5000 0.018480
50 10000 5000 0.016166
50 10000 5000 0.009921
50 10000 5000 0.020931
50 10000 5000 0.010508
50 10000 5000 0.011379
50 10000 5000 0.010259
50 10000 5000 0.015425
50 10000 5000 0.009441
50 10000 5000 0.009676
50 10000 5000 0.006710
50 10000 5000 0.009139
50 10000 5000 0.009398
50 10000 5000 0.009834
50 10000 5000 0.009747
50 10000 5000 0.010857
50 10000 5000 0.011485
50 10000 5000 0.011706
50 10000 5000 0.009162
50 10000 5000 0.008536
50 10000 5000 0.007208
50 10000 5000 0.013943
50 10000 5000 0.008849
50 10000 5000 0.008878
50 10000 5000 0.008722
50 10000 5000 0.012775
50 10000 5000 0.009873
100 10000 5000 0.031562
100 10000 5000 0.022971
100 10000 5000 0.034421
100 10000 5000 0.022717
100 10000 5000 0.033960
100 10000 5000 0.025135
100 10000 5000 0.019812
100 10000 5000 0.028097
100 10000 5000 0.018712
100 10000 5000 0.032213
100 10000 5000 0.020150
100 10000 5000 0.027458
100 10000 5000 0.028838
100 10000 5000 0.025346
100 10000 5000 0.031000
100 10000 5000 0.032974
100 10000 5000 0.027381
100 10000 5000 0.023658
100 10000 5000 0.032901
100 10000 5000 0.027567
100 10000 5000 0.042729
100 10000 5000 0.020555
100 10000 5000 0.020853
100 10000 5000 0.023403
100 10000 5000 0.023856
100 10000 5000 0.035097
100 10000 5000 0.025978
100 10000 5000 0.025303
100 10000 5000 0.026925
100 10000 5000 0.024187
100 10000 5000 0.032874
100 10000 5000 0.027373
100 10000 5000 0.031275
100 10000 5000 0.020196
100 10000 5000 0.019602
100 10000 5000 0.020414
100 10000 5000 0.028482
100 10000 5000 0.024470
100 10000 5000 0.026434
100 10000 5000 0.020371
100 10000 5000 0.027633
100 10000 5000 0.031407
100 10000 5000 0.027212
100 10000 5000 0.020408
100 10000 5000 0.021224
100 10000 5000 0.039080
100 10000 5000 0.016864
100 10000 5000 0.025416
100 10000 5000 0.028090
100 10000 5000 0.017881
100 10000 5000 0.021914
100 10000 5000 0.024512
100 10000 5000 0.022541
100 10000 5000 0.021658
100 10000 5000 0.017188
100 10000 5000 0.025025
100 10000 5000 0.040017
100 10000 5000 0.022007
100 10000 5000 0.028186
100 10000 5000 0.023444
100 10000 5000 0.018801
100 10000 5000 0.018886
100 10000 5000 0.022504
100 10000 5000 0.028864
100 10000 5000 0.019395
100 10000 5000 0.021701
100 10000 5000 0.020613
100 10000 5000 0.019775
100 10000 5000 0.021345
100 10000 5000 0.019443
100 10000 5000 0.016757
100 10000 5000 0.020539
100 10000 5000 0.022568
100 10000 5000 0.028183
100 10000 5000 0.020608
100 10000 5000 0.020797
100 10000 5000 0.021494
100 10000 5000 0.021099
100 10000 5000 0.022124
100 10000 5000 0.017987
100 10000 5000 0.021171
100 10000 5000 0.021694
100 10000 5000 0.023679
100 10000 5000 0.022047
