10 10000 5000 0.000101
10 10000 5000 0.000094
10 10000 5000 0.000087
10 10000 5000 0.000087
10 10000 5000 0.000090
10 10000 5000 0.000087
10 10000 5000 0.000090
10 10000 5000 0.000089
10 10000 5000 0.000088
10 10000 5000 0.000087
10 10000 5000 0.000087
10 10000 5000 0.000087
10 10000 5000 0.000087
10 10000 5000 0.000087
10 10000 5000 0.000088
10 10000 5000 0.000087
10 10000 5000 0.000087
10 10000 5000 0.000087
10 10000 5000 0.000087
10 10000 5000 0.000087
10 10000 5000 0.000087
10 10000 5000 0.000088
10 10000 5000 0.000091
10 10000 5000 0.000087
10 10000 5000 0.000089
10 10000 5000 0.000088
10 10000 5000 0.000087
10 10000 5000 0.000088
10 10000 5000 0.000088
10 10000 5000 0.000087
10 10000 5000 0.000087
10 10000 5000 0.000087
10 10000 5000 0.000087
10 10000 5000 0.000089
10 10000 5000 0.000087
10 10000 5000 0.000089
10 10000 5000 0.000087
50 10000 5000 0.000489
50 10000 5000 0.000476
50 10000 5000 0.000469
50 10000 5000 0.000467
50 10000 5000 0.000429
50 10000 5000 0.000468
50 10000 5000 0.000468
50 10000 5000 0.000466
50 10000 5000 0.000470
50 10000 5000 0.000472
50 10000 5000 0.000470
50 10000 5000 0.000468
50 10000 5000 0.000469
50 10000 5000 0.000470
50 10000 5000 0.000469
50 10000 5000 0.000420
50 10000 5000 0.000428
50 10000 5000 0.000468
50 10000 5000 0.000464
50 10000 5000 0.000465
50 10000 5000 0.000467
50 10000 5000 0.000469
50 10000 5000 0.000468
50 10000 5000 0.000465
50 10000 5000 0.000468
50 10000 5000 0.000465
50 10000 5000 0.000469
50 10000 5000 0.000470
50 10000 5000 0.000465
50 10000 5000 0.000466
50 10000 5000 0.000468
50 10000 5000 0.000464
50 10000 5000 0.000467
50 10000 5000 0.000472
50 10000 5000 0.000471
50 10000 5000 0.000465
50 10000 5000 0.000419
50 10000 5000 0.000464
50 10000 5000 0.000464
50 10000 5000 0.000472
50 10000 5000 0.000470
50 10000 5000 0.000467
50 10000 5000 0.000467
50 10000 5000 0.000468
50 10000 5000 0.000467
50 10000 5000 0.000465
50 10000 5000 0.000464
50 10000 5000 0.000467
50 10000 5000 0.000466
50 10000 5000 0.000472
50 10000 5000 0.000472
50 10000 5000 0.000469
50 10000 5000 0.000469
50 10000 5000 0.000469
50 10000 5000 0.000464
50 10000 5000 0.000469
50 10000 5000 0.000468
50 10000 5000 0.000467
50 10000 5000 0.000475
50 10000 5000 0.000465
50 10000 5000 0.000469
50 10000 5000 0.000468
50 10000 5000 0.000468
50 10000 5000 0.000465
50 10000 5000 0.002910
50 10000 5000 0.000464
50 10000 5000 0.000465
100 10000 5000 0.000991
100 10000 5000 0.000953
100 10000 5000 0.000934
100 10000 5000 0.000942
100 10000 5000 0.000914
100 10000 5000 0.003866
100 10000 5000 0.000932
100 10000 5000 0.000918
100 10000 5000 0.000925
100 10000 5000 0.000931
100 10000 5000 0.002098
100 10000 5000 0.001001
100 10000 5000 0.000924
100 10000 5000 0.000948
100 10000 5000 0.000918
100 10000 5000 0.000912
100 10000 5000 0.002109
100 10000 5000 0.000956
100 10000 5000 0.001012
100 10000 5000 0.000920
100 10000 5000 0.000935
100 10000 5000 0.000915
100 10000 5000 0.000927
100 10000 5000 0.000908
100 10000 5000 0.000916
100 10000 5000 0.000912
100 10000 5000 0.000917
100 10000 5000 0.000915
100 10000 5000 0.000910
100 10000 5000 0.000915
100 10000 5000 0.000910
100 10000 5000 0.000908
100 10000 5000 0.000920
100 10000 5000 0.000900
100 10000 5000 0.000915
100 10000 5000 0.000924
100 10000 5000 0.000906
100 10000 5000 0.000996
100 10000 5000 0.000938
100 10000 5000 0.000921
100 10000 5000 0.000902
100 10000 5000 0.000906
100 10000 5000 0.000906
100 10000 5000 0.000911
100 10000 5000 0.001004
100 10000 5000 0.000932
100 10000 5000 0.000893
100 10000 5000 0.000908
100 10000 5000 0.000907
100 10000 5000 0.000907
100 10000 5000 0.000917
100 10000 5000 0.000961
100 10000 5000 0.002117
100 10000 5000 0.000928
100 10000 5000 0.000940
100 10000 5000 0.000920
100 10000 5000 0.000974
100 10000 5000 0.000901
100 10000 5000 0.000914
100 10000 5000 0.000963
100 10000 5000 0.000911
100 10000 5000 0.000919
100 10000 5000 0.000929
100 10000 5000 0.002605
100 10000 5000 0.000903
100 10000 5000 0.000910
100 10000 5000 0.000922
100 10000 5000 0.000922
100 10000 5000 0.000904
100 10000 5000 0.002377
100 10000 5000 0.000916
100 10000 5000 0.000899
100 10000 5000 0.000928
100 10000 5000 0.000903
100 10000 5000 0.000896
100 10000 5000 0.000932
100 10000 5000 0.000898
100 10000 5000 0.002386
100 10000 5000 0.000907
100 10000 5000 0.000904
100 10000 5000 0.000908
100 10000 5000 0.000919
100 10000 5000 0.000957
100 10000 5000 0.000897
100 10000 5000 0.000899
100 10000 5000 0.000926
100 10000 5000 0.000917
100 10000 5000 0.000896
100 10000 5000 0.000900
100 10000 5000 0.000888
100 10000 5000 0.000885
