10 10000 5000 0.000104
10 10000 5000 0.000089
10 10000 5000 0.000088
10 10000 5000 0.000088
10 10000 5000 0.000087
10 10000 5000 0.000087
10 10000 5000 0.000087
10 10000 5000 0.000087
10 10000 5000 0.000087
10 10000 5000 0.000087
10 10000 5000 0.000087
10 10000 5000 0.000088
10 10000 5000 0.000087
10 10000 5000 0.000087
10 10000 5000 0.000087
10 10000 5000 0.000087
10 10000 5000 0.000087
10 10000 5000 0.000087
10 10000 5000 0.000087
10 10000 5000 0.000087
10 10000 5000 0.000087
10 10000 5000 0.000087
10 10000 5000 0.000087
10 10000 5000 0.000087
10 10000 5000 0.000087
10 10000 5000 0.000087
10 10000 5000 0.000087
10 10000 5000 0.000088
10 10000 5000 0.000087
10 10000 5000 0.000087
10 10000 5000 0.000087
10 10000 5000 0.000087
10 10000 5000 0.000087
10 10000 5000 0.000087
10 10000 5000 0.000087
10 10000 5000 0.000087
10 10000 5000 0.000087
50 10000 5000 0.000492
50 10000 5000 0.000480
50 10000 5000 0.000473
50 10000 5000 0.000467
50 10000 5000 0.000469
50 10000 5000 0.000466
50 10000 5000 0.000466
50 10000 5000 0.000483
50 10000 5000 0.000472
50 10000 5000 0.000466
50 10000 5000 0.000466
50 10000 5000 0.000474
50 10000 5000 0.000469
50 10000 5000 0.000468
50 10000 5000 0.000471
50 10000 5000 0.000422
50 10000 5000 0.000470
50 10000 5000 0.000423
50 10000 5000 0.000470
50 10000 5000 0.000468
50 10000 5000 0.000470
50 10000 5000 0.003143
50 10000 5000 0.000466
50 10000 5000 0.000466
50 10000 5000 0.000467
50 10000 5000 0.000472
50 10000 5000 0.000475
50 10000 5000 0.000467
50 10000 5000 0.000467
50 10000 5000 0.000421
50 10000 5000 0.000419
50 10000 5000 0.000430
50 10000 5000 0.000471
50 10000 5000 0.000471
50 10000 5000 0.000468
50 10000 5000 0.000467
50 10000 5000 0.003128
50 10000 5000 0.000466
50 10000 5000 0.000470
50 10000 5000 0.000469
50 10000 5000 0.000466
50 10000 5000 0.000466
50 10000 5000 0.000474
50 10000 5000 0.000471
50 10000 5000 0.000419
50 10000 5000 0.000468
50 10000 5000 0.000467
50 10000 5000 0.000468
50 10000 5000 0.000467
50 10000 5000 0.001673
50 10000 5000 0.000465
50 10000 5000 0.000469
50 10000 5000 0.000471
50 10000 5000 0.000464
50 10000 5000 0.000420
50 10000 5000 0.000467
50 10000 5000 0.000465
50 10000 5000 0.000469
50 10000 5000 0.000469
50 10000 5000 0.000469
50 10000 5000 0.000422
50 10000 5000 0.000490
50 10000 5000 0.000472
50 10000 5000 0.000465
50 10000 5000 0.001284
50 10000 5000 0.000475
50 10000 5000 0.000469
50 10000 5000 0.000470
50 10000 5000 0.000467
50 10000 5000 0.000420
50 10000 5000 0.000422
100 10000 5000 0.000981
100 10000 5000 0.000933
100 10000 5000 0.000923
100 10000 5000 0.001019
100 10000 5000 0.000925
100 10000 5000 0.000943
100 10000 5000 0.000943
100 10000 5000 0.000941
100 10000 5000 0.000931
100 10000 5000 0.000939
100 10000 5000 0.000916
100 10000 5000 0.000957
100 10000 5000 0.000921
100 10000 5000 0.000924
100 10000 5000 0.000928
100 10000 5000 0.000939
100 10000 5000 0.000991
100 10000 5000 0.000920
100 10000 5000 0.000999
100 10000 5000 0.000930
100 10000 5000 0.000922
100 10000 5000 0.000908
100 10000 5000 0.022666
100 10000 5000 0.000925
100 10000 5000 0.000926
100 10000 5000 0.000917
100 10000 5000 0.000917
100 10000 5000 0.000925
100 10000 5000 0.000929
100 10000 5000 0.000900
100 10000 5000 0.000897
100 10000 5000 0.000902
100 10000 5000 0.002620
100 10000 5000 0.000938
100 10000 5000 0.000926
100 10000 5000 0.000921
100 10000 5000 0.000916
100 10000 5000 0.000941
100 10000 5000 0.000937
100 10000 5000 0.000903
100 10000 5000 0.000894
100 10000 5000 0.000914
100 10000 5000 0.000913
100 10000 5000 0.000908
100 10000 5000 0.000916
100 10000 5000 0.000919
100 10000 5000 0.000905
100 10000 5000 0.000911
100 10000 5000 0.000893
100 10000 5000 0.000936
100 10000 5000 0.000882
100 10000 5000 0.000916
100 10000 5000 0.000928
100 10000 5000 0.000929
100 10000 5000 0.000961
100 10000 5000 0.000956
100 10000 5000 0.000907
100 10000 5000 0.000915
100 10000 5000 0.000900
100 10000 5000 0.000932
100 10000 5000 0.000903
100 10000 5000 0.000922
100 10000 5000 0.000897
100 10000 5000 0.000901
100 10000 5000 0.004057
100 10000 5000 0.000922
100 10000 5000 0.000892
100 10000 5000 0.000902
100 10000 5000 0.000903
100 10000 5000 0.000893
100 10000 5000 0.000883
100 10000 5000 0.000904
100 10000 5000 0.000919
100 10000 5000 0.000898
100 10000 5000 0.000897
100 10000 5000 0.000877
100 10000 5000 0.000883
100 10000 5000 0.000882
100 10000 5000 0.000884
100 10000 5000 0.000882
100 10000 5000 0.000878
100 10000 5000 0.000912
100 10000 5000 0.000891
100 10000 5000 0.000900
100 10000 5000 0.000908
100 10000 5000 0.000902
100 10000 5000 0.000905
100 10000 5000 0.000891
100 10000 5000 0.000901
100 10000 5000 0.000895
100 10000 5000 0.000891
100 10000 5000 0.000899
100 10000 5000 0.000898
