10 10000 5000 0.000104
10 10000 5000 0.000096
10 10000 5000 0.000087
10 10000 5000 0.000087
10 10000 5000 0.000087
10 10000 5000 0.000087
10 10000 5000 0.000087
10 10000 5000 0.000087
10 10000 5000 0.000087
10 10000 5000 0.000088
10 10000 5000 0.000087
10 10000 5000 0.000087
10 10000 5000 0.000087
10 10000 5000 0.000087
10 10000 5000 0.000087
10 10000 5000 0.000087
10 10000 5000 0.000087
10 10000 5000 0.000087
10 10000 5000 0.000087
10 10000 5000 0.000087
10 10000 5000 0.000089
10 10000 5000 0.000087
10 10000 5000 0.000087
10 10000 5000 0.000087
10 10000 5000 0.000087
10 10000 5000 0.000087
10 10000 5000 0.000087
10 10000 5000 0.000087
10 10000 5000 0.000087
10 10000 5000 0.000087
10 10000 5000 0.000087
10 10000 5000 0.000087
10 10000 5000 0.000087
10 10000 5000 0.000087
10 10000 5000 0.000087
10 10000 5000 0.000087
10 10000 5000 0.000087
50 10000 5000 0.000487
50 10000 5000 0.000479
50 10000 5000 0.000470
50 10000 5000 0.000465
50 10000 5000 0.000472
50 10000 5000 0.000420
50 10000 5000 0.000470
50 10000 5000 0.000466
50 10000 5000 0.002018
50 10000 5000 0.000470
50 10000 5000 0.000471
50 10000 5000 0.000471
50 10000 5000 0.000421
50 10000 5000 0.000432
50 10000 5000 0.000472
50 10000 5000 0.000467
50 10000 5000 0.000477
50 10000 5000 0.000466
50 10000 5000 0.000470
50 10000 5000 0.000471
50 10000 5000 0.000470
50 10000 5000 0.000477
50 10000 5000 0.000472
50 10000 5000 0.000468
50 10000 5000 0.000471
50 10000 5000 0.000470
50 10000 5000 0.000469
50 10000 5000 0.000471
50 10000 5000 0.000469
50 10000 5000 0.000468
50 10000 5000 0.000469
50 10000 5000 0.000467
50 10000 5000 0.000467
50 10000 5000 0.000466
50 10000 5000 0.000478
50 10000 5000 0.000466
50 10000 5000 0.000470
50 10000 5000 0.000466
50 10000 5000 0.000467
50 10000 5000 0.000465
50 10000 5000 0.000469
50 10000 5000 0.000466
50 10000 5000 0.000468
50 10000 5000 0.000422
50 10000 5000 0.000468
50 10000 5000 0.000471
50 10000 5000 0.000468
50 10000 5000 0.000426
50 10000 5000 0.000421
50 10000 5000 0.000466
50 10000 5000 0.000467
50 10000 5000 0.000467
50 10000 5000 0.000466
50 10000 5000 0.000465
50 10000 5000 0.000467
50 10000 5000 0.000470
50 10000 5000 0.000465
50 10000 5000 0.000467
50 10000 5000 0.000471
50 10000 5000 0.000475
50 10000 5000 0.000471
50 10000 5000 0.000467
50 10000 5000 0.000468
50 10000 5000 0.000465
50 10000 5000 0.000467
50 10000 5000 0.000469
50 10000 5000 0.000467
50 10000 5000 0.000469
50 10000 5000 0.000468
100 10000 5000 0.000984
100 10000 5000 0.000947
100 10000 5000 0.000913
100 10000 5000 0.000945
100 10000 5000 0.000919
100 10000 5000 0.000935
100 10000 5000 0.000918
100 10000 5000 0.000921
100 10000 5000 0.000941
100 10000 5000 0.000921
100 10000 5000 0.000912
100 10000 5000 0.000909
100 10000 5000 0.000946
100 10000 5000 0.000931
100 10000 5000 0.000907
100 10000 5000 0.000933
100 10000 5000 0.000930
100 10000 5000 0.000916
100 10000 5000 0.000923
100 10000 5000 0.000954
100 10000 5000 0.000916
100 10000 5000 0.000933
100 10000 5000 0.000896
100 10000 5000 0.004828
100 10000 5000 0.000917
100 10000 5000 0.000902
100 10000 5000 0.000922
100 10000 5000 0.000908
100 10000 5000 0.000931
100 10000 5000 0.000909
100 10000 5000 0.000896
100 10000 5000 0.000918
100 10000 5000 0.000938
100 10000 5000 0.000907
100 10000 5000 0.000916
100 10000 5000 0.000909
100 10000 5000 0.000906
100 10000 5000 0.000940
100 10000 5000 0.000913
100 10000 5000 0.000944
100 10000 5000 0.000929
100 10000 5000 0.000910
100 10000 5000 0.000903
100 10000 5000 0.000921
100 10000 5000 0.000919
100 10000 5000 0.000910
100 10000 5000 0.001009
100 10000 5000 0.000910
100 10000 5000 0.000920
100 10000 5000 0.000922
100 10000 5000 0.000918
100 10000 5000 0.002795
100 10000 5000 0.000924
100 10000 5000 0.000922
100 10000 5000 0.000935
100 10000 5000 0.004538
100 10000 5000 0.000969
100 10000 5000 0.000941
100 10000 5000 0.000900
100 10000 5000 0.000922
100 10000 5000 0.000922
100 10000 5000 0.000911
100 10000 5000 0.000909
100 10000 5000 0.000912
100 10000 5000 0.000919
100 10000 5000 0.000910
100 10000 5000 0.000911
100 10000 5000 0.000884
100 10000 5000 0.000886
100 10000 5000 0.000891
100 10000 5000 0.000884
100 10000 5000 0.000882
100 10000 5000 0.000898
100 10000 5000 0.000908
100 10000 5000 0.000917
100 10000 5000 0.000901
100 10000 5000 0.000910
100 10000 5000 0.000909
100 10000 5000 0.000902
100 10000 5000 0.000899
100 10000 5000 0.000894
100 10000 5000 0.000922
100 10000 5000 0.000902
100 10000 5000 0.000928
100 10000 5000 0.000911
