10 10000 5000 0.000107
10 10000 5000 0.000098
10 10000 5000 0.000087
10 10000 5000 0.000087
10 10000 5000 0.000087
10 10000 5000 0.000087
10 10000 5000 0.000089
10 10000 5000 0.000088
10 10000 5000 0.000087
10 10000 5000 0.000088
10 10000 5000 0.000087
10 10000 5000 0.000087
10 10000 5000 0.000087
10 10000 5000 0.000088
10 10000 5000 0.000088
10 10000 5000 0.000087
10 10000 5000 0.000088
10 10000 5000 0.000088
10 10000 5000 0.000087
10 10000 5000 0.000087
10 10000 5000 0.000087
10 10000 5000 0.000089
10 10000 5000 0.000087
10 10000 5000 0.000087
10 10000 5000 0.000087
10 10000 5000 0.000087
10 10000 5000 0.000087
10 10000 5000 0.002510
10 10000 5000 0.000088
10 10000 5000 0.000089
10 10000 5000 0.000087
10 10000 5000 0.000087
10 10000 5000 0.000087
10 10000 5000 0.000087
10 10000 5000 0.000087
10 10000 5000 0.000087
10 10000 5000 0.000087
50 10000 5000 0.000489
50 10000 5000 0.000490
50 10000 5000 0.004203
50 10000 5000 0.000472
50 10000 5000 0.000464
50 10000 5000 0.000466
50 10000 5000 0.000471
50 10000 5000 0.000467
50 10000 5000 0.000478
50 10000 5000 0.000469
50 10000 5000 0.000422
50 10000 5000 0.000468
50 10000 5000 0.000467
50 10000 5000 0.000468
50 10000 5000 0.000470
50 10000 5000 0.000476
50 10000 5000 0.000466
50 10000 5000 0.000466
50 10000 5000 0.000468
50 10000 5000 0.000467
50 10000 5000 0.000474
50 10000 5000 0.000471
50 10000 5000 0.000475
50 10000 5000 0.000471
50 10000 5000 0.000476
50 10000 5000 0.000467
50 10000 5000 0.000468
50 10000 5000 0.000420
50 10000 5000 0.000466
50 10000 5000 0.000469
50 10000 5000 0.000466
50 10000 5000 0.000470
50 10000 5000 0.000469
50 10000 5000 0.000470
50 10000 5000 0.000465
50 10000 5000 0.000467
50 10000 5000 0.000474
50 10000 5000 0.001666
50 10000 5000 0.000470
50 10000 5000 0.000466
50 10000 5000 0.000466
50 10000 5000 0.000419
50 10000 5000 0.000471
50 10000 5000 0.000469
50 10000 5000 0.000469
50 10000 5000 0.000471
50 10000 5000 0.000468
50 10000 5000 0.000473
50 10000 5000 0.000466
50 10000 5000 0.000470
50 10000 5000 0.000467
50 10000 5000 0.000466
50 10000 5000 0.000480
50 10000 5000 0.000467
50 10000 5000 0.000468
50 10000 5000 0.000467
50 10000 5000 0.000464
50 10000 5000 0.000467
50 10000 5000 0.000467
50 10000 5000 0.000471
50 10000 5000 0.000474
50 10000 5000 0.000469
50 10000 5000 0.000474
50 10000 5000 0.000466
50 10000 5000 0.000464
50 10000 5000 0.000466
50 10000 5000 0.000468
50 10000 5000 0.000473
50 10000 5000 0.000469
50 10000 5000 0.000465
50 10000 5000 0.000471
50 10000 5000 0.000423
50 10000 5000 0.000474
50 10000 5000 0.000474
50 10000 5000 0.000464
50 10000 5000 0.000467
50 10000 5000 0.000428
50 10000 5000 0.000469
50 10000 5000 0.000466
50 10000 5000 0.000467
50 10000 5000 0.000469
50 10000 5000 0.000468
100 10000 5000 0.001000
100 10000 5000 0.000963
100 10000 5000 0.002100
100 10000 5000 0.000926
100 10000 5000 0.000923
100 10000 5000 0.000926
100 10000 5000 0.000959
100 10000 5000 0.000948
100 10000 5000 0.000926
100 10000 5000 0.000929
100 10000 5000 0.000930
100 10000 5000 0.000903
100 10000 5000 0.000969
100 10000 5000 0.000918
100 10000 5000 0.001017
100 10000 5000 0.000919
100 10000 5000 0.001028
100 10000 5000 0.000948
100 10000 5000 0.000930
100 10000 5000 0.000917
100 10000 5000 0.000905
100 10000 5000 0.000930
100 10000 5000 0.000938
100 10000 5000 0.000918
100 10000 5000 0.000919
100 10000 5000 0.005973
100 10000 5000 0.000897
100 10000 5000 0.000896
100 10000 5000 0.000911
100 10000 5000 0.000918
100 10000 5000 0.000949
100 10000 5000 0.000908
100 10000 5000 0.000902
100 10000 5000 0.001017
100 10000 5000 0.000907
100 10000 5000 0.000908
100 10000 5000 0.000918
100 10000 5000 0.000894
100 10000 5000 0.001016
100 10000 5000 0.000961
100 10000 5000 0.000972
100 10000 5000 0.000901
100 10000 5000 0.000899
100 10000 5000 0.010491
100 10000 5000 0.000901
100 10000 5000 0.000899
100 10000 5000 0.000916
100 10000 5000 0.000915
100 10000 5000 0.002146
100 10000 5000 0.000920
100 10000 5000 0.000900
100 10000 5000 0.010316
100 10000 5000 0.000907
100 10000 5000 0.000902
100 10000 5000 0.000920
100 10000 5000 0.000902
100 10000 5000 0.000908
100 10000 5000 0.000902
100 10000 5000 0.000925
100 10000 5000 0.000942
100 10000 5000 0.002614
100 10000 5000 0.000894
100 10000 5000 0.000961
100 10000 5000 0.000893
100 10000 5000 0.000897
100 10000 5000 0.000926
100 10000 5000 0.000900
100 10000 5000 0.002105
100 10000 5000 0.000901
100 10000 5000 0.000908
100 10000 5000 0.000891
100 10000 5000 0.000925
100 10000 5000 0.000907
100 10000 5000 0.000900
100 10000 5000 0.000900
100 10000 5000 0.000920
100 10000 5000 0.000910
100 10000 5000 0.000894
100 10000 5000 0.000923
100 10000 5000 0.000910
100 10000 5000 0.000917
100 10000 5000 0.000939
100 10000 5000 0.000900
100 10000 5000 0.000914
100 10000 5000 0.000908
100 10000 5000 0.000898
100 10000 5000 0.000920
100 10000 5000 0.000896
100 10000 5000 0.000902
100 10000 5000 0.000949
100 10000 5000 0.000907
100 10000 5000 0.000888
