10 10000 5000 0.000068
10 10000 5000 0.000043
10 10000 5000 0.000043
10 10000 5000 0.000039
10 10000 5000 0.000040
10 10000 5000 0.000042
10 10000 5000 0.000035
10 10000 5000 0.000036
10 10000 5000 0.000037
10 10000 5000 0.000037
10 10000 5000 0.000038
10 10000 5000 0.000037
10 10000 5000 0.000038
10 10000 5000 0.000037
10 10000 5000 0.000038
10 10000 5000 0.000036
10 10000 5000 0.000036
10 10000 5000 0.000037
10 10000 5000 0.000035
10 10000 5000 0.000035
10 10000 5000 0.000038
10 10000 5000 0.000037
10 10000 5000 0.000035
10 10000 5000 0.000036
10 10000 5000 0.000036
10 10000 5000 0.000036
10 10000 5000 0.000035
10 10000 5000 0.000035
10 10000 5000 0.000038
10 10000 5000 0.000038
10 10000 5000 0.000036
10 10000 5000 0.000039
10 10000 5000 0.000035
10 10000 5000 0.000038
10 10000 5000 0.000038
10 10000 5000 0.000035
10 10000 5000 0.000039
50 10000 5000 0.000334
50 10000 5000 0.000148
50 10000 5000 0.000150
50 10000 5000 0.000135
50 10000 5000 0.000149
50 10000 5000 0.000143
50 10000 5000 0.000149
50 10000 5000 0.000145
50 10000 5000 0.000142
50 10000 5000 0.000136
50 10000 5000 0.000124
50 10000 5000 0.000140
50 10000 5000 0.000150
50 10000 5000 0.000140
50 10000 5000 0.000148
50 10000 5000 0.000141
50 10000 5000 0.000139
50 10000 5000 0.000146
50 10000 5000 0.000144
50 10000 5000 0.000135
50 10000 5000 0.000140
50 10000 5000 0.000140
50 10000 5000 0.000143
50 10000 5000 0.000132
50 10000 5000 0.000144
50 10000 5000 0.000133
50 10000 5000 0.000146
50 10000 5000 0.000143
50 10000 5000 0.000145
50 10000 5000 0.000146
50 10000 5000 0.000138
50 10000 5000 0.000140
50 10000 5000 0.000143
50 10000 5000 0.000141
50 10000 5000 0.000137
50 10000 5000 0.000133
50 10000 5000 0.000138
50 10000 5000 0.000142
50 10000 5000 0.000151
50 10000 5000 0.000142
50 10000 5000 0.000127
50 10000 5000 0.000153
50 10000 5000 0.000144
50 10000 5000 0.000143
50 10000 5000 0.000143
50 10000 5000 0.000142
50 10000 5000 0.000143
50 10000 5000 0.000141
50 10000 5000 0.000135
50 10000 5000 0.000133
50 10000 5000 0.000138
50 10000 5000 0.000146
50 10000 5000 0.000136
50 10000 5000 0.000148
50 10000 5000 0.000145
50 10000 5000 0.000148
50 10000 5000 0.000151
50 10000 5000 0.000144
50 10000 5000 0.000146
50 10000 5000 0.000143
50 10000 5000 0.000135
50 10000 5000 0.000137
50 10000 5000 0.000144
50 10000 5000 0.000142
50 10000 5000 0.000146
50 10000 5000 0.000143
50 10000 5000 0.000145
50 10000 5000 0.000138
50 10000 5000 0.000140
50 10000 5000 0.000142
50 10000 5000 0.000149
100 10000 5000 0.000628
100 10000 5000 0.000233
100 10000 5000 0.000256
100 10000 5000 0.000246
100 10000 5000 0.000246
100 10000 5000 0.000220
100 10000 5000 0.000243
100 10000 5000 0.000259
100 10000 5000 0.000278
100 10000 5000 0.000222
100 10000 5000 0.000209
100 10000 5000 0.000229
100 10000 5000 0.000238
100 10000 5000 0.000276
100 10000 5000 0.000262
100 10000 5000 0.000251
100 10000 5000 0.000267
100 10000 5000 0.000260
100 10000 5000 0.000230
100 10000 5000 0.000234
100 10000 5000 0.000216
100 10000 5000 0.000265
100 10000 5000 0.000251
100 10000 5000 0.000268
100 10000 5000 0.000223
100 10000 5000 0.000237
100 10000 5000 0.000267
100 10000 5000 0.000239
100 10000 5000 0.000240
100 10000 5000 0.000243
100 10000 5000 0.000207
100 10000 5000 0.000285
100 10000 5000 0.000229
100 10000 5000 0.000272
100 10000 5000 0.001432
100 10000 5000 0.000232
100 10000 5000 0.000286
100 10000 5000 0.000261
100 10000 5000 0.000259
100 10000 5000 0.000226
100 10000 5000 0.000198
100 10000 5000 0.000222
100 10000 5000 0.000266
100 10000 5000 0.000284
100 10000 5000 0.000244
100 10000 5000 0.000235
100 10000 5000 0.000249
100 10000 5000 0.000237
100 10000 5000 0.000288
100 10000 5000 0.000254
100 10000 5000 0.000212
100 10000 5000 0.000219
100 10000 5000 0.000232
100 10000 5000 0.000282
100 10000 5000 0.000256
100 10000 5000 0.000218
100 10000 5000 0.000242
100 10000 5000 0.000288
100 10000 5000 0.000216
100 10000 5000 0.000244
100 10000 5000 0.000218
100 10000 5000 0.000247
100 10000 5000 0.000220
100 10000 5000 0.000232
100 10000 5000 0.000236
100 10000 5000 0.000225
100 10000 5000 0.000215
100 10000 5000 0.000258
100 10000 5000 0.000247
100 10000 5000 0.000220
100 10000 5000 0.000205
100 10000 5000 0.000306
100 10000 5000 0.000236
100 10000 5000 0.000207
100 10000 5000 0.000206
100 10000 5000 0.000212
100 10000 5000 0.000203
100 10000 5000 0.000201
100 10000 5000 0.000200
100 10000 5000 0.000213
100 10000 5000 0.000199
100 10000 5000 0.000283
100 10000 5000 0.000218
100 10000 5000 0.000227
100 10000 5000 0.000235
100 10000 5000 0.000223
100 10000 5000 0.000222
100 10000 5000 0.000234
100 10000 5000 0.000224
100 10000 5000 0.000221
100 10000 5000 0.000212
100 10000 5000 0.000237
100 10000 5000 0.000229
