10 10000 5000 0.000068
10 10000 5000 0.000030
10 10000 5000 0.000037
10 10000 5000 0.000037
10 10000 5000 0.000037
10 10000 5000 0.000036
10 10000 5000 0.000038
10 10000 5000 0.000037
10 10000 5000 0.000037
10 10000 5000 0.000034
10 10000 5000 0.000036
10 10000 5000 0.000036
10 10000 5000 0.000035
10 10000 5000 0.000037
10 10000 5000 0.000036
10 10000 5000 0.000035
10 10000 5000 0.000039
10 10000 5000 0.000036
10 10000 5000 0.000035
10 10000 5000 0.000036
10 10000 5000 0.000037
10 10000 5000 0.000033
10 10000 5000 0.000035
10 10000 5000 0.000034
10 10000 5000 0.000032
10 10000 5000 0.000026
10 10000 5000 0.000038
10 10000 5000 0.000037
10 10000 5000 0.000036
10 10000 5000 0.000033
10 10000 5000 0.000037
10 10000 5000 0.000036
10 10000 5000 0.000037
10 10000 5000 0.000036
10 10000 5000 0.000037
10 10000 5000 0.000036
10 10000 5000 0.000037
50 10000 5000 0.000352
50 10000 5000 0.000124
50 10000 5000 0.000151
50 10000 5000 0.001266
50 10000 5000 0.000144
50 10000 5000 0.000143
50 10000 5000 0.000153
50 10000 5000 0.000154
50 10000 5000 0.000144
50 10000 5000 0.000141
50 10000 5000 0.000156
50 10000 5000 0.000149
50 10000 5000 0.000154
50 10000 5000 0.000141
50 10000 5000 0.000141
50 10000 5000 0.000145
50 10000 5000 0.000143
50 10000 5000 0.000145
50 10000 5000 0.000143
50 10000 5000 0.000134
50 10000 5000 0.000144
50 10000 5000 0.000152
50 10000 5000 0.000141
50 10000 5000 0.000146
50 10000 5000 0.000141
50 10000 5000 0.000147
50 10000 5000 0.000143
50 10000 5000 0.000135
50 10000 5000 0.000151
50 10000 5000 0.000140
50 10000 5000 0.000139
50 10000 5000 0.000142
50 10000 5000 0.000141
50 10000 5000 0.000138
50 10000 5000 0.000141
50 10000 5000 0.000135
50 10000 5000 0.000137
50 10000 5000 0.000141
50 10000 5000 0.000139
50 10000 5000 0.000143
50 10000 5000 0.000142
50 10000 5000 0.000144
50 10000 5000 0.000137
50 10000 5000 0.000139
50 10000 5000 0.000150
50 10000 5000 0.000142
50 10000 5000 0.000144
50 10000 5000 0.000142
50 10000 5000 0.000137
50 10000 5000 0.000135
50 10000 5000 0.000140
50 10000 5000 0.000143
50 10000 5000 0.000137
50 10000 5000 0.000141
50 10000 5000 0.000142
50 10000 5000 0.000141
50 10000 5000 0.000137
50 10000 5000 0.000137
50 10000 5000 0.000144
50 10000 5000 0.000149
50 10000 5000 0.000150
50 10000 5000 0.000148
50 10000 5000 0.000145
50 10000 5000 0.000147
50 10000 5000 0.000141
50 10000 5000 0.000140
50 10000 5000 0.000139
50 10000 5000 0.000145
50 10000 5000 0.000146
100 10000 5000 0.000530
100 10000 5000 0.000229
100 10000 5000 0.000269
100 10000 5000 0.000282
100 10000 5000 0.000227
100 10000 5000 0.000227
100 10000 5000 0.000232
100 10000 5000 0.000256
100 10000 5000 0.000257
100 10000 5000 0.000285
100 10000 5000 0.000218
100 10000 5000 0.000263
100 10000 5000 0.000261
100 10000 5000 0.000226
100 10000 5000 0.000288
100 10000 5000 0.000228
100 10000 5000 0.000227
100 10000 5000 0.000246
100 10000 5000 0.000254
100 10000 5000 0.000252
100 10000 5000 0.000221
100 10000 5000 0.000243
100 10000 5000 0.001449
100 10000 5000 0.000259
100 10000 5000 0.000219
100 10000 5000 0.000282
100 10000 5000 0.000231
100 10000 5000 0.000301
100 10000 5000 0.000280
100 10000 5000 0.000230
100 10000 5000 0.000217
100 10000 5000 0.000219
100 10000 5000 0.000220
100 10000 5000 0.000274
100 10000 5000 0.000220
100 10000 5000 0.000279
100 10000 5000 0.000232
100 10000 5000 0.000238
100 10000 5000 0.000256
100 10000 5000 0.000226
100 10000 5000 0.000275
100 10000 5000 0.000223
100 10000 5000 0.000243
100 10000 5000 0.000241
100 10000 5000 0.000215
100 10000 5000 0.000247
100 10000 5000 0.000254
100 10000 5000 0.000241
100 10000 5000 0.000256
100 10000 5000 0.000256
100 10000 5000 0.000213
100 10000 5000 0.000248
100 10000 5000 0.000247
100 10000 5000 0.000215
100 10000 5000 0.000239
100 10000 5000 0.000295
100 10000 5000 0.000233
100 10000 5000 0.000243
100 10000 5000 0.000274
100 10000 5000 0.000241
100 10000 5000 0.000234
100 10000 5000 0.000235
100 10000 5000 0.000220
100 10000 5000 0.000223
100 10000 5000 0.000221
100 10000 5000 0.000218
100 10000 5000 0.000211
100 10000 5000 0.000213
100 10000 5000 0.000204
100 10000 5000 0.000217
100 10000 5000 0.000214
100 10000 5000 0.000208
100 10000 5000 0.000209
100 10000 5000 0.000284
100 10000 5000 0.000258
100 10000 5000 0.000239
100 10000 5000 0.000251
100 10000 5000 0.000222
100 10000 5000 0.000243
100 10000 5000 0.000248
100 10000 5000 0.000226
100 10000 5000 0.000273
100 10000 5000 0.000221
100 10000 5000 0.000293
100 10000 5000 0.000233
