10 10000 5000 0.000068
10 10000 5000 0.000041
10 10000 5000 0.001319
10 10000 5000 0.000041
10 10000 5000 0.000038
10 10000 5000 0.000035
10 10000 5000 0.000037
10 10000 5000 0.000038
10 10000 5000 0.000036
10 10000 5000 0.000037
10 10000 5000 0.000042
10 10000 5000 0.000036
10 10000 5000 0.000036
10 10000 5000 0.000035
10 10000 5000 0.000038
10 10000 5000 0.000036
10 10000 5000 0.000034
10 10000 5000 0.000034
10 10000 5000 0.000035
10 10000 5000 0.000034
10 10000 5000 0.000034
10 10000 5000 0.000034
10 10000 5000 0.001242
10 10000 5000 0.000034
10 10000 5000 0.000035
10 10000 5000 0.000036
10 10000 5000 0.000036
10 10000 5000 0.000037
10 10000 5000 0.000035
10 10000 5000 0.000039
10 10000 5000 0.000034
10 10000 5000 0.000037
10 10000 5000 0.000038
10 10000 5000 0.000039
10 10000 5000 0.000039
10 10000 5000 0.000038
10 10000 5000 0.000039
50 10000 5000 0.000368
50 10000 5000 0.000120
50 10000 5000 0.000141
50 10000 5000 0.000162
50 10000 5000 0.000135
50 10000 5000 0.000144
50 10000 5000 0.000151
50 10000 5000 0.000140
50 10000 5000 0.000143
50 10000 5000 0.000143
50 10000 5000 0.000152
50 10000 5000 0.000136
50 10000 5000 0.000140
50 10000 5000 0.000140
50 10000 5000 0.000141
50 10000 5000 0.000139
50 10000 5000 0.000145
50 10000 5000 0.000136
50 10000 5000 0.000140
50 10000 5000 0.000141
50 10000 5000 0.000153
50 10000 5000 0.000141
50 10000 5000 0.000139
50 10000 5000 0.000140
50 10000 5000 0.000146
50 10000 5000 0.000143
50 10000 5000 0.000142
50 10000 5000 0.000136
50 10000 5000 0.000136
50 10000 5000 0.000136
50 10000 5000 0.000127
50 10000 5000 0.000113
50 10000 5000 0.000138
50 10000 5000 0.000131
50 10000 5000 0.000128
50 10000 5000 0.000132
50 10000 5000 0.000132
50 10000 5000 0.000136
50 10000 5000 0.000129
50 10000 5000 0.000140
50 10000 5000 0.000138
50 10000 5000 0.000149
50 10000 5000 0.000138
50 10000 5000 0.000139
50 10000 5000 0.000143
50 10000 5000 0.000140
50 10000 5000 0.000135
50 10000 5000 0.000129
50 10000 5000 0.000131
50 10000 5000 0.000138
50 10000 5000 0.000141
50 10000 5000 0.000135
50 10000 5000 0.000141
50 10000 5000 0.000137
50 10000 5000 0.000146
50 10000 5000 0.000145
50 10000 5000 0.000140
50 10000 5000 0.000133
50 10000 5000 0.000157
50 10000 5000 0.000135
50 10000 5000 0.000141
50 10000 5000 0.000136
50 10000 5000 0.000139
50 10000 5000 0.000140
50 10000 5000 0.000149
50 10000 5000 0.000145
50 10000 5000 0.000137
100 10000 5000 0.000709
100 10000 5000 0.000304
100 10000 5000 0.000262
100 10000 5000 0.000241
100 10000 5000 0.000244
100 10000 5000 0.000256
100 10000 5000 0.000232
100 10000 5000 0.000226
100 10000 5000 0.000260
100 10000 5000 0.000224
100 10000 5000 0.000198
100 10000 5000 0.000232
100 10000 5000 0.000239
100 10000 5000 0.000242
100 10000 5000 0.000222
100 10000 5000 0.000220
100 10000 5000 0.000242
100 10000 5000 0.000230
100 10000 5000 0.000235
100 10000 5000 0.000231
100 10000 5000 0.000275
100 10000 5000 0.000222
100 10000 5000 0.000245
100 10000 5000 0.000223
100 10000 5000 0.000251
100 10000 5000 0.000227
100 10000 5000 0.000243
100 10000 5000 0.000248
100 10000 5000 0.000228
100 10000 5000 0.000291
100 10000 5000 0.000275
100 10000 5000 0.000278
100 10000 5000 0.000231
100 10000 5000 0.000221
100 10000 5000 0.000237
100 10000 5000 0.000231
100 10000 5000 0.000236
100 10000 5000 0.000221
100 10000 5000 0.000260
100 10000 5000 0.000222
100 10000 5000 0.000247
100 10000 5000 0.000224
100 10000 5000 0.000276
100 10000 5000 0.002126
100 10000 5000 0.000301
100 10000 5000 0.000224
100 10000 5000 0.000261
100 10000 5000 0.000242
100 10000 5000 0.000223
100 10000 5000 0.000279
100 10000 5000 0.000226
100 10000 5000 0.001442
100 10000 5000 0.000219
100 10000 5000 0.000283
100 10000 5000 0.000240
100 10000 5000 0.000235
100 10000 5000 0.000228
100 10000 5000 0.000262
100 10000 5000 0.000230
100 10000 5000 0.000219
100 10000 5000 0.000281
100 10000 5000 0.000276
100 10000 5000 0.000220
100 10000 5000 0.000234
100 10000 5000 0.000230
100 10000 5000 0.000239
100 10000 5000 0.000234
100 10000 5000 0.000220
100 10000 5000 0.000237
100 10000 5000 0.000252
100 10000 5000 0.000249
100 10000 5000 0.000250
100 10000 5000 0.000254
100 10000 5000 0.000241
100 10000 5000 0.000241
100 10000 5000 0.000227
100 10000 5000 0.000238
100 10000 5000 0.000260
100 10000 5000 0.000248
100 10000 5000 0.000230
100 10000 5000 0.000220
100 10000 5000 0.000226
100 10000 5000 0.000260
100 10000 5000 0.000279
100 10000 5000 0.000255
100 10000 5000 0.000231
100 10000 5000 0.000225
100 10000 5000 0.000237
100 10000 5000 0.000272
100 10000 5000 0.000251
100 10000 5000 0.000200
