10 10000 5000 0.005609
10 10000 5000 0.002639
10 10000 5000 0.007134
10 10000 5000 0.000357
10 10000 5000 0.000218
10 10000 5000 0.003706
10 10000 5000 0.000751
10 10000 5000 0.000207
10 10000 5000 0.006061
10 10000 5000 0.003603
10 10000 5000 0.006054
10 10000 5000 0.004029
10 10000 5000 0.003340
10 10000 5000 0.003467
10 10000 5000 0.004209
10 10000 5000 0.003367
10 10000 5000 0.003816
10 10000 5000 0.003923
10 10000 5000 0.006282
10 10000 5000 0.004459
10 10000 5000 0.005699
10 10000 5000 0.008976
10 10000 5000 0.002651
10 10000 5000 0.005813
10 10000 5000 0.002562
10 10000 5000 0.003015
10 10000 5000 0.002591
10 10000 5000 0.004013
10 10000 5000 0.003341
10 10000 5000 0.001098
10 10000 5000 0.003860
10 10000 5000 0.002538
10 10000 5000 0.000195
10 10000 5000 0.001586
10 10000 5000 0.002542
10 10000 5000 0.001389
10 10000 5000 0.004091
50 10000 5000 0.004023
50 10000 5000 0.004687
50 10000 5000 0.002790
50 10000 5000 0.002873
50 10000 5000 0.012900
50 10000 5000 0.006378
50 10000 5000 0.005517
50 10000 5000 0.005741
50 10000 5000 0.004778
50 10000 5000 0.006913
50 10000 5000 0.000217
50 10000 5000 0.004858
50 10000 5000 0.003271
50 10000 5000 0.000216
50 10000 5000 0.006829
50 10000 5000 0.002228
50 10000 5000 0.004064
50 10000 5000 0.006731
50 10000 5000 0.003183
50 10000 5000 0.000454
50 10000 5000 0.004677
50 10000 5000 0.005154
50 10000 5000 0.006520
50 10000 5000 0.006560
50 10000 5000 0.005230
50 10000 5000 0.001713
50 10000 5000 0.004527
50 10000 5000 0.001543
50 10000 5000 0.002204
50 10000 5000 0.005921
50 10000 5000 0.000217
50 10000 5000 0.004695
50 10000 5000 0.002970
50 10000 5000 0.002744
50 10000 5000 0.002899
50 10000 5000 0.001744
50 10000 5000 0.001455
50 10000 5000 0.003299
50 10000 5000 0.003758
50 10000 5000 0.005296
50 10000 5000 0.000212
50 10000 5000 0.011549
50 10000 5000 0.002839
50 10000 5000 0.006738
50 10000 5000 0.009553
50 10000 5000 0.002350
50 10000 5000 0.007830
50 10000 5000 0.005153
50 10000 5000 0.006254
50 10000 5000 0.003914
50 10000 5000 0.004083
50 10000 5000 0.002679
50 10000 5000 0.002202
50 10000 5000 0.004028
50 10000 5000 0.002830
50 10000 5000 0.006221
50 10000 5000 0.007197
50 10000 5000 0.005761
50 10000 5000 0.000521
50 10000 5000 0.002657
50 10000 5000 0.004600
50 10000 5000 0.002162
50 10000 5000 0.000267
50 10000 5000 0.000204
50 10000 5000 0.002975
50 10000 5000 0.001384
50 10000 5000 0.007985
50 10000 5000 0.002163
50 10000 5000 0.000934
50 10000 5000 0.003979
50 10000 5000 0.002898
100 10000 5000 0.012243
100 10000 5000 0.002942
100 10000 5000 0.004142
100 10000 5000 0.002780
100 10000 5000 0.004847
100 10000 5000 0.001668
100 10000 5000 0.005696
100 10000 5000 0.012111
100 10000 5000 0.009621
100 10000 5000 0.007395
100 10000 5000 0.001691
100 10000 5000 0.000226
100 10000 5000 0.007322
100 10000 5000 0.010796
100 10000 5000 0.007634
100 10000 5000 0.003956
100 10000 5000 0.009186
100 10000 5000 0.005306
100 10000 5000 0.004828
100 10000 5000 0.002691
100 10000 5000 0.001703
100 10000 5000 0.011432
100 10000 5000 0.000223
100 10000 5000 0.010047
100 10000 5000 0.000221
100 10000 5000 0.007208
100 10000 5000 0.011091
100 10000 5000 0.005034
100 10000 5000 0.003986
100 10000 5000 0.003941
100 10000 5000 0.001733
100 10000 5000 0.009217
100 10000 5000 0.003760
100 10000 5000 0.008698
100 10000 5000 0.002298
100 10000 5000 0.003332
100 10000 5000 0.008177
100 10000 5000 0.006791
100 10000 5000 0.009248
100 10000 5000 0.002749
100 10000 5000 0.001720
100 10000 5000 0.002664
100 10000 5000 0.009763
100 10000 5000 0.013827
100 10000 5000 0.004267
100 10000 5000 0.002655
100 10000 5000 0.007012
100 10000 5000 0.006226
100 10000 5000 0.009040
100 10000 5000 0.007509
100 10000 5000 0.001767
100 10000 5000 0.002748
100 10000 5000 0.005905
100 10000 5000 0.009858
100 10000 5000 0.006249
100 10000 5000 0.003923
100 10000 5000 0.005793
100 10000 5000 0.011645
100 10000 5000 0.000218
100 10000 5000 0.002685
100 10000 5000 0.001752
100 10000 5000 0.004701
100 10000 5000 0.001509
100 10000 5000 0.004948
100 10000 5000 0.002740
100 10000 5000 0.001988
100 10000 5000 0.001724
100 10000 5000 0.008653
100 10000 5000 0.005000
100 10000 5000 0.000212
100 10000 5000 0.001736
100 10000 5000 0.020252
100 10000 5000 0.001907
100 10000 5000 0.003369
100 10000 5000 0.003222
100 10000 5000 0.002742
100 10000 5000 0.002739
100 10000 5000 0.004490
100 10000 5000 0.001767
100 10000 5000 0.004509
100 10000 5000 0.002744
100 10000 5000 0.008654
100 10000 5000 0.000210
100 10000 5000 0.005310
100 10000 5000 0.004505
100 10000 5000 0.001718
100 10000 5000 0.002711
100 10000 5000 0.004105
100 10000 5000 0.001540
100 10000 5000 0.002743
100 10000 5000 0.002009
100 10000 5000 0.003557
100 10000 5000 0.002927
