10 10000 5000 0.005588
10 10000 5000 0.006495
10 10000 5000 0.009350
10 10000 5000 0.007820
10 10000 5000 0.007814
10 10000 5000 0.002754
10 10000 5000 0.002739
10 10000 5000 0.002738
10 10000 5000 0.002737
10 10000 5000 0.002738
10 10000 5000 0.002730
10 10000 5000 0.002712
10 10000 5000 0.002739
10 10000 5000 0.002715
10 10000 5000 0.002738
10 10000 5000 0.002736
10 10000 5000 0.002736
10 10000 5000 0.002737
10 10000 5000 0.002733
10 10000 5000 0.002746
10 10000 5000 0.002736
10 10000 5000 0.005135
10 10000 5000 0.005140
10 10000 5000 0.010052
10 10000 5000 0.000200
10 10000 5000 0.001970
10 10000 5000 0.004919
10 10000 5000 0.006192
10 10000 5000 0.003925
10 10000 5000 0.002671
10 10000 5000 0.000195
10 10000 5000 0.001682
10 10000 5000 0.004360
10 10000 5000 0.003020
10 10000 5000 0.004724
10 10000 5000 0.006309
10 10000 5000 0.004117
50 10000 5000 0.006010
50 10000 5000 0.000225
50 10000 5000 0.002774
50 10000 5000 0.002235
50 10000 5000 0.000951
50 10000 5000 0.000229
50 10000 5000 0.006274
50 10000 5000 0.002757
50 10000 5000 0.005181
50 10000 5000 0.003861
50 10000 5000 0.009285
50 10000 5000 0.003976
50 10000 5000 0.009849
50 10000 5000 0.007902
50 10000 5000 0.006473
50 10000 5000 0.008502
50 10000 5000 0.006862
50 10000 5000 0.004112
50 10000 5000 0.003818
50 10000 5000 0.002069
50 10000 5000 0.003356
50 10000 5000 0.009854
50 10000 5000 0.000467
50 10000 5000 0.010248
50 10000 5000 0.003942
50 10000 5000 0.007756
50 10000 5000 0.007838
50 10000 5000 0.000850
50 10000 5000 0.010256
50 10000 5000 0.002253
50 10000 5000 0.001452
50 10000 5000 0.005030
50 10000 5000 0.003363
50 10000 5000 0.003096
50 10000 5000 0.001558
50 10000 5000 0.002656
50 10000 5000 0.003355
50 10000 5000 0.005030
50 10000 5000 0.000213
50 10000 5000 0.000482
50 10000 5000 0.004451
50 10000 5000 0.005988
50 10000 5000 0.004123
50 10000 5000 0.004335
50 10000 5000 0.002688
50 10000 5000 0.007689
50 10000 5000 0.004924
50 10000 5000 0.004204
50 10000 5000 0.003618
50 10000 5000 0.000350
50 10000 5000 0.004028
50 10000 5000 0.005363
50 10000 5000 0.000961
50 10000 5000 0.001550
50 10000 5000 0.001420
50 10000 5000 0.002175
50 10000 5000 0.000204
50 10000 5000 0.002655
50 10000 5000 0.000209
50 10000 5000 0.002886
50 10000 5000 0.004527
50 10000 5000 0.000207
50 10000 5000 0.000204
50 10000 5000 0.002173
50 10000 5000 0.002131
50 10000 5000 0.002179
50 10000 5000 0.002173
50 10000 5000 0.005638
50 10000 5000 0.002633
100 10000 5000 0.001530
100 10000 5000 0.000477
100 10000 5000 0.006613
100 10000 5000 0.014905
100 10000 5000 0.002327
100 10000 5000 0.001740
100 10000 5000 0.001715
100 10000 5000 0.005615
100 10000 5000 0.004310
100 10000 5000 0.013285
100 10000 5000 0.001762
100 10000 5000 0.010472
100 10000 5000 0.010217
100 10000 5000 0.001829
100 10000 5000 0.013713
100 10000 5000 0.003893
100 10000 5000 0.001710
100 10000 5000 0.003772
100 10000 5000 0.006352
100 10000 5000 0.006381
100 10000 5000 0.002670
100 10000 5000 0.003897
100 10000 5000 0.004103
100 10000 5000 0.010579
100 10000 5000 0.000220
100 10000 5000 0.005216
100 10000 5000 0.001539
100 10000 5000 0.012020
100 10000 5000 0.006413
100 10000 5000 0.001549
100 10000 5000 0.001047
100 10000 5000 0.000220
100 10000 5000 0.001454
100 10000 5000 0.005754
100 10000 5000 0.002748
100 10000 5000 0.011118
100 10000 5000 0.003411
100 10000 5000 0.001622
100 10000 5000 0.005839
100 10000 5000 0.003860
100 10000 5000 0.015636
100 10000 5000 0.003633
100 10000 5000 0.004997
100 10000 5000 0.003887
100 10000 5000 0.001517
100 10000 5000 0.008209
100 10000 5000 0.005260
100 10000 5000 0.003886
100 10000 5000 0.013074
100 10000 5000 0.005815
100 10000 5000 0.003421
100 10000 5000 0.003936
100 10000 5000 0.006350
100 10000 5000 0.002253
100 10000 5000 0.002746
100 10000 5000 0.011041
100 10000 5000 0.006467
100 10000 5000 0.005613
100 10000 5000 0.006243
100 10000 5000 0.005578
100 10000 5000 0.004375
100 10000 5000 0.002679
100 10000 5000 0.002659
100 10000 5000 0.002728
100 10000 5000 0.003278
100 10000 5000 0.002744
100 10000 5000 0.001461
100 10000 5000 0.001543
100 10000 5000 0.001540
100 10000 5000 0.003273
100 10000 5000 0.003695
100 10000 5000 0.001863
100 10000 5000 0.001545
100 10000 5000 0.008352
100 10000 5000 0.005148
100 10000 5000 0.001711
100 10000 5000 0.007652
100 10000 5000 0.000210
100 10000 5000 0.004507
100 10000 5000 0.005852
100 10000 5000 0.003481
100 10000 5000 0.010293
100 10000 5000 0.001709
100 10000 5000 0.013468
100 10000 5000 0.005158
