10 10000 5000 0.005603
10 10000 5000 0.006707
10 10000 5000 0.004858
10 10000 5000 0.002623
10 10000 5000 0.000476
10 10000 5000 0.000390
10 10000 5000 0.001376
10 10000 5000 0.011243
10 10000 5000 0.000702
10 10000 5000 0.005541
10 10000 5000 0.005293
10 10000 5000 0.005916
10 10000 5000 0.003940
10 10000 5000 0.002166
10 10000 5000 0.008429
10 10000 5000 0.007296
10 10000 5000 0.004081
10 10000 5000 0.001768
10 10000 5000 0.003116
10 10000 5000 0.002734
10 10000 5000 0.002736
10 10000 5000 0.002608
10 10000 5000 0.000199
10 10000 5000 0.000202
10 10000 5000 0.000204
10 10000 5000 0.000208
10 10000 5000 0.004340
10 10000 5000 0.003080
10 10000 5000 0.003691
10 10000 5000 0.004078
10 10000 5000 0.000196
10 10000 5000 0.006189
10 10000 5000 0.004297
10 10000 5000 0.002797
10 10000 5000 0.011493
10 10000 5000 0.005634
10 10000 5000 0.001129
50 10000 5000 0.007298
50 10000 5000 0.002771
50 10000 5000 0.003883
50 10000 5000 0.014205
50 10000 5000 0.006700
50 10000 5000 0.006981
50 10000 5000 0.010976
50 10000 5000 0.004110
50 10000 5000 0.003912
50 10000 5000 0.004453
50 10000 5000 0.014891
50 10000 5000 0.002187
50 10000 5000 0.000649
50 10000 5000 0.004256
50 10000 5000 0.004543
50 10000 5000 0.002681
50 10000 5000 0.008547
50 10000 5000 0.003791
50 10000 5000 0.003950
50 10000 5000 0.002749
50 10000 5000 0.011182
50 10000 5000 0.000218
50 10000 5000 0.000214
50 10000 5000 0.000846
50 10000 5000 0.006970
50 10000 5000 0.007282
50 10000 5000 0.009782
50 10000 5000 0.005813
50 10000 5000 0.005423
50 10000 5000 0.005147
50 10000 5000 0.002906
50 10000 5000 0.001546
50 10000 5000 0.003177
50 10000 5000 0.002198
50 10000 5000 0.002160
50 10000 5000 0.003375
50 10000 5000 0.003846
50 10000 5000 0.002215
50 10000 5000 0.002165
50 10000 5000 0.007848
50 10000 5000 0.000217
50 10000 5000 0.007549
50 10000 5000 0.000555
50 10000 5000 0.012709
50 10000 5000 0.008991
50 10000 5000 0.003705
50 10000 5000 0.002779
50 10000 5000 0.002692
50 10000 5000 0.002678
50 10000 5000 0.008568
50 10000 5000 0.002655
50 10000 5000 0.000219
50 10000 5000 0.005638
50 10000 5000 0.000883
50 10000 5000 0.011203
50 10000 5000 0.005040
50 10000 5000 0.001548
50 10000 5000 0.000959
50 10000 5000 0.006561
50 10000 5000 0.000210
50 10000 5000 0.005513
50 10000 5000 0.000210
50 10000 5000 0.002905
50 10000 5000 0.004754
50 10000 5000 0.003863
50 10000 5000 0.001146
50 10000 5000 0.000213
100 10000 5000 0.016526
100 10000 5000 0.018148
100 10000 5000 0.005146
100 10000 5000 0.004452
100 10000 5000 0.003152
100 10000 5000 0.005528
100 10000 5000 0.001463
100 10000 5000 0.000223
100 10000 5000 0.006802
100 10000 5000 0.001807
100 10000 5000 0.002753
100 10000 5000 0.008377
100 10000 5000 0.003936
100 10000 5000 0.005232
100 10000 5000 0.003267
100 10000 5000 0.002269
100 10000 5000 0.002748
100 10000 5000 0.002685
100 10000 5000 0.003705
100 10000 5000 0.006467
100 10000 5000 0.012113
100 10000 5000 0.001465
100 10000 5000 0.007621
100 10000 5000 0.002843
100 10000 5000 0.005321
100 10000 5000 0.002486
100 10000 5000 0.003414
100 10000 5000 0.006532
100 10000 5000 0.002746
100 10000 5000 0.012697
100 10000 5000 0.009392
100 10000 5000 0.006365
100 10000 5000 0.004112
100 10000 5000 0.002761
100 10000 5000 0.004792
100 10000 5000 0.000221
100 10000 5000 0.003562
100 10000 5000 0.002630
100 10000 5000 0.009237
100 10000 5000 0.001289
100 10000 5000 0.004839
100 10000 5000 0.001309
100 10000 5000 0.010551
100 10000 5000 0.003368
100 10000 5000 0.019654
100 10000 5000 0.000217
100 10000 5000 0.006309
100 10000 5000 0.003089
100 10000 5000 0.000229
100 10000 5000 0.009380
100 10000 5000 0.003076
100 10000 5000 0.002737
100 10000 5000 0.003575
100 10000 5000 0.012069
100 10000 5000 0.007120
100 10000 5000 0.003575
100 10000 5000 0.005158
100 10000 5000 0.012946
100 10000 5000 0.005426
100 10000 5000 0.002408
100 10000 5000 0.010749
100 10000 5000 0.010173
100 10000 5000 0.000215
100 10000 5000 0.005800
100 10000 5000 0.004403
100 10000 5000 0.004157
100 10000 5000 0.007309
100 10000 5000 0.000214
100 10000 5000 0.005904
100 10000 5000 0.008949
100 10000 5000 0.002741
100 10000 5000 0.002745
100 10000 5000 0.004653
100 10000 5000 0.001971
100 10000 5000 0.006754
100 10000 5000 0.002678
100 10000 5000 0.003749
100 10000 5000 0.007348
100 10000 5000 0.006695
100 10000 5000 0.000209
100 10000 5000 0.003033
100 10000 5000 0.001460
100 10000 5000 0.004878
100 10000 5000 0.006621
100 10000 5000 0.005413
100 10000 5000 0.001456
100 10000 5000 0.001771
100 10000 5000 0.006726
100 10000 5000 0.006186
100 10000 5000 0.007568
100 10000 5000 0.001721
