10 10000 5000 0.005230
10 10000 5000 0.002668
10 10000 5000 0.002169
10 10000 5000 0.000625
10 10000 5000 0.006548
10 10000 5000 0.004259
10 10000 5000 0.005549
10 10000 5000 0.005516
10 10000 5000 0.005808
10 10000 5000 0.006964
10 10000 5000 0.002741
10 10000 5000 0.010095
10 10000 5000 0.004487
10 10000 5000 0.003104
10 10000 5000 0.004651
10 10000 5000 0.004237
10 10000 5000 0.005192
10 10000 5000 0.003611
10 10000 5000 0.006223
10 10000 5000 0.004056
10 10000 5000 0.002561
10 10000 5000 0.004931
10 10000 5000 0.000197
10 10000 5000 0.003354
10 10000 5000 0.000608
10 10000 5000 0.000198
10 10000 5000 0.003762
10 10000 5000 0.005426
10 10000 5000 0.003065
10 10000 5000 0.007451
10 10000 5000 0.004350
10 10000 5000 0.003132
10 10000 5000 0.005497
10 10000 5000 0.002967
10 10000 5000 0.002725
10 10000 5000 0.002147
10 10000 5000 0.002683
50 10000 5000 0.005281
50 10000 5000 0.004547
50 10000 5000 0.004298
50 10000 5000 0.002914
50 10000 5000 0.006906
50 10000 5000 0.009115
50 10000 5000 0.010290
50 10000 5000 0.005168
50 10000 5000 0.007611
50 10000 5000 0.006140
50 10000 5000 0.000216
50 10000 5000 0.000216
50 10000 5000 0.002363
50 10000 5000 0.010750
50 10000 5000 0.004683
50 10000 5000 0.003535
50 10000 5000 0.011486
50 10000 5000 0.001495
50 10000 5000 0.003473
50 10000 5000 0.002845
50 10000 5000 0.005318
50 10000 5000 0.003859
50 10000 5000 0.004248
50 10000 5000 0.006796
50 10000 5000 0.006679
50 10000 5000 0.007096
50 10000 5000 0.009119
50 10000 5000 0.004100
50 10000 5000 0.002908
50 10000 5000 0.000213
50 10000 5000 0.002488
50 10000 5000 0.002069
50 10000 5000 0.002748
50 10000 5000 0.002881
50 10000 5000 0.001459
50 10000 5000 0.006299
50 10000 5000 0.002191
50 10000 5000 0.004702
50 10000 5000 0.002745
50 10000 5000 0.000216
50 10000 5000 0.004275
50 10000 5000 0.007728
50 10000 5000 0.006332
50 10000 5000 0.002746
50 10000 5000 0.011051
50 10000 5000 0.005941
50 10000 5000 0.002767
50 10000 5000 0.005693
50 10000 5000 0.003257
50 10000 5000 0.002071
50 10000 5000 0.004725
50 10000 5000 0.007608
50 10000 5000 0.002757
50 10000 5000 0.002756
50 10000 5000 0.003158
50 10000 5000 0.002657
50 10000 5000 0.002164
50 10000 5000 0.002173
50 10000 5000 0.002175
50 10000 5000 0.002159
50 10000 5000 0.002633
50 10000 5000 0.000208
50 10000 5000 0.002699
50 10000 5000 0.004175
50 10000 5000 0.003562
50 10000 5000 0.002167
50 10000 5000 0.004740
50 10000 5000 0.002728
50 10000 5000 0.002658
50 10000 5000 0.001492
50 10000 5000 0.002542
50 10000 5000 0.009216
50 10000 5000 0.006628
50 10000 5000 0.005141
50 10000 5000 0.002963
50 10000 5000 0.005118
50 10000 5000 0.005137
50 10000 5000 0.008913
50 10000 5000 0.000206
50 10000 5000 0.001460
50 10000 5000 0.002684
50 10000 5000 0.002196
100 10000 5000 0.003638
100 10000 5000 0.006094
100 10000 5000 0.002695
100 10000 5000 0.001812
100 10000 5000 0.003601
100 10000 5000 0.004325
100 10000 5000 0.003209
100 10000 5000 0.000225
100 10000 5000 0.011809
100 10000 5000 0.004905
100 10000 5000 0.003636
100 10000 5000 0.004918
100 10000 5000 0.005817
100 10000 5000 0.009131
100 10000 5000 0.009590
100 10000 5000 0.012788
100 10000 5000 0.000220
100 10000 5000 0.001461
100 10000 5000 0.016168
100 10000 5000 0.002821
100 10000 5000 0.004306
100 10000 5000 0.002751
100 10000 5000 0.011838
100 10000 5000 0.004374
100 10000 5000 0.011814
100 10000 5000 0.004042
100 10000 5000 0.005956
100 10000 5000 0.004339
100 10000 5000 0.010502
100 10000 5000 0.010065
100 10000 5000 0.006764
100 10000 5000 0.002754
100 10000 5000 0.007381
100 10000 5000 0.000230
100 10000 5000 0.009051
100 10000 5000 0.007451
100 10000 5000 0.002659
100 10000 5000 0.016759
100 10000 5000 0.009924
100 10000 5000 0.007826
100 10000 5000 0.008564
100 10000 5000 0.008676
100 10000 5000 0.000216
100 10000 5000 0.000217
100 10000 5000 0.003276
100 10000 5000 0.004307
100 10000 5000 0.002188
100 10000 5000 0.003848
100 10000 5000 0.005883
100 10000 5000 0.001724
100 10000 5000 0.000280
100 10000 5000 0.002674
100 10000 5000 0.004285
100 10000 5000 0.010271
100 10000 5000 0.005101
100 10000 5000 0.012381
100 10000 5000 0.000501
100 10000 5000 0.005458
100 10000 5000 0.009205
100 10000 5000 0.003873
100 10000 5000 0.000234
100 10000 5000 0.000213
100 10000 5000 0.001744
100 10000 5000 0.005779
100 10000 5000 0.003445
100 10000 5000 0.001728
100 10000 5000 0.006161
100 10000 5000 0.010357
100 10000 5000 0.001540
100 10000 5000 0.002746
100 10000 5000 0.002677
100 10000 5000 0.007525
100 10000 5000 0.011697
100 10000 5000 0.001372
100 10000 5000 0.000211
100 10000 5000 0.004293
100 10000 5000 0.010096
100 10000 5000 0.000811
100 10000 5000 0.005825
100 10000 5000 0.008783
100 10000 5000 0.012875
100 10000 5000 0.004705
100 10000 5000 0.005503
100 10000 5000 0.002681
100 10000 5000 0.007840
100 10000 5000 0.007978
100 10000 5000 0.004992
100 10000 5000 0.009836
100 10000 5000 0.005191
100 10000 5000 0.007049
100 10000 5000 0.003785
100 10000 5000 0.000770
