10 10000 5000 0.001710
10 10000 5000 0.046030
10 10000 5000 0.002877
10 10000 5000 0.005021
10 10000 5000 0.003214
10 10000 5000 0.000006
10 10000 5000 0.000004
10 10000 5000 0.004332
10 10000 5000 0.002402
50 10000 5000 0.019002
50 10000 5000 0.000010
50 10000 5000 0.000010
50 10000 5000 0.116286
50 10000 5000 0.156779
50 10000 5000 0.000010
50 10000 5000 0.068998
50 10000 5000 0.017815
50 10000 5000 0.000012
100 10000 5000 0.042102
100 10000 5000 0.003844
100 10000 5000 0.021277
100 10000 5000 0.026207
100 10000 5000 0.010868
100 10000 5000 0.002274
100 10000 5000 0.247233
100 10000 5000 0.000014
100 10000 5000 0.000011
