10 10000 5000 0.000028
10 10000 5000 0.000005
10 10000 5000 0.000004
10 10000 5000 0.011205
10 10000 5000 0.008433
10 10000 5000 0.000864
10 10000 5000 0.007271
10 10000 5000 0.000286
10 10000 5000 0.004421
50 10000 5000 0.015567
50 10000 5000 0.006335
50 10000 5000 0.007239
50 10000 5000 0.123626
50 10000 5000 0.004560
50 10000 5000 0.013988
50 10000 5000 0.000008
50 10000 5000 0.000008
50 10000 5000 0.046172
100 10000 5000 0.041696
100 10000 5000 0.009366
100 10000 5000 0.013179
100 10000 5000 0.036991
100 10000 5000 0.034564
100 10000 5000 0.000009
100 10000 5000 0.025544
100 10000 5000 0.186617
100 10000 5000 0.016744
