10 10000 5000 0.007916
10 10000 5000 0.008165
10 10000 5000 0.002930
10 10000 5000 0.000007
10 10000 5000 0.000006
10 10000 5000 0.004298
10 10000 5000 0.013213
10 10000 5000 0.000006
10 10000 5000 0.007074
50 10000 5000 0.007227
50 10000 5000 0.008391
50 10000 5000 0.003141
50 10000 5000 0.069715
50 10000 5000 0.000012
50 10000 5000 0.007247
50 10000 5000 0.111019
50 10000 5000 0.115325
50 10000 5000 0.070166
100 10000 5000 0.000045
100 10000 5000 0.000013
100 10000 5000 0.000011
100 10000 5000 0.000011
100 10000 5000 0.000012
100 10000 5000 0.036526
100 10000 5000 0.000013
100 10000 5000 0.002484
100 10000 5000 0.222692
