10 10000 5000 0.001956
10 10000 5000 0.010353
10 10000 5000 0.010686
10 10000 5000 0.016698
10 10000 5000 0.009638
10 10000 5000 0.011096
10 10000 5000 0.017096
10 10000 5000 0.003190
10 10000 5000 0.000006
50 10000 5000 0.010770
50 10000 5000 0.022321
50 10000 5000 0.064933
50 10000 5000 0.000012
50 10000 5000 0.003383
50 10000 5000 0.115777
50 10000 5000 0.114426
50 10000 5000 0.106319
50 10000 5000 0.057350
100 10000 5000 0.011088
100 10000 5000 0.026976
100 10000 5000 0.036256
100 10000 5000 0.022572
100 10000 5000 0.026888
100 10000 5000 0.009690
100 10000 5000 0.033214
100 10000 5000 0.183283
100 10000 5000 0.004428
